1000(10000)
1416.400000000  0.007497355
1416.403906250  0.007496208
1416.407812500  0.007525619
1416.411718750  0.007513871
1416.415625000  0.007542742
1416.419531250  0.007467729
1416.423437500  0.007513079
1416.427343750  0.007525783
1416.431250000  0.007537458
1416.435156250  0.007513631
1416.439062500  0.007607157
1416.442968750  0.007480696
1416.446875000  0.007555137
1416.450781250  0.007492775
1416.454687500  0.007522696
1416.458593750  0.007532680
1416.462500000  0.007544390
1416.466406250  0.007511512
1416.470312500  0.007528168
1416.474218750  0.007508088
1416.478125000  0.007552692
1416.482031250  0.007551809
1416.485937500  0.007601540
1416.489843750  0.007533398
1416.493750000  0.007526250
1416.497656250  0.007494058
1416.501562500  0.007522156
1416.505468750  0.007511942
1416.509375000  0.007502777
1416.513281250  0.007539848
1416.517187500  0.007525989
1416.521093750  0.007509714
1416.525000000  0.007487841
1416.528906250  0.007515274
1416.532812500  0.007529332
1416.536718750  0.007494689
1416.540625000  0.007537752
1416.544531250  0.007403195
1416.548437500  0.007472282
1416.552343750  0.007425722
1416.556250000  0.007501234
1416.560156250  0.007476213
1416.564062500  0.007490096
1416.567968750  0.007464285
1416.571875000  0.007423779
1416.575781250  0.007480502
1416.579687500  0.007489612
1416.583593750  0.007543905
1416.587500000  0.007462737
1416.591406250  0.007438049
1416.595312500  0.007542846
1416.599218750  0.007477835
1416.603125000  0.007482009
1416.607031250  0.007435901
1416.610937500  0.007476436
1416.614843750  0.007463495
1416.618750000  0.007526356
1416.622656250  0.007541464
1416.626562500  0.007493831
1416.630468750  0.007588290
1416.634375000  0.007561567
1416.638281250  0.007509089
1416.642187500  0.007584691
1416.646093750  0.007666599
1416.650000000  0.007989955
1416.653906250  0.007830249
1416.657812500  0.007625364
1416.661718750  0.007477578
1416.665625000  0.007572389
1416.669531250  0.007431658
1416.673437500  0.007468521
1416.677343750  0.007519362
1416.681250000  0.007422941
1416.685156250  0.007388909
1416.689062500  0.007418062
1416.692968750  0.007407417
1416.696875000  0.007426295
1416.700781250  0.007393923
1416.704687500  0.007629394
1416.708593750  0.007401067
1416.712500000  0.007353314
1416.716406250  0.007372494
1416.720312500  0.007370679
1416.724218750  0.007399713
1416.728125000  0.007411668
1416.732031250  0.007451132
1416.735937500  0.007395003
1416.739843750  0.007353946
1416.743750000  0.007350098
1416.747656250  0.007406010
1416.751562500  0.007396044
1416.755468750  0.007483753
1416.759375000  0.007928185
1416.763281250  0.007370778
1416.767187500  0.007424214
1416.771093750  0.007382105
1416.775000000  0.007363595
1416.778906250  0.007321075
1416.782812500  0.007367127
1416.786718750  0.007424973
1416.790625000  0.007364761
1416.794531250  0.007273817
1416.798437500  0.007338338
1416.802343750  0.007321257
1416.806250000  0.007419645
1416.810156250  0.007566126
1416.814062500  0.009392512
1416.817968750  0.007446826
1416.821875000  0.007320946
1416.825781250  0.007340245
1416.829687500  0.007264045
1416.833593750  0.007302180
1416.837500000  0.007404780
1416.841406250  0.007352063
1416.845312500  0.007385132
1416.849218750  0.007310123
1416.853125000  0.007395965
1416.857031250  0.007349731
1416.860937500  0.007584135
1416.864843750  0.008475804
1416.868750000  0.026624576
1416.872656250  0.007904102
1416.876562500  0.007445133
1416.880468750  0.007378408
1416.884375000  0.007318884
1416.888281250  0.007297275
1416.892187500  0.007395816
1416.896093750  0.007316391
1416.900000000  0.007310237
1416.903906250  0.007266885
1416.907812500  0.007254662
1416.911718750  0.007297227
1416.915625000  0.007366226
1416.919531250  0.007395133
1416.923437500  0.009612908
1416.927343750  0.007241364
1416.931250000  0.007274858
1416.935156250  0.007202724
1416.939062500  0.007184243
1416.942968750  0.007232654
1416.946875000  0.007213934
1416.950781250  0.007153694
1416.954687500  0.007212320
1416.958593750  0.007128253
1416.962500000  0.007212576
1416.966406250  0.007213322
1416.970312500  0.007222647
1416.974218750  0.007248493
1416.978125000  0.008194882
1416.982031250  0.007139770
1416.985937500  0.007160113
1416.989843750  0.007129300
1416.993750000  0.007173909
1416.997656250  0.007614285
1417.001562500  0.007973784
1417.005468750  0.007212044
1417.009375000  0.007232641
1417.013281250  0.007130848
1417.017187500  0.007160366
1417.021093750  0.007153603
1417.025000000  0.007187315
1417.028906250  0.007164971
1417.032812500  0.008058175
1417.036718750  0.007144783
1417.040625000  0.007052451
1417.044531250  0.007111456
1417.048437500  0.007086519
1417.052343750  0.007119378
1417.056250000  0.007046338
1417.060156250  0.007122590
1417.064062500  0.007089043
1417.067968750  0.007121508
1417.071875000  0.007134143
1417.075781250  0.007219957
1417.079687500  0.007374877
1417.083593750  0.007441603
1417.087500000  0.007864620
1417.091406250  0.007236750
1417.095312500  0.007080153
1417.099218750  0.007179926
1417.103125000  0.007116617
1417.107031250  0.007145176
1417.110937500  0.007109339
1417.114843750  0.007029900
1417.118750000  0.007062198
1417.122656250  0.007017367
1417.126562500  0.007029889
1417.130468750  0.007105878
1417.134375000  0.007034586
1417.138281250  0.007067261
1417.142187500  0.007309579
1417.146093750  0.006958902
1417.150000000  0.006952504
1417.153906250  0.007031831
1417.157812500  0.006951877
1417.161718750  0.006908519
1417.165625000  0.007008939
1417.169531250  0.006993282
1417.173437500  0.007009759
1417.177343750  0.007051667
1417.181250000  0.007024885
1417.185156250  0.006982248
1417.189062500  0.006980640
1417.192968750  0.006980973
1417.196875000  0.007180962
1417.200781250  0.006977960
1417.204687500  0.006950093
1417.208593750  0.006973366
1417.212500000  0.006918908
1417.216406250  0.006950040
1417.220312500  0.007000838
1417.224218750  0.006846045
1417.228125000  0.006931341
1417.232031250  0.006970877
1417.235937500  0.006932531
1417.239843750  0.006881713
1417.243750000  0.006912645
1417.247656250  0.006899577
1417.251562500  0.007107353
1417.255468750  0.006946422
1417.259375000  0.006900011
1417.263281250  0.006926574
1417.267187500  0.006851960
1417.271093750  0.006899505
1417.275000000  0.006929931
1417.278906250  0.006983986
1417.282812500  0.006967546
1417.286718750  0.006944468
1417.290625000  0.006856353
1417.294531250  0.006875780
1417.298437500  0.006949721
1417.302343750  0.006916634
1417.306250000  0.006886872
1417.310156250  0.006921645
1417.314062500  0.006926953
1417.317968750  0.006853291
1417.321875000  0.006847808
1417.325781250  0.006869621
1417.329687500  0.006829480
1417.333593750  0.006890665
1417.337500000  0.006892166
1417.341406250  0.006902358
1417.345312500  0.006869284
1417.349218750  0.006827006
1417.353125000  0.006807778
1417.357031250  0.006850870
1417.360937500  0.006900337
1417.364843750  0.006851683
1417.368750000  0.006859374
1417.372656250  0.006817972
1417.376562500  0.006837077
1417.380468750  0.006797776
1417.384375000  0.006839488
1417.388281250  0.006824445
1417.392187500  0.006842351
1417.396093750  0.006845559
1417.400000000  0.006750270
1417.403906250  0.006787359
1417.407812500  0.006787084
1417.411718750  0.006793343
1417.415625000  0.006886413
1417.419531250  0.006733608
1417.423437500  0.006830735
1417.427343750  0.006751230
1417.431250000  0.006851194
1417.435156250  0.006812690
1417.439062500  0.006845150
1417.442968750  0.006852576
1417.446875000  0.006814162
1417.450781250  0.006787324
1417.454687500  0.006805783
1417.458593750  0.006823558
1417.462500000  0.006863300
1417.466406250  0.006772279
1417.470312500  0.006870450
1417.474218750  0.006816223
1417.478125000  0.006683616
1417.482031250  0.006782101
1417.485937500  0.006806605
1417.489843750  0.006690993
1417.493750000  0.006746385
1417.497656250  0.006735977
1417.501562500  0.006723279
1417.505468750  0.006831007
1417.509375000  0.006796302
1417.513281250  0.006805153
1417.517187500  0.006701900
1417.521093750  0.006734365
1417.525000000  0.006805179
1417.528906250  0.006711896
1417.532812500  0.006789402
1417.536718750  0.006734764
1417.540625000  0.006738283
1417.544531250  0.006811087
1417.548437500  0.006750276
1417.552343750  0.006705193
1417.556250000  0.006711348
1417.560156250  0.006738319
1417.564062500  0.006781822
1417.567968750  0.006743460
1417.571875000  0.006740071
1417.575781250  0.006741347
1417.579687500  0.006698259
1417.583593750  0.006765723
1417.587500000  0.006695295
1417.591406250  0.006665112
1417.595312500  0.006765335
1417.599218750  0.006771361
1417.603125000  0.006681092
1417.607031250  0.006729062
1417.610937500  0.006710443
1417.614843750  0.006725976
1417.618750000  0.006734270
1417.622656250  0.006728131
1417.626562500  0.006683449
1417.630468750  0.006777708
1417.634375000  0.006761004
1417.638281250  0.006646426
1417.642187500  0.006715814
1417.646093750  0.006677534
1417.650000000  0.006755086
1417.653906250  0.006734157
1417.657812500  0.006680838
1417.661718750  0.006762609
1417.665625000  0.006678127
1417.669531250  0.006714151
1417.673437500  0.006730294
1417.677343750  0.006716638
1417.681250000  0.006716874
1417.685156250  0.006725983
1417.689062500  0.006746397
1417.692968750  0.006682293
1417.696875000  0.006621590
1417.700781250  0.006666890
1417.704687500  0.006586993
1417.708593750  0.006695060
1417.712500000  0.006620381
1417.716406250  0.006769275
1417.720312500  0.006654370
1417.724218750  0.006708981
1417.728125000  0.006618741
1417.732031250  0.006714365
1417.735937500  0.006602459
1417.739843750  0.006677991
1417.743750000  0.006707565
1417.747656250  0.006754557
1417.751562500  0.006696997
1417.755468750  0.006648457
1417.759375000  0.006698522
1417.763281250  0.006665468
1417.767187500  0.006663350
1417.771093750  0.006697426
1417.775000000  0.006690772
1417.778906250  0.006588539
1417.782812500  0.006586474
1417.786718750  0.006616131
1417.790625000  0.006658323
1417.794531250  0.006572962
1417.798437500  0.006659687
1417.802343750  0.006644746
1417.806250000  0.006678778
1417.810156250  0.006636725
1417.814062500  0.006661694
1417.817968750  0.006666576
1417.821875000  0.006651789
1417.825781250  0.006589511
1417.829687500  0.006643797
1417.833593750  0.006574583
1417.837500000  0.006549855
1417.841406250  0.006646232
1417.845312500  0.006628253
1417.849218750  0.006607454
1417.853125000  0.006674566
1417.857031250  0.006669654
1417.860937500  0.006615202
1417.864843750  0.006664091
1417.868750000  0.006627322
1417.872656250  0.006621314
1417.876562500  0.006583869
1417.880468750  0.006624699
1417.884375000  0.006662975
1417.888281250  0.006551272
1417.892187500  0.006629119
1417.896093750  0.006597443
1417.900000000  0.006643062
1417.903906250  0.006641272
1417.907812500  0.006619094
1417.911718750  0.006612651
1417.915625000  0.006591386
1417.919531250  0.006661184
1417.923437500  0.006561904
1417.927343750  0.006637294
1417.931250000  0.006611346
1417.935156250  0.006628612
1417.939062500  0.006628156
1417.942968750  0.006563244
1417.946875000  0.006595616
1417.950781250  0.006603946
1417.954687500  0.006589282
1417.958593750  0.006625190
1417.962500000  0.006635900
1417.966406250  0.006568255
1417.970312500  0.006531861
1417.974218750  0.006597933
1417.978125000  0.006599621
1417.982031250  0.006559299
1417.985937500  0.006605483
1417.989843750  0.006596041
1417.993750000  0.006604165
1417.997656250  0.006551138
1418.001562500  0.006614001
1418.005468750  0.006614781
1418.009375000  0.006599447
1418.013281250  0.006614448
1418.017187500  0.006562348
1418.021093750  0.006609064
1418.025000000  0.006569941
1418.028906250  0.006588314
1418.032812500  0.006565726
1418.036718750  0.006577591
1418.040625000  0.006569587
1418.044531250  0.006574790
1418.048437500  0.006607580
1418.052343750  0.006643290
1418.056250000  0.006606517
1418.060156250  0.006592112
1418.064062500  0.006570648
1418.067968750  0.006580030
1418.071875000  0.006595863
1418.075781250  0.006531886
1418.079687500  0.006528961
1418.083593750  0.006584412
1418.087500000  0.006552121
1418.091406250  0.006549818
1418.095312500  0.006527943
1418.099218750  0.006554115
1418.103125000  0.006540472
1418.107031250  0.006550557
1418.110937500  0.006497638
1418.114843750  0.006579659
1418.118750000  0.006553890
1418.122656250  0.006572809
1418.126562500  0.006600311
1418.130468750  0.006576797
1418.134375000  0.006567956
1418.138281250  0.006560789
1418.142187500  0.006575625
1418.146093750  0.006583389
1418.150000000  0.006545314
1418.153906250  0.006583508
1418.157812500  0.006548725
1418.161718750  0.006512398
1418.165625000  0.006579615
1418.169531250  0.006565178
1418.173437500  0.006576939
1418.177343750  0.006472209
1418.181250000  0.006534393
1418.185156250  0.006544039
1418.189062500  0.006482288
1418.192968750  0.006562189
1418.196875000  0.006536623
1418.200781250  0.006547570
1418.204687500  0.006486098
1418.208593750  0.006584703
1418.212500000  0.006490946
1418.216406250  0.006507472
1418.220312500  0.006520978
1418.224218750  0.006574622
1418.228125000  0.006504459
1418.232031250  0.006524812
1418.235937500  0.006518569
1418.239843750  0.006593291
1418.243750000  0.006575096
1418.247656250  0.006579944
1418.251562500  0.006596775
1418.255468750  0.006530407
1418.259375000  0.006508649
1418.263281250  0.006554288
1418.267187500  0.006576579
1418.271093750  0.006504844
1418.275000000  0.006554908
1418.278906250  0.006462365
1418.282812500  0.006465473
1418.286718750  0.006456380
1418.290625000  0.006573138
1418.294531250  0.006520515
1418.298437500  0.006527487
1418.302343750  0.006533524
1418.306250000  0.006481135
1418.310156250  0.006495415
1418.314062500  0.006473693
1418.317968750  0.006443430
1418.321875000  0.006550804
1418.325781250  0.006546664
1418.329687500  0.006551905
1418.333593750  0.006498511
1418.337500000  0.006516578
1418.341406250  0.006500346
1418.345312500  0.006555126
1418.349218750  0.006519605
1418.353125000  0.006544641
1418.357031250  0.006493902
1418.360937500  0.006495434
1418.364843750  0.006604287
1418.368750000  0.006567675
1418.372656250  0.006556892
1418.376562500  0.006499051
1418.380468750  0.006516182
1418.384375000  0.006510410
1418.388281250  0.006500490
1418.392187500  0.006554092
1418.396093750  0.006512904
1418.400000000  0.006544455
1418.403906250  0.006523019
1418.407812500  0.006545724
1418.411718750  0.006547342
1418.415625000  0.006487440
1418.419531250  0.006560097
1418.423437500  0.006554614
1418.427343750  0.006479298
1418.431250000  0.006546171
1418.435156250  0.006553406
1418.439062500  0.006595839
1418.442968750  0.006555346
1418.446875000  0.006532448
1418.450781250  0.006520811
1418.454687500  0.006532477
1418.458593750  0.006539608
1418.462500000  0.006550304
1418.466406250  0.006529926
1418.470312500  0.006479239
1418.474218750  0.006498165
1418.478125000  0.006484531
1418.482031250  0.006507128
1418.485937500  0.006579175
1418.489843750  0.006498381
1418.493750000  0.006534362
1418.497656250  0.006504396
1418.501562500  0.006516339
1418.505468750  0.006497527
1418.509375000  0.006496706
1418.513281250  0.006528159
1418.517187500  0.006560708
1418.521093750  0.006488617
1418.525000000  0.006532130
1418.528906250  0.006523021
1418.532812500  0.006585290
1418.536718750  0.006542130
1418.540625000  0.006502117
1418.544531250  0.006524567
1418.548437500  0.006522420
1418.552343750  0.006523634
1418.556250000  0.006478062
1418.560156250  0.006552618
1418.564062500  0.006534987
1418.567968750  0.006509013
1418.571875000  0.006549313
1418.575781250  0.006537980
1418.579687500  0.006529900
1418.583593750  0.006558050
1418.587500000  0.006451751
1418.591406250  0.006462257
1418.595312500  0.006468179
1418.599218750  0.006505451
1418.603125000  0.006568752
1418.607031250  0.006499086
1418.610937500  0.006478725
1418.614843750  0.006501290
1418.618750000  0.006530631
1418.622656250  0.006564049
1418.626562500  0.006508627
1418.630468750  0.006559102
1418.634375000  0.006483948
1418.638281250  0.006520084
1418.642187500  0.006488875
1418.646093750  0.006495545
1418.650000000  0.006534713
1418.653906250  0.006561215
1418.657812500  0.006558065
1418.661718750  0.006508350
1418.665625000  0.006572983
1418.669531250  0.006547287
1418.673437500  0.006573426
1418.677343750  0.006508669
1418.681250000  0.006486531
1418.685156250  0.006540246
1418.689062500  0.006575930
1418.692968750  0.006538303
1418.696875000  0.006494758
1418.700781250  0.006478102
1418.704687500  0.006561370
1418.708593750  0.006534057
1418.712500000  0.006546102
1418.716406250  0.006573117
1418.720312500  0.006513717
1418.724218750  0.006525719
1418.728125000  0.006557345
1418.732031250  0.006578751
1418.735937500  0.006524791
1418.739843750  0.006586313
1418.743750000  0.006543156
1418.747656250  0.006496132
1418.751562500  0.006561204
1418.755468750  0.006536458
1418.759375000  0.006535256
1418.763281250  0.006502793
1418.767187500  0.006538762
1418.771093750  0.006516930
1418.775000000  0.006539840
1418.778906250  0.006561216
1418.782812500  0.006548823
1418.786718750  0.006567163
1418.790625000  0.006509935
1418.794531250  0.006503631
1418.798437500  0.006509201
1418.802343750  0.006550245
1418.806250000  0.006452224
1418.810156250  0.006500248
1418.814062500  0.006593714
1418.817968750  0.006551693
1418.821875000  0.006628994
1418.825781250  0.006553619
1418.829687500  0.006513271
1418.833593750  0.006532313
1418.837500000  0.006544245
1418.841406250  0.006520007
1418.845312500  0.006521005
1418.849218750  0.006487968
1418.853125000  0.006571953
1418.857031250  0.006514171
1418.860937500  0.006537652
1418.864843750  0.006540283
1418.868750000  0.006605215
1418.872656250  0.006502328
1418.876562500  0.006552747
1418.880468750  0.006510515
1418.884375000  0.006529280
1418.888281250  0.006517831
1418.892187500  0.006587761
1418.896093750  0.006564126
1418.900000000  0.006534641
1418.903906250  0.006581823
1418.907812500  0.006553885
1418.911718750  0.006504533
1418.915625000  0.006647926
1418.919531250  0.006514732
1418.923437500  0.006499013
1418.927343750  0.006558746
1418.931250000  0.006522167
1418.935156250  0.006480769
1418.939062500  0.006492597
1418.942968750  0.006501402
1418.946875000  0.006517857
1418.950781250  0.006574771
1418.954687500  0.006516660
1418.958593750  0.006517422
1418.962500000  0.006534169
1418.966406250  0.006560385
1418.970312500  0.006523604
1418.974218750  0.006541749
1418.978125000  0.006579967
1418.982031250  0.006527622
1418.985937500  0.006516775
1418.989843750  0.006591620
1418.993750000  0.006489383
1418.997656250  0.006516369
1419.001562500  0.006518165
1419.005468750  0.006547247
1419.009375000  0.006538683
1419.013281250  0.006581603
1419.017187500  0.006491216
1419.021093750  0.006538090
1419.025000000  0.006601756
1419.028906250  0.006555368
1419.032812500  0.006559883
1419.036718750  0.006573725
1419.040625000  0.006561744
1419.044531250  0.006570065
1419.048437500  0.006566341
1419.052343750  0.006590852
1419.056250000  0.006622665
1419.060156250  0.006568423
1419.064062500  0.006569502
1419.067968750  0.006564386
1419.071875000  0.006509482
1419.075781250  0.006574462
1419.079687500  0.006575238
1419.083593750  0.006568636
1419.087500000  0.006572816
1419.091406250  0.006499720
1419.095312500  0.006545108
1419.099218750  0.006528410
1419.103125000  0.006529457
1419.107031250  0.006575305
1419.110937500  0.006511175
1419.114843750  0.006595468
1419.118750000  0.006466774
1419.122656250  0.006560654
1419.126562500  0.006532060
1419.130468750  0.006573268
1419.134375000  0.006652552
1419.138281250  0.006611286
1419.142187500  0.006510870
1419.146093750  0.006614941
1419.150000000  0.006478285
1419.153906250  0.006636943
1419.157812500  0.006602239
1419.161718750  0.006513788
1419.165625000  0.006530806
1419.169531250  0.006520405
1419.173437500  0.006499228
1419.177343750  0.006523933
1419.181250000  0.006604549
1419.185156250  0.006515332
1419.189062500  0.006489294
1419.192968750  0.006602367
1419.196875000  0.006539761
1419.200781250  0.006592698
1419.204687500  0.006541945
1419.208593750  0.006560773
1419.212500000  0.006535098
1419.216406250  0.006527947
1419.220312500  0.006600004
1419.224218750  0.006655140
1419.228125000  0.006577735
1419.232031250  0.006510389
1419.235937500  0.006589313
1419.239843750  0.006525065
1419.243750000  0.006548418
1419.247656250  0.006522374
1419.251562500  0.006518117
1419.255468750  0.006509001
1419.259375000  0.006539331
1419.263281250  0.006585253
1419.267187500  0.006535898
1419.271093750  0.006541371
1419.275000000  0.006522358
1419.278906250  0.006572940
1419.282812500  0.006575671
1419.286718750  0.006529566
1419.290625000  0.006525693
1419.294531250  0.006508181
1419.298437500  0.006566797
1419.302343750  0.006494863
1419.306250000  0.006555631
1419.310156250  0.006582328
1419.314062500  0.006543700
1419.317968750  0.006554264
1419.321875000  0.006495307
1419.325781250  0.006519321
1419.329687500  0.006592193
1419.333593750  0.006571087
1419.337500000  0.006533072
1419.341406250  0.006504467
1419.345312500  0.006584970
1419.349218750  0.006516966
1419.353125000  0.006531047
1419.357031250  0.006539369
1419.360937500  0.006492971
1419.364843750  0.006491987
1419.368750000  0.006497908
1419.372656250  0.006551278
1419.376562500  0.006545969
1419.380468750  0.006550834
1419.384375000  0.006553466
1419.388281250  0.006531266
1419.392187500  0.006557766
1419.396093750  0.006589929
1419.400000000  0.006540542
1419.403906250  0.006514919
1419.407812500  0.006567227
1419.411718750  0.006485510
1419.415625000  0.006509069
1419.419531250  0.006616985
1419.423437500  0.006517319
1419.427343750  0.006462498
1419.431250000  0.006541410
1419.435156250  0.006588865
1419.439062500  0.006561884
1419.442968750  0.006493016
1419.446875000  0.006529486
1419.450781250  0.006594427
1419.454687500  0.006552879
1419.458593750  0.006579566
1419.462500000  0.006484355
1419.466406250  0.006558082
1419.470312500  0.006545327
1419.474218750  0.006528419
1419.478125000  0.006549907
1419.482031250  0.006557489
1419.485937500  0.006540679
1419.489843750  0.006510727
1419.493750000  0.006491690
1419.497656250  0.006592863
1419.501562500  0.006510304
1419.505468750  0.006498111
1419.509375000  0.006534153
1419.513281250  0.006524725
1419.517187500  0.006538221
1419.521093750  0.006528026
1419.525000000  0.006559399
1419.528906250  0.006520137
1419.532812500  0.006533364
1419.536718750  0.006598620
1419.540625000  0.006530030
1419.544531250  0.006536613
1419.548437500  0.006567626
1419.552343750  0.006542912
1419.556250000  0.006541589
1419.560156250  0.006558433
1419.564062500  0.006442910
1419.567968750  0.006534373
1419.571875000  0.006572252
1419.575781250  0.006543082
1419.579687500  0.006480583
1419.583593750  0.006563429
1419.587500000  0.006578907
1419.591406250  0.006595173
1419.595312500  0.006498866
1419.599218750  0.006599380
1419.603125000  0.006525009
1419.607031250  0.006590842
1419.610937500  0.006536986
1419.614843750  0.006550093
1419.618750000  0.006548933
1419.622656250  0.006592563
1419.626562500  0.006530075
1419.630468750  0.006587900
1419.634375000  0.006541970
1419.638281250  0.006583097
1419.642187500  0.006594250
1419.646093750  0.006591383
1419.650000000  0.006593230
1419.653906250  0.006522826
1419.657812500  0.006559986
1419.661718750  0.006602190
1419.665625000  0.006611844
1419.669531250  0.006553158
1419.673437500  0.006497837
1419.677343750  0.006539516
1419.681250000  0.006643138
1419.685156250  0.006567132
1419.689062500  0.006577616
1419.692968750  0.006600087
1419.696875000  0.006539140
1419.700781250  0.006591239
1419.704687500  0.006587399
1419.708593750  0.006611491
1419.712500000  0.006590073
1419.716406250  0.006569225
1419.720312500  0.006533215
1419.724218750  0.006549866
1419.728125000  0.006577447
1419.732031250  0.006527496
1419.735937500  0.006543391
1419.739843750  0.006482108
1419.743750000  0.006533206
1419.747656250  0.006574006
1419.751562500  0.006581489
1419.755468750  0.006535586
1419.759375000  0.006550917
1419.763281250  0.006633277
1419.767187500  0.006601828
1419.771093750  0.006584235
1419.775000000  0.006557012
1419.778906250  0.006512695
1419.782812500  0.006542491
1419.786718750  0.006619032
1419.790625000  0.006590936
1419.794531250  0.006504954
1419.798437500  0.006581799
1419.802343750  0.006573587
1419.806250000  0.006601105
1419.810156250  0.006549362
1419.814062500  0.006615226
1419.817968750  0.006573866
1419.821875000  0.006627750
1419.825781250  0.006583514
1419.829687500  0.006632932
1419.833593750  0.006502129
1419.837500000  0.006648759
1419.841406250  0.006618739
1419.845312500  0.006534315
1419.849218750  0.006582209
1419.853125000  0.006565030
1419.857031250  0.006639778
1419.860937500  0.006534683
1419.864843750  0.006611317
1419.868750000  0.006610014
1419.872656250  0.006584436
1419.876562500  0.006622714
1419.880468750  0.006587931
1419.884375000  0.006581914
1419.888281250  0.006622003
1419.892187500  0.006601648
1419.896093750  0.006627112
1419.900000000  0.006533865
1419.903906250  0.006564400
1419.907812500  0.006600743
1419.911718750  0.006593126
1419.915625000  0.006603734
1419.919531250  0.006635017
1419.923437500  0.006568826
1419.927343750  0.006584296
1419.931250000  0.006550717
1419.935156250  0.006548537
1419.939062500  0.006620360
1419.942968750  0.006593294
1419.946875000  0.006615305
1419.950781250  0.006625659
1419.954687500  0.006587362
1419.958593750  0.006605512
1419.962500000  0.006607488
1419.966406250  0.006603180
1419.970312500  0.006504510
1419.974218750  0.006662734
1419.978125000  0.006661706
1419.982031250  0.006676606
1419.985937500  0.006836840
1419.989843750  0.006848969
1419.993750000  0.006682997
1419.997656250  0.006958905
1420.001562500  0.007399886
1420.005468750  0.006693854
1420.009375000  0.006576874
1420.013281250  0.006619570
1420.017187500  0.006662747
1420.021093750  0.006580359
1420.025000000  0.006636645
1420.028906250  0.006587540
1420.032812500  0.006577757
1420.036718750  0.006592985
1420.040625000  0.006593931
1420.044531250  0.006578747
1420.048437500  0.006574865
1420.052343750  0.006551217
1420.056250000  0.006582108
1420.060156250  0.006629081
1420.064062500  0.006618264
1420.067968750  0.006641029
1420.071875000  0.006593336
1420.075781250  0.006564487
1420.079687500  0.006537204
1420.083593750  0.006573067
1420.087500000  0.006625778
1420.091406250  0.006627701
1420.095312500  0.006583596
1420.099218750  0.006630970
1420.103125000  0.006604420
1420.107031250  0.006618911
1420.110937500  0.006639363
1420.114843750  0.006614215
1420.118750000  0.006542630
1420.122656250  0.006606738
1420.126562500  0.006555582
1420.130468750  0.006655351
1420.134375000  0.006575458
1420.138281250  0.006619637
1420.142187500  0.006648028
1420.146093750  0.006618466
1420.150000000  0.006653967
1420.153906250  0.006634099
1420.157812500  0.006608077
1420.161718750  0.006613681
1420.165625000  0.006610675
1420.169531250  0.006609098
1420.173437500  0.006669940
1420.177343750  0.006575788
1420.181250000  0.006583609
1420.185156250  0.006634174
1420.189062500  0.006568486
1420.192968750  0.006627673
1420.196875000  0.006630741
1420.200781250  0.006644310
1420.204687500  0.006669799
1420.208593750  0.006676091
1420.212500000  0.006632763
1420.216406250  0.006673031
1420.220312500  0.006676379
1420.224218750  0.006656654
1420.228125000  0.006617425
1420.232031250  0.006548385
1420.235937500  0.006552590
1420.239843750  0.006565612
1420.243750000  0.006594730
1420.247656250  0.006644909
1420.251562500  0.006617238
1420.255468750  0.006676272
1420.259375000  0.006573911
1420.263281250  0.006587154
1420.267187500  0.006610756
1420.271093750  0.006620656
1420.275000000  0.006637602
1420.278906250  0.006657240
1420.282812500  0.006655622
1420.286718750  0.006667501
1420.290625000  0.006657612
1420.294531250  0.006660902
1420.298437500  0.006713337
1420.302343750  0.006698579
1420.306250000  0.006654934
1420.310156250  0.006598065
1420.314062500  0.006608410
1420.317968750  0.006642560
1420.321875000  0.006617962
1420.325781250  0.006647624
1420.329687500  0.006637751
1420.333593750  0.006569907
1420.337500000  0.006687701
1420.341406250  0.006692750
1420.345312500  0.006694911
1420.349218750  0.006631269
1420.353125000  0.006667289
1420.357031250  0.006711603
1420.360937500  0.006768715
1420.364843750  0.006731073
1420.368750000  0.006754464
1420.372656250  0.006680611
1420.376562500  0.006692093
1420.380468750  0.006743272
1420.384375000  0.006696574
1420.388281250  0.006790832
1420.392187500  0.006785768
1420.396093750  0.006850440
1420.400000000  0.007589459
1420.403906250  0.006796921
1420.407812500  0.006841548
1420.411718750  0.006800534
1420.415625000  0.006762348
1420.419531250  0.006757157
1420.423437500  0.006761615
1420.427343750  0.006800331
1420.431250000  0.006691222
1420.435156250  0.006746299
1420.439062500  0.006775064
1420.442968750  0.006794908
1420.446875000  0.006773329
1420.450781250  0.006750433
1420.454687500  0.006782744
1420.458593750  0.006801400
1420.462500000  0.006780124
1420.466406250  0.006790842
1420.470312500  0.006781242
1420.474218750  0.006763702
1420.478125000  0.006826783
1420.482031250  0.006826890
1420.485937500  0.006840657
1420.489843750  0.006853475
1420.493750000  0.006905000
1420.497656250  0.006859656
1420.501562500  0.006868573
1420.505468750  0.006877376
1420.509375000  0.006855329
1420.513281250  0.006766478
1420.517187500  0.006801243
1420.521093750  0.006845813
1420.525000000  0.006775821
1420.528906250  0.006771346
1420.532812500  0.006805246
1420.536718750  0.006756799
1420.540625000  0.006698035
1420.544531250  0.006677379
1420.548437500  0.006703591
1420.552343750  0.006671604
1420.556250000  0.006682515
1420.560156250  0.006653974
1420.564062500  0.006661715
1420.567968750  0.006654057
1420.571875000  0.006631942
1420.575781250  0.006632973
1420.579687500  0.006666388
1420.583593750  0.006640965
1420.587500000  0.006607733
1420.591406250  0.006604052
1420.595312500  0.006649272
1420.599218750  0.006603472
1420.603125000  0.006576107
1420.607031250  0.006623561
1420.610937500  0.006599166
1420.614843750  0.006640991
1420.618750000  0.006629174
1420.622656250  0.006576926
1420.626562500  0.006653828
1420.630468750  0.006648746
1420.634375000  0.006568816
1420.638281250  0.006609932
1420.642187500  0.006617014
1420.646093750  0.006557961
1420.650000000  0.006620322
1420.653906250  0.006560200
1420.657812500  0.006583182
1420.661718750  0.006529923
1420.665625000  0.006604253
1420.669531250  0.006603678
1420.673437500  0.006619146
1420.677343750  0.006623436
1420.681250000  0.006586133
1420.685156250  0.006617704
1420.689062500  0.006588280
1420.692968750  0.006587543
1420.696875000  0.006622225
1420.700781250  0.006580552
1420.704687500  0.006581490
1420.708593750  0.006557098
1420.712500000  0.006585931
1420.716406250  0.006654740
1420.720312500  0.006605628
1420.724218750  0.006622917
1420.728125000  0.006604434
1420.732031250  0.006610828
1420.735937500  0.006601425
1420.739843750  0.006580677
1420.743750000  0.006579286
1420.747656250  0.006585742
1420.751562500  0.006527951
1420.755468750  0.006591904
1420.759375000  0.006621552
1420.763281250  0.006577783
1420.767187500  0.006602597
1420.771093750  0.006513145
1420.775000000  0.006534260
1420.778906250  0.006592030
1420.782812500  0.006562064
1420.786718750  0.006588082
1420.790625000  0.006594994
1420.794531250  0.006540839
1420.798437500  0.006593667
1420.802343750  0.006591649
1420.806250000  0.006572872
1420.810156250  0.006605069
1420.814062500  0.006598915
1420.817968750  0.006597471
1420.821875000  0.006489546
1420.825781250  0.006594258
1420.829687500  0.006605170
1420.833593750  0.006636954
1420.837500000  0.006541593
1420.841406250  0.006592690
1420.845312500  0.006584164
1420.849218750  0.006533126
1420.853125000  0.006600565
1420.857031250  0.006588867
1420.860937500  0.006546856
1420.864843750  0.006550086
1420.868750000  0.006648767
1420.872656250  0.006561466
1420.876562500  0.006565371
1420.880468750  0.006581730
1420.884375000  0.006581581
1420.888281250  0.006556318
1420.892187500  0.006554013
1420.896093750  0.006610309
1420.900000000  0.006612872
1420.903906250  0.006578729
1420.907812500  0.006522089
1420.911718750  0.006606653
1420.915625000  0.006537085
1420.919531250  0.006634198
1420.923437500  0.006572350
1420.927343750  0.006552881
1420.931250000  0.006598958
1420.935156250  0.006560892
1420.939062500  0.006551626
1420.942968750  0.006578984
1420.946875000  0.006509424
1420.950781250  0.006603079
1420.954687500  0.006553079
1420.958593750  0.006554169
1420.962500000  0.006578004
1420.966406250  0.006573849
1420.970312500  0.006556452
1420.974218750  0.006540983
1420.978125000  0.006573402
1420.982031250  0.006572164
1420.985937500  0.006595058
1420.989843750  0.006526023
1420.993750000  0.006554382
1420.997656250  0.006557795
1421.001562500  0.006565101
1421.005468750  0.006519156
1421.009375000  0.006600561
1421.013281250  0.006585555
1421.017187500  0.006550335
1421.021093750  0.006589367
1421.025000000  0.006574329
1421.028906250  0.006616726
1421.032812500  0.006570209
1421.036718750  0.006471220
1421.040625000  0.006582845
1421.044531250  0.006535689
1421.048437500  0.006619061
1421.052343750  0.006512055
1421.056250000  0.006511328
1421.060156250  0.006612279
1421.064062500  0.006567904
1421.067968750  0.006580549
1421.071875000  0.006575783
1421.075781250  0.006545788
1421.079687500  0.006615898
1421.083593750  0.006573013
1421.087500000  0.006520374
1421.091406250  0.006550337
1421.095312500  0.006519990
1421.099218750  0.006624941
1421.103125000  0.006630846
1421.107031250  0.006568688
1421.110937500  0.006638434
1421.114843750  0.006560978
1421.118750000  0.006550907
1421.122656250  0.006621777
1421.126562500  0.006515388
1421.130468750  0.006582143
1421.134375000  0.006550564
1421.138281250  0.006558203
1421.142187500  0.006539590
1421.146093750  0.006555320
1421.150000000  0.006503591
1421.153906250  0.006615989
1421.157812500  0.006665879
1421.161718750  0.006620007
1421.165625000  0.006589162
1421.169531250  0.006553761
1421.173437500  0.006539642
1421.177343750  0.006557954
1421.181250000  0.006553713
1421.185156250  0.006565870
1421.189062500  0.006570904
1421.192968750  0.006651047
1421.196875000  0.006575627
1421.200781250  0.006508482
1421.204687500  0.006564208
1421.208593750  0.006613364
1421.212500000  0.006582179
1421.216406250  0.006535067
1421.220312500  0.006655951
1421.224218750  0.006563491
1421.228125000  0.006582490
1421.232031250  0.006572704
1421.235937500  0.006519261
1421.239843750  0.006536812
1421.243750000  0.006586574
1421.247656250  0.006566528
1421.251562500  0.006636460
1421.255468750  0.006600525
1421.259375000  0.006617919
1421.263281250  0.006589813
1421.267187500  0.006539845
1421.271093750  0.006574994
1421.275000000  0.006601528
1421.278906250  0.006586224
1421.282812500  0.006570473
1421.286718750  0.006632729
1421.290625000  0.006545345
1421.294531250  0.006536776
1421.298437500  0.006584430
1421.302343750  0.006590957
1421.306250000  0.006542495
1421.310156250  0.006571739
1421.314062500  0.006564297
1421.317968750  0.006604763
1421.321875000  0.006544471
1421.325781250  0.006552237
1421.329687500  0.006573843
1421.333593750  0.006573844
1421.337500000  0.006619378
1421.341406250  0.006619979
1421.345312500  0.006567065
1421.349218750  0.006583601
1421.353125000  0.006522249
1421.357031250  0.006596919
1421.360937500  0.006564895
1421.364843750  0.006583654
1421.368750000  0.006566475
1421.372656250  0.006541324
1421.376562500  0.006526529
1421.380468750  0.006590959
1421.384375000  0.006559083
1421.388281250  0.006575715
1421.392187500  0.006571986
1421.396093750  0.006585425
1421.400000000  0.006579483
1421.403906250  0.006542984
1421.407812500  0.006579264
1421.411718750  0.006598915
1421.415625000  0.006548581
1421.419531250  0.006593884
1421.423437500  0.006492391
1421.427343750  0.006605398
1421.431250000  0.006530958
1421.435156250  0.006569005
1421.439062500  0.006535551
1421.442968750  0.006578766
1421.446875000  0.006606428
1421.450781250  0.006620633
1421.454687500  0.006517060
1421.458593750  0.006513014
1421.462500000  0.006507176
1421.466406250  0.006534676
1421.470312500  0.006597209
1421.474218750  0.006581910
1421.478125000  0.006577155
1421.482031250  0.006631919
1421.485937500  0.006557207
1421.489843750  0.006544686
1421.493750000  0.006589920
1421.497656250  0.006610511
1421.501562500  0.006512764
1421.505468750  0.006600620
1421.509375000  0.006632578
1421.513281250  0.006535019
1421.517187500  0.006590073
1421.521093750  0.006633987
1421.525000000  0.006568849
1421.528906250  0.006508476
1421.532812500  0.006589654
1421.536718750  0.006614949
1421.540625000  0.006607986
1421.544531250  0.006629081
1421.548437500  0.006600647
1421.552343750  0.006530637
1421.556250000  0.006592972
1421.560156250  0.006568787
1421.564062500  0.006579338
1421.567968750  0.006609206
1421.571875000  0.006528411
1421.575781250  0.006571076
1421.579687500  0.006613540
1421.583593750  0.006623464
1421.587500000  0.006564724
1421.591406250  0.006574573
1421.595312500  0.006584353
1421.599218750  0.006570484
1421.603125000  0.006552408
1421.607031250  0.006579656
1421.610937500  0.006606575
1421.614843750  0.006542095
1421.618750000  0.006530061
1421.622656250  0.006566666
1421.626562500  0.006596561
1421.630468750  0.006556125
1421.634375000  0.006596766
1421.638281250  0.006614716
1421.642187500  0.006525237
1421.646093750  0.006586874
1421.650000000  0.006545669
1421.653906250  0.006540372
1421.657812500  0.006618208
1421.661718750  0.006578382
1421.665625000  0.006578808
1421.669531250  0.006559806
1421.673437500  0.006567104
1421.677343750  0.006516778
1421.681250000  0.006588287
1421.685156250  0.006587647
1421.689062500  0.006578540
1421.692968750  0.006562509
1421.696875000  0.006563315
1421.700781250  0.006611192
1421.704687500  0.006626450
1421.708593750  0.006633531
1421.712500000  0.006590367
1421.716406250  0.006624502
1421.720312500  0.006626056
1421.724218750  0.006607254
1421.728125000  0.006600285
1421.732031250  0.006560173
1421.735937500  0.006604426
1421.739843750  0.006539587
1421.743750000  0.006623242
1421.747656250  0.006608381
1421.751562500  0.006571387
1421.755468750  0.006572324
1421.759375000  0.006602017
1421.763281250  0.006632865
1421.767187500  0.006549821
1421.771093750  0.006649710
1421.775000000  0.006562377
1421.778906250  0.006601035
1421.782812500  0.006535344
1421.786718750  0.006608948
1421.790625000  0.006570482
1421.794531250  0.006532748
1421.798437500  0.006604284
1421.802343750  0.006557089
1421.806250000  0.006572571
1421.810156250  0.006634624
1421.814062500  0.006566867
1421.817968750  0.006597843
1421.821875000  0.006579703
1421.825781250  0.006626678
1421.829687500  0.006548377
1421.833593750  0.006561649
1421.837500000  0.006525705
1421.841406250  0.006549053
1421.845312500  0.006611247
1421.849218750  0.006614964
1421.853125000  0.006524509
1421.857031250  0.006571866
1421.860937500  0.006588186
1421.864843750  0.006624368
1421.868750000  0.006555941
1421.872656250  0.006560830
1421.876562500  0.006634438
1421.880468750  0.006549171
1421.884375000  0.006658561
1421.888281250  0.006573833
1421.892187500  0.006552011
1421.896093750  0.006603643
1421.900000000  0.006595738
1421.903906250  0.006544545
1421.907812500  0.006587778
1421.911718750  0.006562182
1421.915625000  0.006563832
1421.919531250  0.006521029
1421.923437500  0.006533872
1421.927343750  0.006663109
1421.931250000  0.006542110
1421.935156250  0.006622249
1421.939062500  0.006585780
1421.942968750  0.006565587
1421.946875000  0.006622901
1421.950781250  0.006533209
1421.954687500  0.006604567
1421.958593750  0.006623172
1421.962500000  0.006603119
1421.966406250  0.006574083
1421.970312500  0.006543833
1421.974218750  0.006604385
1421.978125000  0.006583247
1421.982031250  0.006526541
1421.985937500  0.006639129
1421.989843750  0.006666304
1421.993750000  0.006559562
1421.997656250  0.006579182
1422.001562500  0.006545180
1422.005468750  0.006648907
1422.009375000  0.006548314
1422.013281250  0.006561311
1422.017187500  0.006530592
1422.021093750  0.006602947
1422.025000000  0.006567277
1422.028906250  0.006582937
1422.032812500  0.006594132
1422.036718750  0.006523054
1422.040625000  0.006578962
1422.044531250  0.006556759
1422.048437500  0.006518676
1422.052343750  0.006562961
1422.056250000  0.006635438
1422.060156250  0.006619890
1422.064062500  0.006585765
1422.067968750  0.006577950
1422.071875000  0.006559242
1422.075781250  0.006577820
1422.079687500  0.006561004
1422.083593750  0.006550663
1422.087500000  0.006501267
1422.091406250  0.006573131
1422.095312500  0.006542445
1422.099218750  0.006517146
1422.103125000  0.006579886
1422.107031250  0.006580543
1422.110937500  0.006550473
1422.114843750  0.006565342
1422.118750000  0.006518741
1422.122656250  0.006531935
1422.126562500  0.006568393
1422.130468750  0.006553415
1422.134375000  0.006569759
1422.138281250  0.006558557
1422.142187500  0.006609459
1422.146093750  0.006599544
1422.150000000  0.006546727
1422.153906250  0.006578024
1422.157812500  0.006548862
1422.161718750  0.006551433
1422.165625000  0.006553122
1422.169531250  0.006594843
1422.173437500  0.006605033
1422.177343750  0.006590515
1422.181250000  0.006549362
1422.185156250  0.006586662
1422.189062500  0.006557248
1422.192968750  0.006507708
1422.196875000  0.006546449
1422.200781250  0.006582896
1422.204687500  0.006549709
1422.208593750  0.006547554
1422.212500000  0.006572666
1422.216406250  0.006621462
1422.220312500  0.006540974
1422.224218750  0.006588785
1422.228125000  0.006484685
1422.232031250  0.006576149
1422.235937500  0.006506100
1422.239843750  0.006548618
1422.243750000  0.006572054
1422.247656250  0.006534699
1422.251562500  0.006534242
1422.255468750  0.006560373
1422.259375000  0.006610690
1422.263281250  0.006519379
1422.267187500  0.006459915
1422.271093750  0.006570425
1422.275000000  0.006507273
1422.278906250  0.006509613
1422.282812500  0.006562708
1422.286718750  0.006508324
1422.290625000  0.006555024
1422.294531250  0.006591238
1422.298437500  0.006571274
1422.302343750  0.006563466
1422.306250000  0.006493010
1422.310156250  0.006552511
1422.314062500  0.006527084
1422.317968750  0.006556672
1422.321875000  0.006585775
1422.325781250  0.006500216
1422.329687500  0.006506174
1422.333593750  0.006502624
1422.337500000  0.006541260
1422.341406250  0.006531072
1422.345312500  0.006541248
1422.349218750  0.006556950
1422.353125000  0.006494322
1422.357031250  0.006534061
1422.360937500  0.006496493
1422.364843750  0.006550470
1422.368750000  0.006546104
1422.372656250  0.006551847
1422.376562500  0.006480757
1422.380468750  0.006529769
1422.384375000  0.006526550
1422.388281250  0.006473133
1422.392187500  0.006516062
1422.396093750  0.006615057
1422.400000000  0.006594475
1422.403906250  0.006527477
1422.407812500  0.006529882
1422.411718750  0.006538760
1422.415625000  0.006523222
1422.419531250  0.006488216
1422.423437500  0.006622958
1422.427343750  0.006530585
1422.431250000  0.006503078
1422.435156250  0.006548703
1422.439062500  0.006534589
1422.442968750  0.006505889
1422.446875000  0.006522903
1422.450781250  0.006519473
1422.454687500  0.006536512
1422.458593750  0.006535257
1422.462500000  0.006628211
1422.466406250  0.006589653
1422.470312500  0.006588744
1422.474218750  0.006532885
1422.478125000  0.006519701
1422.482031250  0.006514245
1422.485937500  0.006534712
1422.489843750  0.006546941
1422.493750000  0.006578237
1422.497656250  0.006563812
1422.501562500  0.006518332
1422.505468750  0.006627734
1422.509375000  0.006569145
1422.513281250  0.006556671
1422.517187500  0.006553638
1422.521093750  0.006547565
1422.525000000  0.006541027
1422.528906250  0.006581803
1422.532812500  0.006657412
1422.536718750  0.006564405
1422.540625000  0.006565644
1422.544531250  0.006568506
1422.548437500  0.006668407
1422.552343750  0.006561059
1422.556250000  0.006559508
1422.560156250  0.006597412
1422.564062500  0.006601622
1422.567968750  0.006612208
1422.571875000  0.006607105
1422.575781250  0.006574903
1422.579687500  0.006541806
1422.583593750  0.006597124
1422.587500000  0.006601964
1422.591406250  0.006571721
1422.595312500  0.006598833
1422.599218750  0.006601293
1422.603125000  0.006589006
1422.607031250  0.006606759
1422.610937500  0.006613193
1422.614843750  0.006577574
1422.618750000  0.006575160
1422.622656250  0.006566000
1422.626562500  0.006529646
1422.630468750  0.006610356
1422.634375000  0.006595826
1422.638281250  0.006558886
1422.642187500  0.006574046
1422.646093750  0.006627409
1422.650000000  0.006621153
1422.653906250  0.006610809
1422.657812500  0.006550421
1422.661718750  0.006603946
1422.665625000  0.006619212
1422.669531250  0.006614391
1422.673437500  0.006595573
1422.677343750  0.006627509
1422.681250000  0.006619845
1422.685156250  0.006579774
1422.689062500  0.006604119
1422.692968750  0.006626749
1422.696875000  0.006571113
1422.700781250  0.006618264
1422.704687500  0.006553949
1422.708593750  0.006565311
1422.712500000  0.006594799
1422.716406250  0.006605525
1422.720312500  0.006527036
1422.724218750  0.006657806
1422.728125000  0.006593272
1422.732031250  0.006622464
1422.735937500  0.006602514
1422.739843750  0.006598097
1422.743750000  0.006673114
1422.747656250  0.006558041
1422.751562500  0.006634960
1422.755468750  0.006580585
1422.759375000  0.006630394
1422.763281250  0.006566119
1422.767187500  0.006600242
1422.771093750  0.006663652
1422.775000000  0.006569807
1422.778906250  0.006603739
1422.782812500  0.006616972
1422.786718750  0.006590033
1422.790625000  0.006615095
1422.794531250  0.006628175
1422.798437500  0.006712346
1422.802343750  0.006663199
1422.806250000  0.006586121
1422.810156250  0.006622637
1422.814062500  0.006650737
1422.817968750  0.006631525
1422.821875000  0.006595941
1422.825781250  0.006622291
1422.829687500  0.006637960
1422.833593750  0.006652047
1422.837500000  0.006658052
1422.841406250  0.006618641
1422.845312500  0.006658884
1422.849218750  0.006623875
1422.853125000  0.006626005
1422.857031250  0.006632222
1422.860937500  0.006545380
1422.864843750  0.006610005
1422.868750000  0.006607341
1422.872656250  0.006649858
1422.876562500  0.006634216
1422.880468750  0.006595265
1422.884375000  0.006580312
1422.888281250  0.006591073
1422.892187500  0.006641838
1422.896093750  0.006571103
1422.900000000  0.006571059
1422.903906250  0.006681587
1422.907812500  0.006628945
1422.911718750  0.006555206
1422.915625000  0.006583662
1422.919531250  0.006589639
1422.923437500  0.006604071
1422.927343750  0.006709255
1422.931250000  0.006682437
1422.935156250  0.006540626
1422.939062500  0.006628325
1422.942968750  0.006673443
1422.946875000  0.006682899
1422.950781250  0.006632603
1422.954687500  0.006694332
1422.958593750  0.006613364
1422.962500000  0.006673204
1422.966406250  0.006595496
1422.970312500  0.006671818
1422.974218750  0.006675865
1422.978125000  0.006597218
1422.982031250  0.006659239
1422.985937500  0.006629097
1422.989843750  0.006714532
1422.993750000  0.006646282
1422.997656250  0.006642186
1423.001562500  0.006699296
1423.005468750  0.006671108
1423.009375000  0.006614538
1423.013281250  0.006623858
1423.017187500  0.006723601
1423.021093750  0.006604713
1423.025000000  0.006651312
1423.028906250  0.006629267
1423.032812500  0.006612488
1423.036718750  0.006678906
1423.040625000  0.006665609
1423.044531250  0.006642504
1423.048437500  0.006624658
1423.052343750  0.006680384
1423.056250000  0.006668880
1423.060156250  0.006624240
1423.064062500  0.006641674
1423.067968750  0.006636252
1423.071875000  0.006642722
1423.075781250  0.006660960
1423.079687500  0.006754589
1423.083593750  0.006663293
1423.087500000  0.006721869
1423.091406250  0.006659117
1423.095312500  0.006641027
1423.099218750  0.006646080
1423.103125000  0.006651964
1423.107031250  0.006673446
1423.110937500  0.006639181
1423.114843750  0.006632688
1423.118750000  0.006683236
1423.122656250  0.006677993
1423.126562500  0.006744450
1423.130468750  0.006801562
1423.134375000  0.006686557
1423.138281250  0.006665846
1423.142187500  0.006702520
1423.146093750  0.006726054
1423.150000000  0.006728941
1423.153906250  0.006701315
1423.157812500  0.006721649
1423.161718750  0.006680764
1423.165625000  0.006684801
1423.169531250  0.006742518
1423.173437500  0.006649902
1423.177343750  0.006688546
1423.181250000  0.006712110
1423.185156250  0.006742727
1423.189062500  0.006729583
1423.192968750  0.006781973
1423.196875000  0.006693906
1423.200781250  0.006714648
1423.204687500  0.006678102
1423.208593750  0.006650379
1423.212500000  0.006706022
1423.216406250  0.006775147
1423.220312500  0.006676944
1423.224218750  0.006721794
1423.228125000  0.006769393
1423.232031250  0.006710817
1423.235937500  0.006751329
1423.239843750  0.006672307
1423.243750000  0.006687496
1423.247656250  0.006749475
1423.251562500  0.006802793
1423.255468750  0.006675305
1423.259375000  0.006757258
1423.263281250  0.006733295
1423.267187500  0.006718045
1423.271093750  0.006780478
1423.275000000  0.006770639
1423.278906250  0.006723722
1423.282812500  0.006695083
1423.286718750  0.006756240
1423.290625000  0.006756430
1423.294531250  0.006757258
1423.298437500  0.006794849
1423.302343750  0.006745137
1423.306250000  0.006735639
1423.310156250  0.006791038
1423.314062500  0.006760431
1423.317968750  0.006794061
1423.321875000  0.006818395
1423.325781250  0.006771267
1423.329687500  0.006779679
1423.333593750  0.006809232
1423.337500000  0.006769873
1423.341406250  0.006732898
1423.345312500  0.006777053
1423.349218750  0.006727114
1423.353125000  0.006779704
1423.357031250  0.006800643
1423.360937500  0.006688834
1423.364843750  0.006780014
1423.368750000  0.006765849
1423.372656250  0.006818860
1423.376562500  0.006801545
1423.380468750  0.006842064
1423.384375000  0.006786970
1423.388281250  0.006775601
1423.392187500  0.006838033
1423.396093750  0.006800353
1423.400000000  0.006802302
1423.403906250  0.006759250
1423.407812500  0.006772464
1423.411718750  0.006801798
1423.415625000  0.006772624
1423.419531250  0.006811384
1423.423437500  0.006827430
1423.427343750  0.006876374
1423.431250000  0.006831500
1423.435156250  0.006838445
1423.439062500  0.006823976
1423.442968750  0.006825764
1423.446875000  0.006881990
1423.450781250  0.006832652
1423.454687500  0.006839734
1423.458593750  0.006849411
1423.462500000  0.006855555
1423.466406250  0.006832022
1423.470312500  0.006877355
1423.474218750  0.006860591
1423.478125000  0.006801717
1423.482031250  0.006841670
1423.485937500  0.006873238
1423.489843750  0.006886774
1423.493750000  0.006883600
1423.497656250  0.006875896
1423.501562500  0.006884952
1423.505468750  0.006892879
1423.509375000  0.006891872
1423.513281250  0.006870392
1423.517187500  0.006929970
1423.521093750  0.006844774
1423.525000000  0.006831317
1423.528906250  0.006916774
1423.532812500  0.006825867
1423.536718750  0.006827801
1423.540625000  0.006930360
1423.544531250  0.006830053
1423.548437500  0.006855969
1423.552343750  0.006828542
1423.556250000  0.006920741
1423.560156250  0.006971980
1423.564062500  0.006931680
1423.567968750  0.006898949
1423.571875000  0.006844457
1423.575781250  0.006912611
1423.579687500  0.006949102
1423.583593750  0.006959814
1423.587500000  0.006920752
1423.591406250  0.006928592
1423.595312500  0.006916810
1423.599218750  0.006926809
1423.603125000  0.006926948
1423.607031250  0.006993318
1423.610937500  0.006922908
1423.614843750  0.006946908
1423.618750000  0.006979505
1423.622656250  0.006933503
1423.626562500  0.006920152
1423.630468750  0.006937039
1423.634375000  0.006975246
1423.638281250  0.006970428
1423.642187500  0.006912685
1423.646093750  0.006959602
1423.650000000  0.006963630
1423.653906250  0.006984199
1423.657812500  0.006970728
1423.661718750  0.006893767
1423.665625000  0.007004435
1423.669531250  0.007050861
1423.673437500  0.007023269
1423.677343750  0.007036622
1423.681250000  0.007062271
1423.685156250  0.006953528
1423.689062500  0.007050201
1423.692968750  0.006967508
1423.696875000  0.007036729
1423.700781250  0.007030007
1423.704687500  0.007015473
1423.708593750  0.007034158
1423.712500000  0.007093612
1423.716406250  0.007013688
1423.720312500  0.006971883
1423.724218750  0.007037193
1423.728125000  0.007071260
1423.732031250  0.006998443
1423.735937500  0.007017832
1423.739843750  0.007081486
1423.743750000  0.007031348
1423.747656250  0.007042876
1423.751562500  0.007028351
1423.755468750  0.007136279
1423.759375000  0.007032600
1423.763281250  0.007109162
1423.767187500  0.007049405
1423.771093750  0.007077509
1423.775000000  0.007116090
1423.778906250  0.007103586
1423.782812500  0.007047899
1423.786718750  0.007078298
1423.790625000  0.007093989
1423.794531250  0.007088804
1423.798437500  0.007094157
1423.802343750  0.007153883
1423.806250000  0.007073331
1423.810156250  0.007138112
1423.814062500  0.007185017
1423.817968750  0.007113273
1423.821875000  0.007161225
1423.825781250  0.007159973
1423.829687500  0.007197066
1423.833593750  0.007120650
1423.837500000  0.007150827
1423.841406250  0.007107047
1423.845312500  0.007227502
1423.849218750  0.007075071
1423.853125000  0.007166386
1423.857031250  0.007181872
1423.860937500  0.007191164
1423.864843750  0.007167269
1423.868750000  0.007211936
1423.872656250  0.007103858
1423.876562500  0.007160430
1423.880468750  0.007177353
1423.884375000  0.007150208
1423.888281250  0.007167877
1423.892187500  0.007161726
1423.896093750  0.007095459
1423.900000000  0.007236934
1423.903906250  0.007105377
1423.907812500  0.007171424
1423.911718750  0.007202681
1423.915625000  0.007233162
1423.919531250  0.007218354
1423.923437500  0.007212958
1423.927343750  0.007153993
1423.931250000  0.007140890
1423.935156250  0.007181508
1423.939062500  0.007194642
1423.942968750  0.007270664
1423.946875000  0.007263439
1423.950781250  0.007265627
1423.954687500  0.007212894
1423.958593750  0.007246496
1423.962500000  0.007235304
1423.966406250  0.007299550
1423.970312500  0.007180093
1423.974218750  0.007282965
1423.978125000  0.007271077
1423.982031250  0.007289520
1423.985937500  0.007837511
1423.989843750  0.007984365
1423.993750000  0.007505745
1423.997656250  0.008126794
1424.001562500  0.008996892
1424.005468750  0.007454945
1424.009375000  0.007430626
1424.013281250  0.007349502
1424.017187500  0.007325369
1424.021093750  0.007261205
1424.025000000  0.007277826
1424.028906250  0.007306229
1424.032812500  0.007405701
1424.036718750  0.007342744
1424.040625000  0.007319392
1424.044531250  0.007335295
1424.048437500  0.007342702
1424.052343750  0.007332992
1424.056250000  0.007372905
1424.060156250  0.007342694
1424.064062500  0.007294636
1424.067968750  0.007352853
1424.071875000  0.007304111
1424.075781250  0.007289221
1424.079687500  0.007358522
1424.083593750  0.007395944
1424.087500000  0.007312698
1424.091406250  0.007354321
1424.095312500  0.007308526
1424.099218750  0.007391607
1424.103125000  0.007341151
1424.107031250  0.007469263
1424.110937500  0.007429179
1424.114843750  0.007404585
1424.118750000  0.007409814
1424.122656250  0.007430337
1424.126562500  0.007382356
1424.130468750  0.007377202
1424.134375000  0.007398215
1424.138281250  0.007327813
1424.142187500  0.007509565
1424.146093750  0.007455576
1424.150000000  0.007441786
1424.153906250  0.007454056
1424.157812500  0.007472134
1424.161718750  0.007422296
1424.165625000  0.007467516
1424.169531250  0.007435144
1424.173437500  0.007417529
1424.177343750  0.007456562
1424.181250000  0.007485423
1424.185156250  0.007441201
1424.189062500  0.007545817
1424.192968750  0.007425847
1424.196875000  0.007507325
1424.200781250  0.007459304
1424.204687500  0.007502854
1424.208593750  0.007519869
1424.212500000  0.007517758
1424.216406250  0.007487944
1424.220312500  0.007457034
1424.224218750  0.007535904
1424.228125000  0.007506963
1424.232031250  0.007530649
1424.235937500  0.007438052
1424.239843750  0.007537208
1424.243750000  0.007468554
1424.247656250  0.007555860
1424.251562500  0.007575216
1424.255468750  0.007598328
1424.259375000  0.007562666
1424.263281250  0.007514339
1424.267187500  0.007504662
1424.271093750  0.007508055
1424.275000000  0.007523701
1424.278906250  0.007553787
1424.282812500  0.007469899
1424.286718750  0.007523987
1424.290625000  0.007512087
1424.294531250  0.007489785
1424.298437500  0.007568742
1424.302343750  0.007527136
1424.306250000  0.007462368
1424.310156250  0.007502673
1424.314062500  0.007580700
1424.317968750  0.007493821
1424.321875000  0.007565234
1424.325781250  0.007513860
1424.329687500  0.007510554
1424.333593750  0.007438663
1424.337500000  0.007473266
1424.341406250  0.007426301
1424.345312500  0.007486964
1424.349218750  0.007492670
1424.353125000  0.007562950
1424.357031250  0.007443058
1424.360937500  0.007544126
1424.364843750  0.007509960
1424.368750000  0.007469922
1424.372656250  0.007612464
1424.376562500  0.007499522
1424.380468750  0.007490310
1424.384375000  0.007494917
1424.388281250  0.007512128
1424.392187500  0.007494199
1424.396093750  0.007475970

