1000(10000)
1416.400000000  0.006984834
1416.403906250  0.006919705
1416.407812500  0.007005505
1416.411718750  0.006907892
1416.415625000  0.006968621
1416.419531250  0.007073622
1416.423437500  0.006945323
1416.427343750  0.007145817
1416.431250000  0.006976213
1416.435156250  0.007021627
1416.439062500  0.007102236
1416.442968750  0.006959357
1416.446875000  0.006926116
1416.450781250  0.007035676
1416.454687500  0.006974093
1416.458593750  0.006938729
1416.462500000  0.006945858
1416.466406250  0.006998904
1416.470312500  0.006859983
1416.474218750  0.007026423
1416.478125000  0.006928481
1416.482031250  0.007390048
1416.485937500  0.007109892
1416.489843750  0.006946379
1416.493750000  0.006906569
1416.497656250  0.006943391
1416.501562500  0.006935613
1416.505468750  0.006935797
1416.509375000  0.006994681
1416.513281250  0.006978909
1416.517187500  0.006953604
1416.521093750  0.006947122
1416.525000000  0.006963980
1416.528906250  0.006902706
1416.532812500  0.007072504
1416.536718750  0.007272817
1416.540625000  0.007024548
1416.544531250  0.007020962
1416.548437500  0.006915519
1416.552343750  0.006999641
1416.556250000  0.006951494
1416.560156250  0.006969573
1416.564062500  0.006980741
1416.567968750  0.006956333
1416.571875000  0.006905212
1416.575781250  0.006989579
1416.579687500  0.006989086
1416.583593750  0.007036615
1416.587500000  0.007065761
1416.591406250  0.007342322
1416.595312500  0.007091809
1416.599218750  0.007056198
1416.603125000  0.006994093
1416.607031250  0.007009814
1416.610937500  0.007052323
1416.614843750  0.006969476
1416.618750000  0.007003562
1416.622656250  0.007112162
1416.626562500  0.007103303
1416.630468750  0.007152488
1416.634375000  0.007130423
1416.638281250  0.007099976
1416.642187500  0.007277476
1416.646093750  0.008412501
1416.650000000  0.007761084
1416.653906250  0.007588923
1416.657812500  0.007315323
1416.661718750  0.007134516
1416.665625000  0.007026564
1416.669531250  0.007022457
1416.673437500  0.007057539
1416.677343750  0.007073779
1416.681250000  0.007006971
1416.685156250  0.006979694
1416.689062500  0.006967903
1416.692968750  0.007037270
1416.696875000  0.007149049
1416.700781250  0.008060209
1416.704687500  0.007339175
1416.708593750  0.007136274
1416.712500000  0.007039434
1416.716406250  0.006997341
1416.720312500  0.006975116
1416.724218750  0.007035468
1416.728125000  0.007014989
1416.732031250  0.006884698
1416.735937500  0.006906893
1416.739843750  0.006943205
1416.743750000  0.006980556
1416.747656250  0.007046460
1416.751562500  0.007258628
1416.755468750  0.008986426
1416.759375000  0.007638601
1416.763281250  0.007119256
1416.767187500  0.007027993
1416.771093750  0.007105510
1416.775000000  0.006953951
1416.778906250  0.006943162
1416.782812500  0.006956720
1416.786718750  0.006967165
1416.790625000  0.006994833
1416.794531250  0.006979864
1416.798437500  0.007084061
1416.802343750  0.007152527
1416.806250000  0.007612673
1416.810156250  0.012582084
1416.814062500  0.009134497
1416.817968750  0.007628982
1416.821875000  0.007227958
1416.825781250  0.007172648
1416.829687500  0.007101375
1416.833593750  0.007096089
1416.837500000  0.007301764
1416.841406250  0.007302873
1416.845312500  0.007233054
1416.849218750  0.007347920
1416.853125000  0.007624345
1416.857031250  0.008335366
1416.860937500  0.010566724
1416.864843750  0.029713721
1416.868750000  0.019188791
1416.872656250  0.009549868
1416.876562500  0.008122005
1416.880468750  0.007582885
1416.884375000  0.007290755
1416.888281250  0.007303106
1416.892187500  0.007399771
1416.896093750  0.007150562
1416.900000000  0.007092171
1416.903906250  0.007102619
1416.907812500  0.007173293
1416.911718750  0.007302753
1416.915625000  0.007796868
1416.919531250  0.012916892
1416.923437500  0.009801997
1416.927343750  0.007468716
1416.931250000  0.007132493
1416.935156250  0.007100253
1416.939062500  0.006973907
1416.942968750  0.006909195
1416.946875000  0.007004894
1416.950781250  0.006891584
1416.954687500  0.006751257
1416.958593750  0.006853590
1416.962500000  0.007018281
1416.966406250  0.007013146
1416.970312500  0.007352914
1416.974218750  0.009342936
1416.978125000  0.008154273
1416.982031250  0.007056236
1416.985937500  0.006893082
1416.989843750  0.006772802
1416.993750000  0.006862598
1416.997656250  0.007234663
1417.001562500  0.007757856
1417.005468750  0.006864383
1417.009375000  0.006914949
1417.013281250  0.006777308
1417.017187500  0.006875722
1417.021093750  0.006925129
1417.025000000  0.007171792
1417.028906250  0.008670484
1417.032812500  0.007971447
1417.036718750  0.006882016
1417.040625000  0.006794007
1417.044531250  0.006747980
1417.048437500  0.006707156
1417.052343750  0.006788746
1417.056250000  0.006865427
1417.060156250  0.006788559
1417.064062500  0.006775353
1417.067968750  0.006839593
1417.071875000  0.007014524
1417.075781250  0.007156996
1417.079687500  0.007655243
1417.083593750  0.008659880
1417.087500000  0.008045199
1417.091406250  0.007073683
1417.095312500  0.006951723
1417.099218750  0.006860142
1417.103125000  0.006863672
1417.107031250  0.006817375
1417.110937500  0.006805005
1417.114843750  0.006735680
1417.118750000  0.006664495
1417.122656250  0.006664779
1417.126562500  0.006678236
1417.130468750  0.006679702
1417.134375000  0.006815068
1417.138281250  0.007331243
1417.142187500  0.007161482
1417.146093750  0.006656991
1417.150000000  0.006653218
1417.153906250  0.006687738
1417.157812500  0.006618968
1417.161718750  0.006645999
1417.165625000  0.006587127
1417.169531250  0.006647014
1417.173437500  0.006652631
1417.177343750  0.006656747
1417.181250000  0.006664935
1417.185156250  0.006710455
1417.189062500  0.006716589
1417.192968750  0.007077721
1417.196875000  0.007037221
1417.200781250  0.006720311
1417.204687500  0.006544819
1417.208593750  0.006536008
1417.212500000  0.006548272
1417.216406250  0.006581012
1417.220312500  0.006549151
1417.224218750  0.006517538
1417.228125000  0.006529667
1417.232031250  0.006611039
1417.235937500  0.006520240
1417.239843750  0.006583870
1417.243750000  0.006583101
1417.247656250  0.006958513
1417.251562500  0.006870306
1417.255468750  0.006527840
1417.259375000  0.006570777
1417.263281250  0.006507854
1417.267187500  0.006528678
1417.271093750  0.006553029
1417.275000000  0.006499342
1417.278906250  0.006544269
1417.282812500  0.006545637
1417.286718750  0.006489033
1417.290625000  0.006557128
1417.294531250  0.006627048
1417.298437500  0.006541944
1417.302343750  0.006645868
1417.306250000  0.006693127
1417.310156250  0.006494311
1417.314062500  0.006491264
1417.317968750  0.006471496
1417.321875000  0.006489334
1417.325781250  0.006427266
1417.329687500  0.006483177
1417.333593750  0.006454019
1417.337500000  0.006495448
1417.341406250  0.006560674
1417.345312500  0.006501425
1417.349218750  0.006479939
1417.353125000  0.006574089
1417.357031250  0.006608774
1417.360937500  0.006644390
1417.364843750  0.006437160
1417.368750000  0.006460257
1417.372656250  0.006400906
1417.376562500  0.006431082
1417.380468750  0.006476289
1417.384375000  0.006445222
1417.388281250  0.006507613
1417.392187500  0.006485149
1417.396093750  0.006458126
1417.400000000  0.006414466
1417.403906250  0.006455701
1417.407812500  0.006503365
1417.411718750  0.006558232
1417.415625000  0.006631415
1417.419531250  0.006431906
1417.423437500  0.006407224
1417.427343750  0.006346733
1417.431250000  0.006418934
1417.435156250  0.006442063
1417.439062500  0.006519071
1417.442968750  0.006405004
1417.446875000  0.006382390
1417.450781250  0.006428254
1417.454687500  0.006381717
1417.458593750  0.006477893
1417.462500000  0.006443415
1417.466406250  0.006512758
1417.470312500  0.006479345
1417.474218750  0.006293246
1417.478125000  0.006444640
1417.482031250  0.006342650
1417.485937500  0.006505266
1417.489843750  0.006307793
1417.493750000  0.006365333
1417.497656250  0.006326492
1417.501562500  0.006385464
1417.505468750  0.006357923
1417.509375000  0.006378651
1417.513281250  0.006416907
1417.517187500  0.006389065
1417.521093750  0.006479903
1417.525000000  0.006519114
1417.528906250  0.006380562
1417.532812500  0.006485546
1417.536718750  0.006362549
1417.540625000  0.006356307
1417.544531250  0.006452271
1417.548437500  0.006313097
1417.552343750  0.006319737
1417.556250000  0.006338305
1417.560156250  0.006322122
1417.564062500  0.006345607
1417.567968750  0.006353273
1417.571875000  0.006277687
1417.575781250  0.006358828
1417.579687500  0.006591589
1417.583593750  0.006402984
1417.587500000  0.006313756
1417.591406250  0.006327614
1417.595312500  0.006341096
1417.599218750  0.006338916
1417.603125000  0.006300527
1417.607031250  0.006346628
1417.610937500  0.006358453
1417.614843750  0.006332358
1417.618750000  0.006289575
1417.622656250  0.006284303
1417.626562500  0.006384824
1417.630468750  0.006392183
1417.634375000  0.006577622
1417.638281250  0.006336084
1417.642187500  0.006290710
1417.646093750  0.006293622
1417.650000000  0.006344094
1417.653906250  0.006342782
1417.657812500  0.006298155
1417.661718750  0.006200175
1417.665625000  0.006303047
1417.669531250  0.006344928
1417.673437500  0.006383045
1417.677343750  0.006296014
1417.681250000  0.006300189
1417.685156250  0.006358274
1417.689062500  0.006510534
1417.692968750  0.006354701
1417.696875000  0.006335018
1417.700781250  0.006325832
1417.704687500  0.006312471
1417.708593750  0.006285147
1417.712500000  0.006327404
1417.716406250  0.006278394
1417.720312500  0.006326341
1417.724218750  0.006300780
1417.728125000  0.006320887
1417.732031250  0.006310551
1417.735937500  0.006289504
1417.739843750  0.006323029
1417.743750000  0.006484074
1417.747656250  0.006303369
1417.751562500  0.006313541
1417.755468750  0.006264806
1417.759375000  0.006268363
1417.763281250  0.006305369
1417.767187500  0.006278315
1417.771093750  0.006358480
1417.775000000  0.006313365
1417.778906250  0.006297841
1417.782812500  0.006244124
1417.786718750  0.006232278
1417.790625000  0.006235938
1417.794531250  0.006293105
1417.798437500  0.006343131
1417.802343750  0.006304914
1417.806250000  0.006307593
1417.810156250  0.006217498
1417.814062500  0.006199052
1417.817968750  0.006301715
1417.821875000  0.006311313
1417.825781250  0.006277259
1417.829687500  0.006217315
1417.833593750  0.006255557
1417.837500000  0.006239440
1417.841406250  0.006256744
1417.845312500  0.006257960
1417.849218750  0.006226675
1417.853125000  0.006376124
1417.857031250  0.006196029
1417.860937500  0.006189992
1417.864843750  0.006331568
1417.868750000  0.006266848
1417.872656250  0.006253479
1417.876562500  0.006187585
1417.880468750  0.006176543
1417.884375000  0.006246045
1417.888281250  0.006236627
1417.892187500  0.006268753
1417.896093750  0.006230031
1417.900000000  0.006192809
1417.903906250  0.006198984
1417.907812500  0.006358597
1417.911718750  0.006229353
1417.915625000  0.006287837
1417.919531250  0.006184537
1417.923437500  0.006245150
1417.927343750  0.006218694
1417.931250000  0.006240000
1417.935156250  0.006202538
1417.939062500  0.006181750
1417.942968750  0.006216971
1417.946875000  0.006124680
1417.950781250  0.006184507
1417.954687500  0.006167217
1417.958593750  0.006212012
1417.962500000  0.006405906
1417.966406250  0.006246053
1417.970312500  0.006232834
1417.974218750  0.006160252
1417.978125000  0.006163439
1417.982031250  0.006239181
1417.985937500  0.006206997
1417.989843750  0.006177627
1417.993750000  0.006185284
1417.997656250  0.006204273
1418.001562500  0.006228006
1418.005468750  0.006142296
1418.009375000  0.006293071
1418.013281250  0.006188101
1418.017187500  0.006352290
1418.021093750  0.006161755
1418.025000000  0.006257108
1418.028906250  0.006212987
1418.032812500  0.006228557
1418.036718750  0.006200343
1418.040625000  0.006173804
1418.044531250  0.006187839
1418.048437500  0.006131521
1418.052343750  0.006184534
1418.056250000  0.006277682
1418.060156250  0.006135012
1418.064062500  0.006169750
1418.067968750  0.006199025
1418.071875000  0.006289475
1418.075781250  0.006161466
1418.079687500  0.006147044
1418.083593750  0.006220913
1418.087500000  0.006160701
1418.091406250  0.006179414
1418.095312500  0.006149155
1418.099218750  0.006172716
1418.103125000  0.006255531
1418.107031250  0.006241854
1418.110937500  0.006159394
1418.114843750  0.006208844
1418.118750000  0.006187870
1418.122656250  0.006174436
1418.126562500  0.006307900
1418.130468750  0.006169475
1418.134375000  0.006133537
1418.138281250  0.006120961
1418.142187500  0.006139631
1418.146093750  0.006175677
1418.150000000  0.006283165
1418.153906250  0.006236548
1418.157812500  0.006087658
1418.161718750  0.006234142
1418.165625000  0.006178353
1418.169531250  0.006115109
1418.173437500  0.006166950
1418.177343750  0.006192929
1418.181250000  0.006170565
1418.185156250  0.006141140
1418.189062500  0.006201855
1418.192968750  0.006098655
1418.196875000  0.006237524
1418.200781250  0.006246401
1418.204687500  0.006168453
1418.208593750  0.006169025
1418.212500000  0.006124854
1418.216406250  0.006118628
1418.220312500  0.006164332
1418.224218750  0.006174163
1418.228125000  0.006115686
1418.232031250  0.006185827
1418.235937500  0.006237815
1418.239843750  0.006100576
1418.243750000  0.006142682
1418.247656250  0.006246913
1418.251562500  0.006137717
1418.255468750  0.006193789
1418.259375000  0.006163037
1418.263281250  0.006115794
1418.267187500  0.006132678
1418.271093750  0.006150252
1418.275000000  0.006155200
1418.278906250  0.006186547
1418.282812500  0.006179260
1418.286718750  0.006147062
1418.290625000  0.006288782
1418.294531250  0.006250509
1418.298437500  0.006146380
1418.302343750  0.006184149
1418.306250000  0.006179984
1418.310156250  0.006140979
1418.314062500  0.006137550
1418.317968750  0.006154200
1418.321875000  0.006194699
1418.325781250  0.006204762
1418.329687500  0.006141652
1418.333593750  0.006067811
1418.337500000  0.006162407
1418.341406250  0.006242109
1418.345312500  0.006277605
1418.349218750  0.006087095
1418.353125000  0.006174672
1418.357031250  0.006170298
1418.360937500  0.006156268
1418.364843750  0.006164630
1418.368750000  0.006164410
1418.372656250  0.006143648
1418.376562500  0.006135614
1418.380468750  0.006162033
1418.384375000  0.006170764
1418.388281250  0.006144859
1418.392187500  0.006236767
1418.396093750  0.006160790
1418.400000000  0.006311020
1418.403906250  0.006200940
1418.407812500  0.006148232
1418.411718750  0.006137319
1418.415625000  0.006088938
1418.419531250  0.006137192
1418.423437500  0.006076590
1418.427343750  0.006145714
1418.431250000  0.006113950
1418.435156250  0.006124309
1418.439062500  0.006228302
1418.442968750  0.006214667
1418.446875000  0.006178042
1418.450781250  0.006202035
1418.454687500  0.006219435
1418.458593750  0.006142189
1418.462500000  0.006185377
1418.466406250  0.006147392
1418.470312500  0.006127454
1418.474218750  0.006142539
1418.478125000  0.006121062
1418.482031250  0.006101983
1418.485937500  0.006163251
1418.489843750  0.006156582
1418.493750000  0.006175797
1418.497656250  0.006122191
1418.501562500  0.006133225
1418.505468750  0.006208968
1418.509375000  0.006239699
1418.513281250  0.006196070
1418.517187500  0.006169563
1418.521093750  0.006180051
1418.525000000  0.006101197
1418.528906250  0.006164817
1418.532812500  0.006241545
1418.536718750  0.006152832
1418.540625000  0.006140112
1418.544531250  0.006160857
1418.548437500  0.006161476
1418.552343750  0.006164716
1418.556250000  0.006121944
1418.560156250  0.006141905
1418.564062500  0.006191323
1418.567968750  0.006123533
1418.571875000  0.006073851
1418.575781250  0.006163498
1418.579687500  0.006211551
1418.583593750  0.006167516
1418.587500000  0.006190694
1418.591406250  0.006146502
1418.595312500  0.006099049
1418.599218750  0.006133640
1418.603125000  0.006142266
1418.607031250  0.006161980
1418.610937500  0.006113209
1418.614843750  0.006180639
1418.618750000  0.006238990
1418.622656250  0.006182858
1418.626562500  0.006172681
1418.630468750  0.006182630
1418.634375000  0.006254435
1418.638281250  0.006194706
1418.642187500  0.006153483
1418.646093750  0.006161655
1418.650000000  0.006171437
1418.653906250  0.006165339
1418.657812500  0.006103486
1418.661718750  0.006237731
1418.665625000  0.006101219
1418.669531250  0.006112803
1418.673437500  0.006235113
1418.677343750  0.006188723
1418.681250000  0.006161154
1418.685156250  0.006099986
1418.689062500  0.006133740
1418.692968750  0.006143269
1418.696875000  0.006126962
1418.700781250  0.006207279
1418.704687500  0.006170389
1418.708593750  0.006145415
1418.712500000  0.006162769
1418.716406250  0.006143921
1418.720312500  0.006124101
1418.724218750  0.006241792
1418.728125000  0.006301861
1418.732031250  0.006151337
1418.735937500  0.006191084
1418.739843750  0.006123605
1418.743750000  0.006182443
1418.747656250  0.006171778
1418.751562500  0.006173299
1418.755468750  0.006177503
1418.759375000  0.006211194
1418.763281250  0.006167378
1418.767187500  0.006153511
1418.771093750  0.006219349
1418.775000000  0.006181123
1418.778906250  0.006147567
1418.782812500  0.006182911
1418.786718750  0.006170349
1418.790625000  0.006110450
1418.794531250  0.006185296
1418.798437500  0.006172933
1418.802343750  0.006187951
1418.806250000  0.006138148
1418.810156250  0.006133999
1418.814062500  0.006159848
1418.817968750  0.006244080
1418.821875000  0.006159935
1418.825781250  0.006167753
1418.829687500  0.006227031
1418.833593750  0.006127513
1418.837500000  0.006184667
1418.841406250  0.006150583
1418.845312500  0.006229473
1418.849218750  0.006129797
1418.853125000  0.006155487
1418.857031250  0.006143843
1418.860937500  0.006160915
1418.864843750  0.006229006
1418.868750000  0.006197868
1418.872656250  0.006200139
1418.876562500  0.006177327
1418.880468750  0.006153307
1418.884375000  0.006195303
1418.888281250  0.006140133
1418.892187500  0.006243723
1418.896093750  0.006170624
1418.900000000  0.006151163
1418.903906250  0.006158823
1418.907812500  0.006183367
1418.911718750  0.006138797
1418.915625000  0.006215998
1418.919531250  0.006148387
1418.923437500  0.006171210
1418.927343750  0.006164602
1418.931250000  0.006154821
1418.935156250  0.006205988
1418.939062500  0.006154871
1418.942968750  0.006095227
1418.946875000  0.006218263
1418.950781250  0.006155429
1418.954687500  0.006113773
1418.958593750  0.006139081
1418.962500000  0.006256418
1418.966406250  0.006212988
1418.970312500  0.006157477
1418.974218750  0.006151929
1418.978125000  0.006111674
1418.982031250  0.006196227
1418.985937500  0.006183617
1418.989843750  0.006113048
1418.993750000  0.006167056
1418.997656250  0.006134665
1419.001562500  0.006174307
1419.005468750  0.006155539
1419.009375000  0.006246091
1419.013281250  0.006131031
1419.017187500  0.006207057
1419.021093750  0.006197146
1419.025000000  0.006173545
1419.028906250  0.006178063
1419.032812500  0.006178821
1419.036718750  0.006232840
1419.040625000  0.006197628
1419.044531250  0.006105590
1419.048437500  0.006155992
1419.052343750  0.006182345
1419.056250000  0.006344452
1419.060156250  0.006163589
1419.064062500  0.006144205
1419.067968750  0.006147215
1419.071875000  0.006175369
1419.075781250  0.006136422
1419.079687500  0.006196573
1419.083593750  0.006186291
1419.087500000  0.006191793
1419.091406250  0.006164971
1419.095312500  0.006137704
1419.099218750  0.006146102
1419.103125000  0.006225330
1419.107031250  0.006157096
1419.110937500  0.006150901
1419.114843750  0.006097436
1419.118750000  0.006153634
1419.122656250  0.006140146
1419.126562500  0.006198506
1419.130468750  0.006191803
1419.134375000  0.006740976
1419.138281250  0.006107880
1419.142187500  0.006137654
1419.146093750  0.006150188
1419.150000000  0.006184708
1419.153906250  0.006234122
1419.157812500  0.006197557
1419.161718750  0.006139399
1419.165625000  0.006194168
1419.169531250  0.006092199
1419.173437500  0.006120490
1419.177343750  0.006138312
1419.181250000  0.006143797
1419.185156250  0.006099952
1419.189062500  0.006124720
1419.192968750  0.006159654
1419.196875000  0.006206106
1419.200781250  0.006211786
1419.204687500  0.006145401
1419.208593750  0.006175855
1419.212500000  0.006121018
1419.216406250  0.006144577
1419.220312500  0.006204035
1419.224218750  0.006149704
1419.228125000  0.006165884
1419.232031250  0.006079545
1419.235937500  0.006181547
1419.239843750  0.006121810
1419.243750000  0.006183923
1419.247656250  0.006202075
1419.251562500  0.006157332
1419.255468750  0.006109075
1419.259375000  0.006123616
1419.263281250  0.006158890
1419.267187500  0.006129410
1419.271093750  0.006119009
1419.275000000  0.006205892
1419.278906250  0.006129867
1419.282812500  0.006063454
1419.286718750  0.006144639
1419.290625000  0.006143212
1419.294531250  0.006232317
1419.298437500  0.006193867
1419.302343750  0.006168995
1419.306250000  0.006139142
1419.310156250  0.006137932
1419.314062500  0.006112819
1419.317968750  0.006111908
1419.321875000  0.006193573
1419.325781250  0.006180679
1419.329687500  0.006214902
1419.333593750  0.006122644
1419.337500000  0.006120777
1419.341406250  0.006264664
1419.345312500  0.006193349
1419.349218750  0.006168843
1419.353125000  0.006206625
1419.357031250  0.006099784
1419.360937500  0.006142445
1419.364843750  0.006137829
1419.368750000  0.006104700
1419.372656250  0.006122000
1419.376562500  0.006120676
1419.380468750  0.006158105
1419.384375000  0.006151519
1419.388281250  0.006149742
1419.392187500  0.006145884
1419.396093750  0.006087662
1419.400000000  0.006124440
1419.403906250  0.006109038
1419.407812500  0.006142776
1419.411718750  0.006125638
1419.415625000  0.006153930
1419.419531250  0.006138745
1419.423437500  0.006153440
1419.427343750  0.006123007
1419.431250000  0.006116091
1419.435156250  0.006187999
1419.439062500  0.006227405
1419.442968750  0.006165381
1419.446875000  0.006117180
1419.450781250  0.006125299
1419.454687500  0.006179235
1419.458593750  0.006090405
1419.462500000  0.006115195
1419.466406250  0.006116022
1419.470312500  0.006088782
1419.474218750  0.006128640
1419.478125000  0.006071534
1419.482031250  0.006123985
1419.485937500  0.006238094
1419.489843750  0.006092762
1419.493750000  0.006187749
1419.497656250  0.006161214
1419.501562500  0.006060379
1419.505468750  0.006080671
1419.509375000  0.006143417
1419.513281250  0.006104903
1419.517187500  0.006139574
1419.521093750  0.006177922
1419.525000000  0.006115309
1419.528906250  0.006119764
1419.532812500  0.006231811
1419.536718750  0.006114934
1419.540625000  0.006151610
1419.544531250  0.006129949
1419.548437500  0.006184744
1419.552343750  0.006164115
1419.556250000  0.006126946
1419.560156250  0.006169875
1419.564062500  0.006187749
1419.567968750  0.006124205
1419.571875000  0.006073685
1419.575781250  0.006095254
1419.579687500  0.006142437
1419.583593750  0.006108707
1419.587500000  0.006084257
1419.591406250  0.006130418
1419.595312500  0.006045942
1419.599218750  0.006155492
1419.603125000  0.006100641
1419.607031250  0.006115622
1419.610937500  0.006120894
1419.614843750  0.006116018
1419.618750000  0.006091448
1419.622656250  0.006096475
1419.626562500  0.006128585
1419.630468750  0.006143274
1419.634375000  0.006072114
1419.638281250  0.006137123
1419.642187500  0.006063297
1419.646093750  0.006083220
1419.650000000  0.006068807
1419.653906250  0.006152453
1419.657812500  0.006155706
1419.661718750  0.006160717
1419.665625000  0.006122143
1419.669531250  0.006046837
1419.673437500  0.006138640
1419.677343750  0.006256773
1419.681250000  0.006097502
1419.685156250  0.006153418
1419.689062500  0.006097584
1419.692968750  0.006108201
1419.696875000  0.006042663
1419.700781250  0.006137209
1419.704687500  0.006144805
1419.708593750  0.006125881
1419.712500000  0.006143851
1419.716406250  0.006179531
1419.720312500  0.006152339
1419.724218750  0.006131762
1419.728125000  0.006145925
1419.732031250  0.006091921
1419.735937500  0.006111892
1419.739843750  0.006099484
1419.743750000  0.006082520
1419.747656250  0.006124638
1419.751562500  0.006106505
1419.755468750  0.006144135
1419.759375000  0.006146856
1419.763281250  0.006126529
1419.767187500  0.006104251
1419.771093750  0.006201165
1419.775000000  0.006055587
1419.778906250  0.006071377
1419.782812500  0.006057007
1419.786718750  0.006105339
1419.790625000  0.006093202
1419.794531250  0.006087110
1419.798437500  0.006109061
1419.802343750  0.006109177
1419.806250000  0.006111310
1419.810156250  0.006081595
1419.814062500  0.006156451
1419.817968750  0.006184054
1419.821875000  0.006110507
1419.825781250  0.006118479
1419.829687500  0.006166575
1419.833593750  0.006066839
1419.837500000  0.006123995
1419.841406250  0.006102026
1419.845312500  0.006109162
1419.849218750  0.006127004
1419.853125000  0.006102789
1419.857031250  0.006115890
1419.860937500  0.006121892
1419.864843750  0.006179459
1419.868750000  0.006120745
1419.872656250  0.006114980
1419.876562500  0.006104311
1419.880468750  0.006121056
1419.884375000  0.006080245
1419.888281250  0.006169975
1419.892187500  0.006157784
1419.896093750  0.006144586
1419.900000000  0.006092692
1419.903906250  0.006140832
1419.907812500  0.006098625
1419.911718750  0.006152671
1419.915625000  0.006206192
1419.919531250  0.006147115
1419.923437500  0.006143936
1419.927343750  0.006119716
1419.931250000  0.006126050
1419.935156250  0.006203583
1419.939062500  0.006079380
1419.942968750  0.006093244
1419.946875000  0.006138065
1419.950781250  0.006098105
1419.954687500  0.006100838
1419.958593750  0.006138351
1419.962500000  0.006151078
1419.966406250  0.006119868
1419.970312500  0.006124046
1419.974218750  0.006087502
1419.978125000  0.006134091
1419.982031250  0.006141674
1419.985937500  0.006853134
1419.989843750  0.006420082
1419.993750000  0.006306716
1419.997656250  0.006563302
1420.001562500  0.007228279
1420.005468750  0.006229869
1420.009375000  0.006221009
1420.013281250  0.006158193
1420.017187500  0.006120206
1420.021093750  0.006102087
1420.025000000  0.006118914
1420.028906250  0.006109325
1420.032812500  0.006135586
1420.036718750  0.006112006
1420.040625000  0.006159519
1420.044531250  0.006113483
1420.048437500  0.006155426
1420.052343750  0.006081756
1420.056250000  0.006178320
1420.060156250  0.006130915
1420.064062500  0.006116404
1420.067968750  0.006101708
1420.071875000  0.006083606
1420.075781250  0.006125912
1420.079687500  0.006140895
1420.083593750  0.006082031
1420.087500000  0.006169057
1420.091406250  0.006148667
1420.095312500  0.006127992
1420.099218750  0.006201928
1420.103125000  0.006189987
1420.107031250  0.006124292
1420.110937500  0.006086572
1420.114843750  0.006157279
1420.118750000  0.006099963
1420.122656250  0.006096640
1420.126562500  0.006129063
1420.130468750  0.006114433
1420.134375000  0.006111400
1420.138281250  0.006110359
1420.142187500  0.006092249
1420.146093750  0.006128791
1420.150000000  0.006130980
1420.153906250  0.006210848
1420.157812500  0.006083896
1420.161718750  0.006133990
1420.165625000  0.006117263
1420.169531250  0.006118807
1420.173437500  0.006099467
1420.177343750  0.006151196
1420.181250000  0.006148176
1420.185156250  0.006144956
1420.189062500  0.006100973
1420.192968750  0.006150799
1420.196875000  0.006124857
1420.200781250  0.006239850
1420.204687500  0.006106462
1420.208593750  0.006175256
1420.212500000  0.006102844
1420.216406250  0.006176670
1420.220312500  0.006111981
1420.224218750  0.006164714
1420.228125000  0.006106072
1420.232031250  0.006106424
1420.235937500  0.006080926
1420.239843750  0.006123386
1420.243750000  0.006151039
1420.247656250  0.006130034
1420.251562500  0.006115593
1420.255468750  0.006111982
1420.259375000  0.006116788
1420.263281250  0.006162335
1420.267187500  0.006129911
1420.271093750  0.006137331
1420.275000000  0.006156214
1420.278906250  0.006160082
1420.282812500  0.006131674
1420.286718750  0.006138577
1420.290625000  0.006125627
1420.294531250  0.006163512
1420.298437500  0.006194831
1420.302343750  0.006150245
1420.306250000  0.006173314
1420.310156250  0.006099529
1420.314062500  0.006200532
1420.317968750  0.006174892
1420.321875000  0.006145336
1420.325781250  0.006095172
1420.329687500  0.006181998
1420.333593750  0.006189385
1420.337500000  0.006157605
1420.341406250  0.006229552
1420.345312500  0.006167623
1420.349218750  0.006125469
1420.353125000  0.006166346
1420.357031250  0.006223764
1420.360937500  0.006207519
1420.364843750  0.006206963
1420.368750000  0.006172838
1420.372656250  0.006242562
1420.376562500  0.006181343
1420.380468750  0.006223040
1420.384375000  0.006263877
1420.388281250  0.006282070
1420.392187500  0.006370039
1420.396093750  0.006377797
1420.400000000  0.007249151
1420.403906250  0.006324538
1420.407812500  0.006350575
1420.411718750  0.006236156
1420.415625000  0.006267836
1420.419531250  0.006279136
1420.423437500  0.006238808
1420.427343750  0.006254012
1420.431250000  0.006247144
1420.435156250  0.006307512
1420.439062500  0.006320053
1420.442968750  0.006246585
1420.446875000  0.006268097
1420.450781250  0.006269045
1420.454687500  0.006223591
1420.458593750  0.006268606
1420.462500000  0.006224865
1420.466406250  0.006264726
1420.470312500  0.006211017
1420.474218750  0.006235758
1420.478125000  0.006233705
1420.482031250  0.006246878
1420.485937500  0.006302197
1420.489843750  0.006352378
1420.493750000  0.006292404
1420.497656250  0.006226180
1420.501562500  0.006196470
1420.505468750  0.006328885
1420.509375000  0.006152206
1420.513281250  0.006234512
1420.517187500  0.006189631
1420.521093750  0.006210260
1420.525000000  0.006178412
1420.528906250  0.006185110
1420.532812500  0.006282026
1420.536718750  0.006225110
1420.540625000  0.006152516
1420.544531250  0.006147828
1420.548437500  0.006134473
1420.552343750  0.006121852
1420.556250000  0.006101144
1420.560156250  0.006053768
1420.564062500  0.006054007
1420.567968750  0.006097931
1420.571875000  0.006082531
1420.575781250  0.006039461
1420.579687500  0.006154825
1420.583593750  0.006108152
1420.587500000  0.006048677
1420.591406250  0.006102046
1420.595312500  0.006113154
1420.599218750  0.006132815
1420.603125000  0.006047394
1420.607031250  0.006050829
1420.610937500  0.006107546
1420.614843750  0.006084117
1420.618750000  0.006084349
1420.622656250  0.006126174
1420.626562500  0.006171669
1420.630468750  0.006083638
1420.634375000  0.006043313
1420.638281250  0.006095904
1420.642187500  0.006102651
1420.646093750  0.006107441
1420.650000000  0.006123940
1420.653906250  0.006071700
1420.657812500  0.006044024
1420.661718750  0.006003091
1420.665625000  0.006096444
1420.669531250  0.006045286
1420.673437500  0.006086152
1420.677343750  0.006096600
1420.681250000  0.006121679
1420.685156250  0.005983795
1420.689062500  0.006116824
1420.692968750  0.006058668
1420.696875000  0.006110555
1420.700781250  0.006089593
1420.704687500  0.006120791
1420.708593750  0.006065319
1420.712500000  0.006070394
1420.716406250  0.006081895
1420.720312500  0.006055879
1420.724218750  0.006106167
1420.728125000  0.006076120
1420.732031250  0.006064386
1420.735937500  0.006056112
1420.739843750  0.006075220
1420.743750000  0.006082355
1420.747656250  0.006087966
1420.751562500  0.006013302
1420.755468750  0.006051433
1420.759375000  0.006098947
1420.763281250  0.006009685
1420.767187500  0.006058590
1420.771093750  0.006119302
1420.775000000  0.006016042
1420.778906250  0.006066625
1420.782812500  0.006062261
1420.786718750  0.006058957
1420.790625000  0.006066217
1420.794531250  0.006044441
1420.798437500  0.006037634
1420.802343750  0.006086108
1420.806250000  0.006099577
1420.810156250  0.006097683
1420.814062500  0.006091581
1420.817968750  0.006113363
1420.821875000  0.006086291
1420.825781250  0.006067810
1420.829687500  0.006029943
1420.833593750  0.006075056
1420.837500000  0.006027175
1420.841406250  0.005991628
1420.845312500  0.006055207
1420.849218750  0.006051224
1420.853125000  0.005995474
1420.857031250  0.005978797
1420.860937500  0.006047038
1420.864843750  0.006083772
1420.868750000  0.006085095
1420.872656250  0.006023388
1420.876562500  0.006060872
1420.880468750  0.006025727
1420.884375000  0.006048968
1420.888281250  0.006037204
1420.892187500  0.006025543
1420.896093750  0.006052707
1420.900000000  0.006075209
1420.903906250  0.006066990
1420.907812500  0.005999863
1420.911718750  0.005995170
1420.915625000  0.006078919
1420.919531250  0.006064947
1420.923437500  0.006003683
1420.927343750  0.006032783
1420.931250000  0.006013431
1420.935156250  0.006064341
1420.939062500  0.006023407
1420.942968750  0.006056279
1420.946875000  0.006069584
1420.950781250  0.006022759
1420.954687500  0.006001898
1420.958593750  0.006066591
1420.962500000  0.006080693
1420.966406250  0.006029159
1420.970312500  0.006062767
1420.974218750  0.006104791
1420.978125000  0.006015178
1420.982031250  0.006047667
1420.985937500  0.006030231
1420.989843750  0.006034209
1420.993750000  0.006018254
1420.997656250  0.005997239
1421.001562500  0.005992687
1421.005468750  0.006058989
1421.009375000  0.006055567
1421.013281250  0.006031873
1421.017187500  0.006065306
1421.021093750  0.006047779
1421.025000000  0.006010384
1421.028906250  0.006097209
1421.032812500  0.006037019
1421.036718750  0.006029669
1421.040625000  0.006036834
1421.044531250  0.006021787
1421.048437500  0.005937289
1421.052343750  0.006073801
1421.056250000  0.006084217
1421.060156250  0.006056674
1421.064062500  0.005999887
1421.067968750  0.005992015
1421.071875000  0.005998923
1421.075781250  0.006029608
1421.079687500  0.006042419
1421.083593750  0.006071861
1421.087500000  0.006046923
1421.091406250  0.006025411
1421.095312500  0.005993435
1421.099218750  0.006000418
1421.103125000  0.006061107
1421.107031250  0.006001515
1421.110937500  0.006038004
1421.114843750  0.006058423
1421.118750000  0.006034586
1421.122656250  0.006004329
1421.126562500  0.005994650
1421.130468750  0.006041737
1421.134375000  0.006032279
1421.138281250  0.006017126
1421.142187500  0.006056157
1421.146093750  0.006040826
1421.150000000  0.005964943
1421.153906250  0.005962817
1421.157812500  0.006020806
1421.161718750  0.006065284
1421.165625000  0.006025508
1421.169531250  0.005959336
1421.173437500  0.005982204
1421.177343750  0.006011505
1421.181250000  0.006022246
1421.185156250  0.006055028
1421.189062500  0.006060837
1421.192968750  0.006050947
1421.196875000  0.006012013
1421.200781250  0.006065705
1421.204687500  0.006062555
1421.208593750  0.006031513
1421.212500000  0.006044521
1421.216406250  0.006044539
1421.220312500  0.006065174
1421.224218750  0.006030453
1421.228125000  0.006048875
1421.232031250  0.006033085
1421.235937500  0.005996432
1421.239843750  0.006050844
1421.243750000  0.005991396
1421.247656250  0.006102281
1421.251562500  0.006063865
1421.255468750  0.006025904
1421.259375000  0.005942734
1421.263281250  0.006072008
1421.267187500  0.006034208
1421.271093750  0.006035682
1421.275000000  0.006034984
1421.278906250  0.006021759
1421.282812500  0.005990539
1421.286718750  0.006056848
1421.290625000  0.006060321
1421.294531250  0.006021595
1421.298437500  0.006096633
1421.302343750  0.006042103
1421.306250000  0.006026489
1421.310156250  0.006059248
1421.314062500  0.006016551
1421.317968750  0.006061846
1421.321875000  0.006041590
1421.325781250  0.006036302
1421.329687500  0.006037450
1421.333593750  0.006023061
1421.337500000  0.006103426
1421.341406250  0.006071273
1421.345312500  0.006072668
1421.349218750  0.006056460
1421.353125000  0.006048817
1421.357031250  0.006094001
1421.360937500  0.006025398
1421.364843750  0.006044605
1421.368750000  0.006050181
1421.372656250  0.006057358
1421.376562500  0.006053935
1421.380468750  0.006049526
1421.384375000  0.005996928
1421.388281250  0.005998545
1421.392187500  0.006087199
1421.396093750  0.005963305
1421.400000000  0.006018044
1421.403906250  0.006197051
1421.407812500  0.006077819
1421.411718750  0.006077507
1421.415625000  0.006023916
1421.419531250  0.006038816
1421.423437500  0.006012696
1421.427343750  0.005997121
1421.431250000  0.006059483
1421.435156250  0.006079067
1421.439062500  0.006092134
1421.442968750  0.006048258
1421.446875000  0.006030559
1421.450781250  0.006073898
1421.454687500  0.006041518
1421.458593750  0.006047729
1421.462500000  0.006036985
1421.466406250  0.006047243
1421.470312500  0.006009200
1421.474218750  0.006020451
1421.478125000  0.005978627
1421.482031250  0.006051654
1421.485937500  0.006094758
1421.489843750  0.006030562
1421.493750000  0.006040585
1421.497656250  0.005991000
1421.501562500  0.006059931
1421.505468750  0.006011767
1421.509375000  0.006055140
1421.513281250  0.006060274
1421.517187500  0.006051769
1421.521093750  0.006086697
1421.525000000  0.006041713
1421.528906250  0.006067388
1421.532812500  0.006082005
1421.536718750  0.005996321
1421.540625000  0.006031218
1421.544531250  0.006031141
1421.548437500  0.005956360
1421.552343750  0.006053206
1421.556250000  0.006021089
1421.560156250  0.006014078
1421.564062500  0.006027610
1421.567968750  0.006022473
1421.571875000  0.006047087
1421.575781250  0.006017680
1421.579687500  0.006054607
1421.583593750  0.006073213
1421.587500000  0.005991847
1421.591406250  0.006051448
1421.595312500  0.006045781
1421.599218750  0.006046140
1421.603125000  0.006065618
1421.607031250  0.006011195
1421.610937500  0.006044928
1421.614843750  0.006071339
1421.618750000  0.006065689
1421.622656250  0.006039907
1421.626562500  0.006055339
1421.630468750  0.006092172
1421.634375000  0.006084816
1421.638281250  0.006027843
1421.642187500  0.006044608
1421.646093750  0.006099994
1421.650000000  0.006019346
1421.653906250  0.006029049
1421.657812500  0.006053837
1421.661718750  0.006070347
1421.665625000  0.006019379
1421.669531250  0.005981558
1421.673437500  0.006061957
1421.677343750  0.006085866
1421.681250000  0.006028353
1421.685156250  0.006025613
1421.689062500  0.006033635
1421.692968750  0.005994198
1421.696875000  0.006026210
1421.700781250  0.006026610
1421.704687500  0.006086924
1421.708593750  0.006028530
1421.712500000  0.005990478
1421.716406250  0.006036503
1421.720312500  0.006017298
1421.724218750  0.006006886
1421.728125000  0.006052148
1421.732031250  0.006040245
1421.735937500  0.006034880
1421.739843750  0.005983135
1421.743750000  0.006028290
1421.747656250  0.006036938
1421.751562500  0.006010068
1421.755468750  0.006038400
1421.759375000  0.005989989
1421.763281250  0.006050012
1421.767187500  0.006047032
1421.771093750  0.006056792
1421.775000000  0.005998460
1421.778906250  0.006047528
1421.782812500  0.006046628
1421.786718750  0.006055575
1421.790625000  0.005955280
1421.794531250  0.006028575
1421.798437500  0.005975545
1421.802343750  0.006023289
1421.806250000  0.006009682
1421.810156250  0.006000891
1421.814062500  0.006036167
1421.817968750  0.006024103
1421.821875000  0.006009361
1421.825781250  0.006039838
1421.829687500  0.006006623
1421.833593750  0.006052745
1421.837500000  0.006020488
1421.841406250  0.005959669
1421.845312500  0.006079245
1421.849218750  0.006018238
1421.853125000  0.006015127
1421.857031250  0.005980959
1421.860937500  0.005955517
1421.864843750  0.006010595
1421.868750000  0.006050393
1421.872656250  0.006034512
1421.876562500  0.006024101
1421.880468750  0.006005432
1421.884375000  0.006026928
1421.888281250  0.006027225
1421.892187500  0.006010790
1421.896093750  0.006043715
1421.900000000  0.006022950
1421.903906250  0.006003327
1421.907812500  0.006029654
1421.911718750  0.006028647
1421.915625000  0.006042658
1421.919531250  0.005979663
1421.923437500  0.005985805
1421.927343750  0.006020288
1421.931250000  0.005968423
1421.935156250  0.005994613
1421.939062500  0.005962324
1421.942968750  0.006022175
1421.946875000  0.005981198
1421.950781250  0.005989621
1421.954687500  0.006031206
1421.958593750  0.006003163
1421.962500000  0.006008424
1421.966406250  0.006023384
1421.970312500  0.005940569
1421.974218750  0.006015752
1421.978125000  0.006003377
1421.982031250  0.006040497
1421.985937500  0.005970086
1421.989843750  0.006012010
1421.993750000  0.005946249
1421.997656250  0.005977542
1422.001562500  0.005912963
1422.005468750  0.005979381
1422.009375000  0.006063949
1422.013281250  0.005964650
1422.017187500  0.005999091
1422.021093750  0.006047106
1422.025000000  0.006020993
1422.028906250  0.006044152
1422.032812500  0.005964717
1422.036718750  0.006030512
1422.040625000  0.006054953
1422.044531250  0.005997435
1422.048437500  0.006008412
1422.052343750  0.005987839
1422.056250000  0.006012970
1422.060156250  0.005960553
1422.064062500  0.005954576
1422.067968750  0.006033531
1422.071875000  0.005977608
1422.075781250  0.005932928
1422.079687500  0.006040032
1422.083593750  0.006000974
1422.087500000  0.005964978
1422.091406250  0.005999882
1422.095312500  0.005980191
1422.099218750  0.005934344
1422.103125000  0.006026672
1422.107031250  0.006004051
1422.110937500  0.005932243
1422.114843750  0.006052752
1422.118750000  0.005970398
1422.122656250  0.006005013
1422.126562500  0.006019006
1422.130468750  0.005962673
1422.134375000  0.005999356
1422.138281250  0.006013615
1422.142187500  0.005993274
1422.146093750  0.006014196
1422.150000000  0.006003043
1422.153906250  0.005972769
1422.157812500  0.006023269
1422.161718750  0.006001520
1422.165625000  0.005989747
1422.169531250  0.005999728
1422.173437500  0.005952994
1422.177343750  0.006062025
1422.181250000  0.005910873
1422.185156250  0.006044198
1422.189062500  0.005975579
1422.192968750  0.005968356
1422.196875000  0.005970704
1422.200781250  0.006005249
1422.204687500  0.006034764
1422.208593750  0.005999093
1422.212500000  0.005941238
1422.216406250  0.005949736
1422.220312500  0.006021614
1422.224218750  0.005968912
1422.228125000  0.006031445
1422.232031250  0.005988836
1422.235937500  0.005980608
1422.239843750  0.005946152
1422.243750000  0.005937204
1422.247656250  0.006000800
1422.251562500  0.005988940
1422.255468750  0.005967150
1422.259375000  0.005962846
1422.263281250  0.006015686
1422.267187500  0.005993806
1422.271093750  0.005991221
1422.275000000  0.005920513
1422.278906250  0.005984457
1422.282812500  0.005944480
1422.286718750  0.005916334
1422.290625000  0.005974254
1422.294531250  0.006072983
1422.298437500  0.005956063
1422.302343750  0.005911084
1422.306250000  0.005954683
1422.310156250  0.005981400
1422.314062500  0.006003936
1422.317968750  0.005963460
1422.321875000  0.006007171
1422.325781250  0.005972992
1422.329687500  0.005899215
1422.333593750  0.005890085
1422.337500000  0.005968676
1422.341406250  0.006003488
1422.345312500  0.006094337
1422.349218750  0.005948786
1422.353125000  0.006001484
1422.357031250  0.005950965
1422.360937500  0.005965665
1422.364843750  0.005953554
1422.368750000  0.006010543
1422.372656250  0.005976181
1422.376562500  0.006041681
1422.380468750  0.005900033
1422.384375000  0.006003670
1422.388281250  0.005889196
1422.392187500  0.006032671
1422.396093750  0.005977479
1422.400000000  0.006021496
1422.403906250  0.005966829
1422.407812500  0.005935502
1422.411718750  0.005964348
1422.415625000  0.005955926
1422.419531250  0.005968426
1422.423437500  0.005916446
1422.427343750  0.006007661
1422.431250000  0.005966075
1422.435156250  0.006016566
1422.439062500  0.005986755
1422.442968750  0.005976620
1422.446875000  0.005944716
1422.450781250  0.006010852
1422.454687500  0.006000696
1422.458593750  0.005982849
1422.462500000  0.006003994
1422.466406250  0.005959336
1422.470312500  0.005991236
1422.474218750  0.005987768
1422.478125000  0.005978208
1422.482031250  0.005965089
1422.485937500  0.005978602
1422.489843750  0.005963711
1422.493750000  0.005924987
1422.497656250  0.005918958
1422.501562500  0.005945982
1422.505468750  0.005955031
1422.509375000  0.005963969
1422.513281250  0.005994679
1422.517187500  0.005956017
1422.521093750  0.005945165
1422.525000000  0.005935386
1422.528906250  0.005958686
1422.532812500  0.006034827
1422.536718750  0.006009927
1422.540625000  0.006001328
1422.544531250  0.005956156
1422.548437500  0.005979507
1422.552343750  0.006020271
1422.556250000  0.005986691
1422.560156250  0.006004202
1422.564062500  0.006042451
1422.567968750  0.005949854
1422.571875000  0.005989003
1422.575781250  0.005925159
1422.579687500  0.005972858
1422.583593750  0.006017874
1422.587500000  0.006000256
1422.591406250  0.005976216
1422.595312500  0.006000565
1422.599218750  0.005890933
1422.603125000  0.005960294
1422.607031250  0.006012903
1422.610937500  0.005934052
1422.614843750  0.005957214
1422.618750000  0.005945587
1422.622656250  0.005977141
1422.626562500  0.005991963
1422.630468750  0.005968413
1422.634375000  0.005944362
1422.638281250  0.005942823
1422.642187500  0.005962948
1422.646093750  0.005970286
1422.650000000  0.006019686
1422.653906250  0.006027268
1422.657812500  0.005996457
1422.661718750  0.005965894
1422.665625000  0.005926065
1422.669531250  0.005950891
1422.673437500  0.005997959
1422.677343750  0.006066812
1422.681250000  0.006028336
1422.685156250  0.006030733
1422.689062500  0.006051091
1422.692968750  0.006015702
1422.696875000  0.006016490
1422.700781250  0.006006503
1422.704687500  0.005965311
1422.708593750  0.005999986
1422.712500000  0.005974684
1422.716406250  0.005959515
1422.720312500  0.005972424
1422.724218750  0.006061413
1422.728125000  0.005958403
1422.732031250  0.006010569
1422.735937500  0.005982600
1422.739843750  0.006049873
1422.743750000  0.005967763
1422.747656250  0.005998723
1422.751562500  0.005952050
1422.755468750  0.006003001
1422.759375000  0.005980818
1422.763281250  0.005937093
1422.767187500  0.005988436
1422.771093750  0.006041831
1422.775000000  0.006025349
1422.778906250  0.006030854
1422.782812500  0.006005593
1422.786718750  0.005976214
1422.790625000  0.005999445
1422.794531250  0.006078032
1422.798437500  0.006041308
1422.802343750  0.006075122
1422.806250000  0.006005120
1422.810156250  0.005973404
1422.814062500  0.005989308
1422.817968750  0.006067561
1422.821875000  0.005961389
1422.825781250  0.005970122
1422.829687500  0.005981103
1422.833593750  0.006032349
1422.837500000  0.006016435
1422.841406250  0.006001312
1422.845312500  0.005989098
1422.849218750  0.005994874
1422.853125000  0.005986784
1422.857031250  0.005974958
1422.860937500  0.005986537
1422.864843750  0.006001916
1422.868750000  0.005981373
1422.872656250  0.005960136
1422.876562500  0.006042527
1422.880468750  0.006030335
1422.884375000  0.006025131
1422.888281250  0.005977787
1422.892187500  0.006008136
1422.896093750  0.006026606
1422.900000000  0.006010362
1422.903906250  0.005977108
1422.907812500  0.005978349
1422.911718750  0.006065215
1422.915625000  0.006022442
1422.919531250  0.005997044
1422.923437500  0.005980656
1422.927343750  0.005979313
1422.931250000  0.005985369
1422.935156250  0.006024868
1422.939062500  0.006029109
1422.942968750  0.005981804
1422.946875000  0.005989431
1422.950781250  0.006015630
1422.954687500  0.005959119
1422.958593750  0.005987238
1422.962500000  0.006067823
1422.966406250  0.005986089
1422.970312500  0.006069457
1422.974218750  0.005967302
1422.978125000  0.006027111
1422.982031250  0.005999217
1422.985937500  0.006055560
1422.989843750  0.006048280
1422.993750000  0.006046305
1422.997656250  0.006023502
1423.001562500  0.006053312
1423.005468750  0.006039291
1423.009375000  0.006005961
1423.013281250  0.006017307
1423.017187500  0.006041520
1423.021093750  0.006034087
1423.025000000  0.005990428
1423.028906250  0.006038607
1423.032812500  0.006104717
1423.036718750  0.005994457
1423.040625000  0.006013023
1423.044531250  0.005994714
1423.048437500  0.006006184
1423.052343750  0.005986715
1423.056250000  0.006032391
1423.060156250  0.006030504
1423.064062500  0.006085476
1423.067968750  0.005996291
1423.071875000  0.006049039
1423.075781250  0.006034780
1423.079687500  0.006015831
1423.083593750  0.006031231
1423.087500000  0.006057428
1423.091406250  0.006059617
1423.095312500  0.006100102
1423.099218750  0.006059309
1423.103125000  0.006063207
1423.107031250  0.006059130
1423.110937500  0.006020669
1423.114843750  0.006075432
1423.118750000  0.006040967
1423.122656250  0.006006811
1423.126562500  0.006023350
1423.130468750  0.006049911
1423.134375000  0.006062374
1423.138281250  0.006046560
1423.142187500  0.006043354
1423.146093750  0.006099536
1423.150000000  0.006123868
1423.153906250  0.006134305
1423.157812500  0.006086549
1423.161718750  0.006074461
1423.165625000  0.006107851
1423.169531250  0.006067713
1423.173437500  0.006075035
1423.177343750  0.006137897
1423.181250000  0.006136351
1423.185156250  0.006100446
1423.189062500  0.006062366
1423.192968750  0.006090791
1423.196875000  0.006078519
1423.200781250  0.006115451
1423.204687500  0.006087434
1423.208593750  0.006029361
1423.212500000  0.006130189
1423.216406250  0.006045002
1423.220312500  0.006102561
1423.224218750  0.006110764
1423.228125000  0.006088678
1423.232031250  0.006103843
1423.235937500  0.006056233
1423.239843750  0.006120356
1423.243750000  0.006085524
1423.247656250  0.006146874
1423.251562500  0.006058434
1423.255468750  0.006149254
1423.259375000  0.006066810
1423.263281250  0.006082265
1423.267187500  0.006076912
1423.271093750  0.006093836
1423.275000000  0.006120274
1423.278906250  0.006116649
1423.282812500  0.006127699
1423.286718750  0.006166714
1423.290625000  0.006055729
1423.294531250  0.006221306
1423.298437500  0.006160948
1423.302343750  0.006051375
1423.306250000  0.006175024
1423.310156250  0.006126426
1423.314062500  0.006126529
1423.317968750  0.006198407
1423.321875000  0.006179860
1423.325781250  0.006155082
1423.329687500  0.006160937
1423.333593750  0.006204262
1423.337500000  0.006171058
1423.341406250  0.006141642
1423.345312500  0.006185612
1423.349218750  0.006127214
1423.353125000  0.006168198
1423.357031250  0.006082877
1423.360937500  0.006122897
1423.364843750  0.006144498
1423.368750000  0.006185364
1423.372656250  0.006119603
1423.376562500  0.006212556
1423.380468750  0.006100402
1423.384375000  0.006159534
1423.388281250  0.006189573
1423.392187500  0.006177537
1423.396093750  0.006203837
1423.400000000  0.006201696
1423.403906250  0.006199030
1423.407812500  0.006176065
1423.411718750  0.006217553
1423.415625000  0.006217640
1423.419531250  0.006194758
1423.423437500  0.006196015
1423.427343750  0.006151540
1423.431250000  0.006152023
1423.435156250  0.006221019
1423.439062500  0.006298605
1423.442968750  0.006188871
1423.446875000  0.006195877
1423.450781250  0.006191184
1423.454687500  0.006177210
1423.458593750  0.006184450
1423.462500000  0.006222432
1423.466406250  0.006206814
1423.470312500  0.006230505
1423.474218750  0.006264695
1423.478125000  0.006190963
1423.482031250  0.006271063
1423.485937500  0.006313111
1423.489843750  0.006243058
1423.493750000  0.006239471
1423.497656250  0.006261236
1423.501562500  0.006220345
1423.505468750  0.006189587
1423.509375000  0.006238635
1423.513281250  0.006240483
1423.517187500  0.006248185
1423.521093750  0.006293614
1423.525000000  0.006304481
1423.528906250  0.006295194
1423.532812500  0.006299193
1423.536718750  0.006265891
1423.540625000  0.006266323
1423.544531250  0.006210758
1423.548437500  0.006282365
1423.552343750  0.006315952
1423.556250000  0.006289012
1423.560156250  0.006231472
1423.564062500  0.006298801
1423.567968750  0.006275217
1423.571875000  0.006261920
1423.575781250  0.006355374
1423.579687500  0.006318390
1423.583593750  0.006386489
1423.587500000  0.006231296
1423.591406250  0.006277966
1423.595312500  0.006350126
1423.599218750  0.006284103
1423.603125000  0.006294037
1423.607031250  0.006287337
1423.610937500  0.006315308
1423.614843750  0.006334622
1423.618750000  0.006303721
1423.622656250  0.006325951
1423.626562500  0.006350199
1423.630468750  0.006354574
1423.634375000  0.006332213
1423.638281250  0.006290218
1423.642187500  0.006385069
1423.646093750  0.006335727
1423.650000000  0.006404166
1423.653906250  0.006341323
1423.657812500  0.006362092
1423.661718750  0.006376944
1423.665625000  0.006352841
1423.669531250  0.006319743
1423.673437500  0.006374219
1423.677343750  0.006486000
1423.681250000  0.006271909
1423.685156250  0.006343776
1423.689062500  0.006414676
1423.692968750  0.006366243
1423.696875000  0.006339122
1423.700781250  0.006408205
1423.704687500  0.006445368
1423.708593750  0.006441554
1423.712500000  0.006430615
1423.716406250  0.006375640
1423.720312500  0.006462702
1423.724218750  0.006482559
1423.728125000  0.006441690
1423.732031250  0.006463518
1423.735937500  0.006391963
1423.739843750  0.006464337
1423.743750000  0.006414708
1423.747656250  0.006483625
1423.751562500  0.006392153
1423.755468750  0.006461531
1423.759375000  0.006506773
1423.763281250  0.006420452
1423.767187500  0.006441467
1423.771093750  0.006518898
1423.775000000  0.006562304
1423.778906250  0.006513743
1423.782812500  0.006412817
1423.786718750  0.006419682
1423.790625000  0.006429293
1423.794531250  0.006543953
1423.798437500  0.006459504
1423.802343750  0.006486906
1423.806250000  0.006460123
1423.810156250  0.006480524
1423.814062500  0.006489054
1423.817968750  0.006573480
1423.821875000  0.006584369
1423.825781250  0.006554100
1423.829687500  0.006475697
1423.833593750  0.006454050
1423.837500000  0.006479875
1423.841406250  0.006537311
1423.845312500  0.006531361
1423.849218750  0.006555616
1423.853125000  0.006537764
1423.857031250  0.006513484
1423.860937500  0.006588940
1423.864843750  0.006552021
1423.868750000  0.006617026
1423.872656250  0.006590205
1423.876562500  0.006580340
1423.880468750  0.006579718
1423.884375000  0.006524810
1423.888281250  0.006595223
1423.892187500  0.006563566
1423.896093750  0.006567469
1423.900000000  0.006583005
1423.903906250  0.006608777
1423.907812500  0.006690660
1423.911718750  0.006609842
1423.915625000  0.006614620
1423.919531250  0.006526377
1423.923437500  0.006698032
1423.927343750  0.006587361
1423.931250000  0.006626187
1423.935156250  0.006653806
1423.939062500  0.006645331
1423.942968750  0.006652234
1423.946875000  0.006614661
1423.950781250  0.006710594
1423.954687500  0.006667915
1423.958593750  0.006692692
1423.962500000  0.006764980
1423.966406250  0.006649451
1423.970312500  0.006622107
1423.974218750  0.006657441
1423.978125000  0.006674860
1423.982031250  0.006740807
1423.985937500  0.008088789
1423.989843750  0.007491789
1423.993750000  0.006896910
1423.997656250  0.007462171
1424.001562500  0.008175527
1424.005468750  0.006834012
1424.009375000  0.006825136
1424.013281250  0.006774146
1424.017187500  0.006747201
1424.021093750  0.006710502
1424.025000000  0.006727227
1424.028906250  0.006749287
1424.032812500  0.006691505
1424.036718750  0.006788756
1424.040625000  0.006753046
1424.044531250  0.006798932
1424.048437500  0.006725099
1424.052343750  0.006738933
1424.056250000  0.006827420
1424.060156250  0.006779048
1424.064062500  0.006724884
1424.067968750  0.006825544
1424.071875000  0.006746342
1424.075781250  0.006769580
1424.079687500  0.006781682
1424.083593750  0.006804588
1424.087500000  0.006746978
1424.091406250  0.006800464
1424.095312500  0.006806651
1424.099218750  0.006821172
1424.103125000  0.006902138
1424.107031250  0.006871149
1424.110937500  0.006819724
1424.114843750  0.006753370
1424.118750000  0.006780372
1424.122656250  0.006768042
1424.126562500  0.006800321
1424.130468750  0.006785727
1424.134375000  0.006799736
1424.138281250  0.006826250
1424.142187500  0.006801732
1424.146093750  0.006890649
1424.150000000  0.006894071
1424.153906250  0.007038962
1424.157812500  0.006834206
1424.161718750  0.006910709
1424.165625000  0.006938939
1424.169531250  0.006794086
1424.173437500  0.006859059
1424.177343750  0.006926342
1424.181250000  0.006811016
1424.185156250  0.006883998
1424.189062500  0.006913287
1424.192968750  0.006895541
1424.196875000  0.006868923
1424.200781250  0.007027411
1424.204687500  0.006888103
1424.208593750  0.006988318
1424.212500000  0.006909906
1424.216406250  0.006903948
1424.220312500  0.006843517
1424.224218750  0.006903220
1424.228125000  0.006927741
1424.232031250  0.006899787
1424.235937500  0.006929313
1424.239843750  0.006905324
1424.243750000  0.006858493
1424.247656250  0.007084104
1424.251562500  0.007020417
1424.255468750  0.006860247
1424.259375000  0.006992782
1424.263281250  0.007028978
1424.267187500  0.006898636
1424.271093750  0.006996882
1424.275000000  0.006930773
1424.278906250  0.006954137
1424.282812500  0.006885935
1424.286718750  0.006904986
1424.290625000  0.006994457
1424.294531250  0.006986480
1424.298437500  0.006985354
1424.302343750  0.006933488
1424.306250000  0.007051594
1424.310156250  0.006917060
1424.314062500  0.007009348
1424.317968750  0.006993208
1424.321875000  0.006980043
1424.325781250  0.006952450
1424.329687500  0.006986416
1424.333593750  0.006938175
1424.337500000  0.006910409
1424.341406250  0.006946980
1424.345312500  0.006934394
1424.349218750  0.006888008
1424.353125000  0.006982240
1424.357031250  0.006896630
1424.360937500  0.006992892
1424.364843750  0.006920327
1424.368750000  0.007042359
1424.372656250  0.007187601
1424.376562500  0.006942539
1424.380468750  0.006953730
1424.384375000  0.006960748
1424.388281250  0.006962068
1424.392187500  0.007036319
1424.396093750  0.006947506

