2000(10000)
1416.400000000  0.007394773
1416.403906250  0.007370219
1416.407812500  0.007393665
1416.411718750  0.007345084
1416.415625000  0.007395535
1416.419531250  0.007387266
1416.423437500  0.007405776
1416.427343750  0.007632707
1416.431250000  0.007472180
1416.435156250  0.007339841
1416.439062500  0.007427640
1416.442968750  0.007395274
1416.446875000  0.007410837
1416.450781250  0.007419424
1416.454687500  0.007304788
1416.458593750  0.007366850
1416.462500000  0.007322018
1416.466406250  0.007398187
1416.470312500  0.007370677
1416.474218750  0.007403395
1416.478125000  0.007340904
1416.482031250  0.007729749
1416.485937500  0.007418872
1416.489843750  0.007420726
1416.493750000  0.007284144
1416.497656250  0.007361090
1416.501562500  0.007309269
1416.505468750  0.007396408
1416.509375000  0.007364688
1416.513281250  0.007360335
1416.517187500  0.007389542
1416.521093750  0.007308297
1416.525000000  0.007379652
1416.528906250  0.007394737
1416.532812500  0.007508771
1416.536718750  0.007607849
1416.540625000  0.007393226
1416.544531250  0.007407613
1416.548437500  0.007407179
1416.552343750  0.007398101
1416.556250000  0.007327519
1416.560156250  0.007386044
1416.564062500  0.007364097
1416.567968750  0.007414063
1416.571875000  0.007354424
1416.575781250  0.007460548
1416.579687500  0.007458046
1416.583593750  0.007420782
1416.587500000  0.007350561
1416.591406250  0.007582662
1416.595312500  0.007435205
1416.599218750  0.007421517
1416.603125000  0.007476086
1416.607031250  0.007324293
1416.610937500  0.007346116
1416.614843750  0.007425840
1416.618750000  0.007502608
1416.622656250  0.007457331
1416.626562500  0.007542041
1416.630468750  0.007488765
1416.634375000  0.007549293
1416.638281250  0.007595773
1416.642187500  0.007667210
1416.646093750  0.008419129
1416.650000000  0.008162650
1416.653906250  0.008113756
1416.657812500  0.007718639
1416.661718750  0.007526429
1416.665625000  0.007503068
1416.669531250  0.007460413
1416.673437500  0.007334306
1416.677343750  0.007418025
1416.681250000  0.007286986
1416.685156250  0.007401776
1416.689062500  0.007370755
1416.692968750  0.007282425
1416.696875000  0.007505201
1416.700781250  0.007925729
1416.704687500  0.007550261
1416.708593750  0.007417279
1416.712500000  0.007363315
1416.716406250  0.007317737
1416.720312500  0.007376235
1416.724218750  0.007350496
1416.728125000  0.007302651
1416.732031250  0.007325410
1416.735937500  0.007272893
1416.739843750  0.007380423
1416.743750000  0.007310587
1416.747656250  0.007360623
1416.751562500  0.007563701
1416.755468750  0.008535167
1416.759375000  0.007698112
1416.763281250  0.007344035
1416.767187500  0.007417359
1416.771093750  0.007406737
1416.775000000  0.007305484
1416.778906250  0.007368312
1416.782812500  0.007438590
1416.786718750  0.007303065
1416.790625000  0.007325220
1416.794531250  0.007322798
1416.798437500  0.007436176
1416.802343750  0.007456997
1416.806250000  0.007763394
1416.810156250  0.011555855
1416.814062500  0.008780484
1416.817968750  0.007738341
1416.821875000  0.007476767
1416.825781250  0.007445460
1416.829687500  0.007469746
1416.833593750  0.007411022
1416.837500000  0.007598538
1416.841406250  0.007590693
1416.845312500  0.007634696
1416.849218750  0.007666624
1416.853125000  0.008007490
1416.857031250  0.008761149
1416.860937500  0.011056346
1416.864843750  0.033052962
1416.868750000  0.019990312
1416.872656250  0.009993961
1416.876562500  0.008452739
1416.880468750  0.007925386
1416.884375000  0.007628099
1416.888281250  0.007612971
1416.892187500  0.007518232
1416.896093750  0.007499548
1416.900000000  0.007390223
1416.903906250  0.007353582
1416.907812500  0.007440642
1416.911718750  0.007437572
1416.915625000  0.007752311
1416.919531250  0.011505349
1416.923437500  0.009162656
1416.927343750  0.007538546
1416.931250000  0.007368817
1416.935156250  0.007266754
1416.939062500  0.007242240
1416.942968750  0.007228965
1416.946875000  0.007237219
1416.950781250  0.007208702
1416.954687500  0.007273464
1416.958593750  0.007182394
1416.962500000  0.007212956
1416.966406250  0.007243848
1416.970312500  0.007500671
1416.974218750  0.008744174
1416.978125000  0.007858206
1416.982031250  0.007275347
1416.985937500  0.007259452
1416.989843750  0.007202688
1416.993750000  0.007286704
1416.997656250  0.007570148
1417.001562500  0.008093125
1417.005468750  0.007160993
1417.009375000  0.007255716
1417.013281250  0.007146447
1417.017187500  0.007136117
1417.021093750  0.007206792
1417.025000000  0.007358204
1417.028906250  0.008718099
1417.032812500  0.008051260
1417.036718750  0.007263069
1417.040625000  0.007130760
1417.044531250  0.007167287
1417.048437500  0.007055517
1417.052343750  0.007176241
1417.056250000  0.007132039
1417.060156250  0.007156177
1417.064062500  0.007181189
1417.067968750  0.007211144
1417.071875000  0.007296282
1417.075781250  0.007599517
1417.079687500  0.007972621
1417.083593750  0.008763101
1417.087500000  0.008140309
1417.091406250  0.007388309
1417.095312500  0.007339656
1417.099218750  0.007231883
1417.103125000  0.007281481
1417.107031250  0.007182403
1417.110937500  0.007153542
1417.114843750  0.007129089
1417.118750000  0.007062084
1417.122656250  0.007013118
1417.126562500  0.007055709
1417.130468750  0.007058571
1417.134375000  0.007146193
1417.138281250  0.007589673
1417.142187500  0.007398803
1417.146093750  0.006999494
1417.150000000  0.007045466
1417.153906250  0.007080865
1417.157812500  0.007059890
1417.161718750  0.006984413
1417.165625000  0.007016329
1417.169531250  0.006993897
1417.173437500  0.006898412
1417.177343750  0.007010994
1417.181250000  0.006996820
1417.185156250  0.007010288
1417.189062500  0.007073676
1417.192968750  0.007358993
1417.196875000  0.007256669
1417.200781250  0.006988399
1417.204687500  0.006894949
1417.208593750  0.006966389
1417.212500000  0.006922527
1417.216406250  0.006885912
1417.220312500  0.006926371
1417.224218750  0.006949477
1417.228125000  0.006887549
1417.232031250  0.006967690
1417.235937500  0.006916427
1417.239843750  0.006961002
1417.243750000  0.006919849
1417.247656250  0.007150354
1417.251562500  0.007122710
1417.255468750  0.006942423
1417.259375000  0.006902485
1417.263281250  0.006934989
1417.267187500  0.006922262
1417.271093750  0.006902342
1417.275000000  0.006830778
1417.278906250  0.006917390
1417.282812500  0.006892924
1417.286718750  0.006928045
1417.290625000  0.006935654
1417.294531250  0.006988816
1417.298437500  0.006962992
1417.302343750  0.006965704
1417.306250000  0.007034384
1417.310156250  0.006933042
1417.314062500  0.006903924
1417.317968750  0.006837477
1417.321875000  0.006904748
1417.325781250  0.006883809
1417.329687500  0.006875335
1417.333593750  0.006880947
1417.337500000  0.006835378
1417.341406250  0.006873606
1417.345312500  0.006850817
1417.349218750  0.006834704
1417.353125000  0.006854662
1417.357031250  0.006926265
1417.360937500  0.006954227
1417.364843750  0.006781101
1417.368750000  0.006869690
1417.372656250  0.006839921
1417.376562500  0.006844340
1417.380468750  0.006811058
1417.384375000  0.006805785
1417.388281250  0.006832132
1417.392187500  0.006810415
1417.396093750  0.006853609
1417.400000000  0.006839593
1417.403906250  0.006784502
1417.407812500  0.006829752
1417.411718750  0.006827131
1417.415625000  0.006925951
1417.419531250  0.006803532
1417.423437500  0.006853601
1417.427343750  0.006815598
1417.431250000  0.006796318
1417.435156250  0.006835062
1417.439062500  0.006865948
1417.442968750  0.006760721
1417.446875000  0.006800779
1417.450781250  0.006742096
1417.454687500  0.006812651
1417.458593750  0.006762106
1417.462500000  0.006786257
1417.466406250  0.006808135
1417.470312500  0.006876638
1417.474218750  0.006754523
1417.478125000  0.006769372
1417.482031250  0.006753228
1417.485937500  0.006808351
1417.489843750  0.006781709
1417.493750000  0.006777652
1417.497656250  0.006744825
1417.501562500  0.006744794
1417.505468750  0.006787492
1417.509375000  0.006720467
1417.513281250  0.006763670
1417.517187500  0.006781540
1417.521093750  0.006802017
1417.525000000  0.006817389
1417.528906250  0.006731400
1417.532812500  0.006831229
1417.536718750  0.006785544
1417.540625000  0.006675117
1417.544531250  0.006786549
1417.548437500  0.006734235
1417.552343750  0.006721903
1417.556250000  0.006726031
1417.560156250  0.006726164
1417.564062500  0.006758311
1417.567968750  0.006790739
1417.571875000  0.006701223
1417.575781250  0.006757191
1417.579687500  0.006834359
1417.583593750  0.006776217
1417.587500000  0.006755688
1417.591406250  0.006670657
1417.595312500  0.006733843
1417.599218750  0.006676285
1417.603125000  0.006651691
1417.607031250  0.006699819
1417.610937500  0.006628237
1417.614843750  0.006694168
1417.618750000  0.006672623
1417.622656250  0.006743557
1417.626562500  0.006770114
1417.630468750  0.006703808
1417.634375000  0.006827725
1417.638281250  0.006738192
1417.642187500  0.006701773
1417.646093750  0.006756757
1417.650000000  0.006666347
1417.653906250  0.006640961
1417.657812500  0.006723681
1417.661718750  0.006667844
1417.665625000  0.006599355
1417.669531250  0.006703501
1417.673437500  0.006678662
1417.677343750  0.006761486
1417.681250000  0.006686431
1417.685156250  0.006723287
1417.689062500  0.006803621
1417.692968750  0.006642495
1417.696875000  0.006713905
1417.700781250  0.006642644
1417.704687500  0.006650569
1417.708593750  0.006651793
1417.712500000  0.006692307
1417.716406250  0.006729894
1417.720312500  0.006616066
1417.724218750  0.006676590
1417.728125000  0.006649066
1417.732031250  0.006688256
1417.735937500  0.006727914
1417.739843750  0.006665766
1417.743750000  0.006781647
1417.747656250  0.006647442
1417.751562500  0.006612678
1417.755468750  0.006640831
1417.759375000  0.006598629
1417.763281250  0.006652747
1417.767187500  0.006686039
1417.771093750  0.006713408
1417.775000000  0.006675301
1417.778906250  0.006686477
1417.782812500  0.006698581
1417.786718750  0.006611360
1417.790625000  0.006662480
1417.794531250  0.006640015
1417.798437500  0.006749644
1417.802343750  0.006628988
1417.806250000  0.006677830
1417.810156250  0.006673436
1417.814062500  0.006700955
1417.817968750  0.006703589
1417.821875000  0.006640624
1417.825781250  0.006624364
1417.829687500  0.006560883
1417.833593750  0.006647376
1417.837500000  0.006610096
1417.841406250  0.006637894
1417.845312500  0.006654418
1417.849218750  0.006638625
1417.853125000  0.006684695
1417.857031250  0.006601563
1417.860937500  0.006597185
1417.864843750  0.006667155
1417.868750000  0.006645417
1417.872656250  0.006608181
1417.876562500  0.006585236
1417.880468750  0.006608630
1417.884375000  0.006624374
1417.888281250  0.006597276
1417.892187500  0.006576398
1417.896093750  0.006558243
1417.900000000  0.006566283
1417.903906250  0.006642165
1417.907812500  0.006738453
1417.911718750  0.006636320
1417.915625000  0.006647944
1417.919531250  0.006564999
1417.923437500  0.006584624
1417.927343750  0.006577803
1417.931250000  0.006666098
1417.935156250  0.006559774
1417.939062500  0.006642528
1417.942968750  0.006559224
1417.946875000  0.006560264
1417.950781250  0.006607283
1417.954687500  0.006611303
1417.958593750  0.006628031
1417.962500000  0.006775815
1417.966406250  0.006600097
1417.970312500  0.006648446
1417.974218750  0.006525874
1417.978125000  0.006608792
1417.982031250  0.006581585
1417.985937500  0.006638532
1417.989843750  0.006594899
1417.993750000  0.006625510
1417.997656250  0.006573174
1418.001562500  0.006604908
1418.005468750  0.006533801
1418.009375000  0.006686965
1418.013281250  0.006620226
1418.017187500  0.006717773
1418.021093750  0.006523393
1418.025000000  0.006619480
1418.028906250  0.006601389
1418.032812500  0.006582512
1418.036718750  0.006578465
1418.040625000  0.006575876
1418.044531250  0.006529434
1418.048437500  0.006560955
1418.052343750  0.006618425
1418.056250000  0.006593848
1418.060156250  0.006556217
1418.064062500  0.006490630
1418.067968750  0.006561982
1418.071875000  0.006639057
1418.075781250  0.006565351
1418.079687500  0.006528282
1418.083593750  0.006563097
1418.087500000  0.006521007
1418.091406250  0.006573140
1418.095312500  0.006569566
1418.099218750  0.006543892
1418.103125000  0.006570611
1418.107031250  0.006587071
1418.110937500  0.006484970
1418.114843750  0.006517506
1418.118750000  0.006503143
1418.122656250  0.006563929
1418.126562500  0.006720183
1418.130468750  0.006597089
1418.134375000  0.006554224
1418.138281250  0.006487943
1418.142187500  0.006530611
1418.146093750  0.006568399
1418.150000000  0.006483117
1418.153906250  0.006563022
1418.157812500  0.006584238
1418.161718750  0.006586915
1418.165625000  0.006498052
1418.169531250  0.006522503
1418.173437500  0.006576058
1418.177343750  0.006544147
1418.181250000  0.006579041
1418.185156250  0.006551777
1418.189062500  0.006507099
1418.192968750  0.006569418
1418.196875000  0.006614044
1418.200781250  0.006627511
1418.204687500  0.006514071
1418.208593750  0.006526700
1418.212500000  0.006592165
1418.216406250  0.006530698
1418.220312500  0.006487518
1418.224218750  0.006538665
1418.228125000  0.006515673
1418.232031250  0.006497878
1418.235937500  0.006497642
1418.239843750  0.006549036
1418.243750000  0.006507929
1418.247656250  0.006592675
1418.251562500  0.006491702
1418.255468750  0.006525266
1418.259375000  0.006552628
1418.263281250  0.006481154
1418.267187500  0.006570241
1418.271093750  0.006514193
1418.275000000  0.006549903
1418.278906250  0.006530128
1418.282812500  0.006553441
1418.286718750  0.006490720
1418.290625000  0.006661932
1418.294531250  0.006688733
1418.298437500  0.006532650
1418.302343750  0.006520678
1418.306250000  0.006534370
1418.310156250  0.006478568
1418.314062500  0.006508256
1418.317968750  0.006516319
1418.321875000  0.006577409
1418.325781250  0.006558598
1418.329687500  0.006519447
1418.333593750  0.006466098
1418.337500000  0.006535328
1418.341406250  0.006580524
1418.345312500  0.006599446
1418.349218750  0.006540526
1418.353125000  0.006534016
1418.357031250  0.006507112
1418.360937500  0.006481937
1418.364843750  0.006537334
1418.368750000  0.006517582
1418.372656250  0.006560629
1418.376562500  0.006566202
1418.380468750  0.006570267
1418.384375000  0.006539668
1418.388281250  0.006502668
1418.392187500  0.006508004
1418.396093750  0.006575249
1418.400000000  0.006661820
1418.403906250  0.006497755
1418.407812500  0.006551962
1418.411718750  0.006493395
1418.415625000  0.006512382
1418.419531250  0.006495724
1418.423437500  0.006511211
1418.427343750  0.006496048
1418.431250000  0.006497810
1418.435156250  0.006573804
1418.439062500  0.006493913
1418.442968750  0.006519422
1418.446875000  0.006468906
1418.450781250  0.006575471
1418.454687500  0.006536434
1418.458593750  0.006510333
1418.462500000  0.006566324
1418.466406250  0.006511809
1418.470312500  0.006511228
1418.474218750  0.006495510
1418.478125000  0.006554940
1418.482031250  0.006507532
1418.485937500  0.006599333
1418.489843750  0.006512760
1418.493750000  0.006542107
1418.497656250  0.006514142
1418.501562500  0.006528667
1418.505468750  0.006493434
1418.509375000  0.006585944
1418.513281250  0.006526473
1418.517187500  0.006500788
1418.521093750  0.006553641
1418.525000000  0.006517218
1418.528906250  0.006586242
1418.532812500  0.006699001
1418.536718750  0.006580413
1418.540625000  0.006539669
1418.544531250  0.006527867
1418.548437500  0.006517801
1418.552343750  0.006491421
1418.556250000  0.006562401
1418.560156250  0.006579927
1418.564062500  0.006590722
1418.567968750  0.006510332
1418.571875000  0.006498428
1418.575781250  0.006515628
1418.579687500  0.006517327
1418.583593750  0.006563585
1418.587500000  0.006418562
1418.591406250  0.006523198
1418.595312500  0.006519445
1418.599218750  0.006598212
1418.603125000  0.006486050
1418.607031250  0.006509152
1418.610937500  0.006516397
1418.614843750  0.006467885
1418.618750000  0.006575406
1418.622656250  0.006584544
1418.626562500  0.006579366
1418.630468750  0.006553225
1418.634375000  0.006524270
1418.638281250  0.006511216
1418.642187500  0.006485662
1418.646093750  0.006592044
1418.650000000  0.006562431
1418.653906250  0.006526926
1418.657812500  0.006518735
1418.661718750  0.006569281
1418.665625000  0.006575109
1418.669531250  0.006506528
1418.673437500  0.006522873
1418.677343750  0.006582784
1418.681250000  0.006527657
1418.685156250  0.006483371
1418.689062500  0.006524302
1418.692968750  0.006626184
1418.696875000  0.006503565
1418.700781250  0.006556097
1418.704687500  0.006560690
1418.708593750  0.006491924
1418.712500000  0.006491978
1418.716406250  0.006525448
1418.720312500  0.006537985
1418.724218750  0.006585086
1418.728125000  0.006566292
1418.732031250  0.006546435
1418.735937500  0.006542592
1418.739843750  0.006516959
1418.743750000  0.006509156
1418.747656250  0.006519081
1418.751562500  0.006537764
1418.755468750  0.006501137
1418.759375000  0.006549626
1418.763281250  0.006517724
1418.767187500  0.006571227
1418.771093750  0.006570133
1418.775000000  0.006566365
1418.778906250  0.006593610
1418.782812500  0.006513417
1418.786718750  0.006508354
1418.790625000  0.006559385
1418.794531250  0.006558264
1418.798437500  0.006531239
1418.802343750  0.006520064
1418.806250000  0.006597454
1418.810156250  0.006567240
1418.814062500  0.006530748
1418.817968750  0.006624720
1418.821875000  0.006570030
1418.825781250  0.006587147
1418.829687500  0.006530520
1418.833593750  0.006505479
1418.837500000  0.006522811
1418.841406250  0.006560699
1418.845312500  0.006517212
1418.849218750  0.006586819
1418.853125000  0.006482178
1418.857031250  0.006531711
1418.860937500  0.006649423
1418.864843750  0.006569867
1418.868750000  0.006576156
1418.872656250  0.006567626
1418.876562500  0.006469742
1418.880468750  0.006507227
1418.884375000  0.006477442
1418.888281250  0.006543067
1418.892187500  0.006579712
1418.896093750  0.006596348
1418.900000000  0.006490867
1418.903906250  0.006532242
1418.907812500  0.006556274
1418.911718750  0.006574149
1418.915625000  0.006564714
1418.919531250  0.006589016
1418.923437500  0.006542365
1418.927343750  0.006558453
1418.931250000  0.006554561
1418.935156250  0.006601197
1418.939062500  0.006531056
1418.942968750  0.006536177
1418.946875000  0.006560683
1418.950781250  0.006560558
1418.954687500  0.006498854
1418.958593750  0.006510715
1418.962500000  0.006570977
1418.966406250  0.006520815
1418.970312500  0.006569163
1418.974218750  0.006510370
1418.978125000  0.006508916
1418.982031250  0.006557167
1418.985937500  0.006585964
1418.989843750  0.006551526
1418.993750000  0.006540141
1418.997656250  0.006589615
1419.001562500  0.006631044
1419.005468750  0.006522323
1419.009375000  0.006626879
1419.013281250  0.006565047
1419.017187500  0.006500568
1419.021093750  0.006577314
1419.025000000  0.006546809
1419.028906250  0.006572706
1419.032812500  0.006516952
1419.036718750  0.006528803
1419.040625000  0.006524787
1419.044531250  0.006565675
1419.048437500  0.006571334
1419.052343750  0.006540052
1419.056250000  0.006625072
1419.060156250  0.006591770
1419.064062500  0.006523906
1419.067968750  0.006561261
1419.071875000  0.006522121
1419.075781250  0.006529376
1419.079687500  0.006542598
1419.083593750  0.006573704
1419.087500000  0.006502949
1419.091406250  0.006563511
1419.095312500  0.006530963
1419.099218750  0.006581047
1419.103125000  0.006579377
1419.107031250  0.006573873
1419.110937500  0.006536899
1419.114843750  0.006620526
1419.118750000  0.006613386
1419.122656250  0.006536815
1419.126562500  0.006610197
1419.130468750  0.006559940
1419.134375000  0.007059561
1419.138281250  0.006508671
1419.142187500  0.006513931
1419.146093750  0.006528186
1419.150000000  0.006575599
1419.153906250  0.006521442
1419.157812500  0.006473099
1419.161718750  0.006573698
1419.165625000  0.006552481
1419.169531250  0.006486953
1419.173437500  0.006510885
1419.177343750  0.006539264
1419.181250000  0.006562105
1419.185156250  0.006575911
1419.189062500  0.006550299
1419.192968750  0.006534980
1419.196875000  0.006609896
1419.200781250  0.006605897
1419.204687500  0.006550516
1419.208593750  0.006550077
1419.212500000  0.006580693
1419.216406250  0.006546016
1419.220312500  0.006570740
1419.224218750  0.006568101
1419.228125000  0.006489737
1419.232031250  0.006524433
1419.235937500  0.006562745
1419.239843750  0.006531760
1419.243750000  0.006513750
1419.247656250  0.006638220
1419.251562500  0.006567136
1419.255468750  0.006500882
1419.259375000  0.006454135
1419.263281250  0.006478312
1419.267187500  0.006510003
1419.271093750  0.006536272
1419.275000000  0.006560630
1419.278906250  0.006523077
1419.282812500  0.006533582
1419.286718750  0.006545166
1419.290625000  0.006536225
1419.294531250  0.006593495
1419.298437500  0.006492981
1419.302343750  0.006535988
1419.306250000  0.006507211
1419.310156250  0.006483081
1419.314062500  0.006516592
1419.317968750  0.006482254
1419.321875000  0.006533304
1419.325781250  0.006538852
1419.329687500  0.006591898
1419.333593750  0.006504722
1419.337500000  0.006558350
1419.341406250  0.006543438
1419.345312500  0.006511536
1419.349218750  0.006553528
1419.353125000  0.006541785
1419.357031250  0.006463016
1419.360937500  0.006509311
1419.364843750  0.006572747
1419.368750000  0.006521520
1419.372656250  0.006568050
1419.376562500  0.006542663
1419.380468750  0.006488228
1419.384375000  0.006577156
1419.388281250  0.006538048
1419.392187500  0.006529522
1419.396093750  0.006482561
1419.400000000  0.006544818
1419.403906250  0.006517515
1419.407812500  0.006547627
1419.411718750  0.006518559
1419.415625000  0.006503485
1419.419531250  0.006527239
1419.423437500  0.006499384
1419.427343750  0.006532981
1419.431250000  0.006568326
1419.435156250  0.006585604
1419.439062500  0.006560850
1419.442968750  0.006466166
1419.446875000  0.006538123
1419.450781250  0.006458751
1419.454687500  0.006532679
1419.458593750  0.006527137
1419.462500000  0.006529681
1419.466406250  0.006530690
1419.470312500  0.006536255
1419.474218750  0.006495027
1419.478125000  0.006519330
1419.482031250  0.006479105
1419.485937500  0.006604749
1419.489843750  0.006449065
1419.493750000  0.006558135
1419.497656250  0.006580160
1419.501562500  0.006516841
1419.505468750  0.006503559
1419.509375000  0.006417112
1419.513281250  0.006459872
1419.517187500  0.006467806
1419.521093750  0.006511993
1419.525000000  0.006539017
1419.528906250  0.006563036
1419.532812500  0.006573547
1419.536718750  0.006479784
1419.540625000  0.006536370
1419.544531250  0.006527006
1419.548437500  0.006488298
1419.552343750  0.006546335
1419.556250000  0.006549827
1419.560156250  0.006543114
1419.564062500  0.006502045
1419.567968750  0.006516345
1419.571875000  0.006530912
1419.575781250  0.006516875
1419.579687500  0.006614736
1419.583593750  0.006533854
1419.587500000  0.006527563
1419.591406250  0.006519825
1419.595312500  0.006590165
1419.599218750  0.006516677
1419.603125000  0.006522033
1419.607031250  0.006524873
1419.610937500  0.006533562
1419.614843750  0.006458361
1419.618750000  0.006509830
1419.622656250  0.006480361
1419.626562500  0.006615075
1419.630468750  0.006529927
1419.634375000  0.006515744
1419.638281250  0.006466934
1419.642187500  0.006522164
1419.646093750  0.006541689
1419.650000000  0.006486730
1419.653906250  0.006535628
1419.657812500  0.006498234
1419.661718750  0.006507830
1419.665625000  0.006533041
1419.669531250  0.006483692
1419.673437500  0.006494352
1419.677343750  0.006555259
1419.681250000  0.006514575
1419.685156250  0.006453935
1419.689062500  0.006495759
1419.692968750  0.006496451
1419.696875000  0.006456233
1419.700781250  0.006504836
1419.704687500  0.006518257
1419.708593750  0.006541380
1419.712500000  0.006556417
1419.716406250  0.006570403
1419.720312500  0.006540294
1419.724218750  0.006549971
1419.728125000  0.006536080
1419.732031250  0.006475386
1419.735937500  0.006428203
1419.739843750  0.006509774
1419.743750000  0.006525829
1419.747656250  0.006503646
1419.751562500  0.006476935
1419.755468750  0.006499061
1419.759375000  0.006505264
1419.763281250  0.006531515
1419.767187500  0.006527350
1419.771093750  0.006509560
1419.775000000  0.006503438
1419.778906250  0.006498796
1419.782812500  0.006504483
1419.786718750  0.006456383
1419.790625000  0.006480381
1419.794531250  0.006477948
1419.798437500  0.006499045
1419.802343750  0.006516305
1419.806250000  0.006521332
1419.810156250  0.006546747
1419.814062500  0.006515358
1419.817968750  0.006540008
1419.821875000  0.006471378
1419.825781250  0.006602808
1419.829687500  0.006521487
1419.833593750  0.006529657
1419.837500000  0.006486076
1419.841406250  0.006487896
1419.845312500  0.006479099
1419.849218750  0.006546388
1419.853125000  0.006575001
1419.857031250  0.006499645
1419.860937500  0.006557958
1419.864843750  0.006472620
1419.868750000  0.006511288
1419.872656250  0.006466354
1419.876562500  0.006519496
1419.880468750  0.006531966
1419.884375000  0.006544653
1419.888281250  0.006482518
1419.892187500  0.006519178
1419.896093750  0.006581825
1419.900000000  0.006500554
1419.903906250  0.006524638
1419.907812500  0.006546386
1419.911718750  0.006533989
1419.915625000  0.006528439
1419.919531250  0.006503208
1419.923437500  0.006484610
1419.927343750  0.006540632
1419.931250000  0.006507792
1419.935156250  0.006558762
1419.939062500  0.006498415
1419.942968750  0.006529948
1419.946875000  0.006519384
1419.950781250  0.006521057
1419.954687500  0.006538886
1419.958593750  0.006530584
1419.962500000  0.006531913
1419.966406250  0.006548037
1419.970312500  0.006568522
1419.974218750  0.006491253
1419.978125000  0.006481516
1419.982031250  0.006645306
1419.985937500  0.007214429
1419.989843750  0.006922790
1419.993750000  0.006753718
1419.997656250  0.007260777
1420.001562500  0.007963021
1420.005468750  0.006645979
1420.009375000  0.006620244
1420.013281250  0.006533283
1420.017187500  0.006525599
1420.021093750  0.006541518
1420.025000000  0.006568835
1420.028906250  0.006550099
1420.032812500  0.006543550
1420.036718750  0.006640531
1420.040625000  0.006526916
1420.044531250  0.006543793
1420.048437500  0.006509513
1420.052343750  0.006542944
1420.056250000  0.006534210
1420.060156250  0.006520869
1420.064062500  0.006605792
1420.067968750  0.006502992
1420.071875000  0.006533185
1420.075781250  0.006565159
1420.079687500  0.006541584
1420.083593750  0.006569693
1420.087500000  0.006576946
1420.091406250  0.006524418
1420.095312500  0.006545220
1420.099218750  0.006495263
1420.103125000  0.006523055
1420.107031250  0.006523857
1420.110937500  0.006519920
1420.114843750  0.006529498
1420.118750000  0.006535469
1420.122656250  0.006489056
1420.126562500  0.006547571
1420.130468750  0.006590356
1420.134375000  0.006529280
1420.138281250  0.006509799
1420.142187500  0.006527135
1420.146093750  0.006522872
1420.150000000  0.006505533
1420.153906250  0.006575004
1420.157812500  0.006517788
1420.161718750  0.006513134
1420.165625000  0.006542522
1420.169531250  0.006562458
1420.173437500  0.006527574
1420.177343750  0.006521588
1420.181250000  0.006504485
1420.185156250  0.006570273
1420.189062500  0.006541923
1420.192968750  0.006535084
1420.196875000  0.006544536
1420.200781250  0.006591766
1420.204687500  0.006586562
1420.208593750  0.006535248
1420.212500000  0.006535380
1420.216406250  0.006450022
1420.220312500  0.006511906
1420.224218750  0.006514172
1420.228125000  0.006520846
1420.232031250  0.006511603
1420.235937500  0.006555541
1420.239843750  0.006584108
1420.243750000  0.006632525
1420.247656250  0.006578647
1420.251562500  0.006588636
1420.255468750  0.006528336
1420.259375000  0.006520601
1420.263281250  0.006583461
1420.267187500  0.006521664
1420.271093750  0.006519075
1420.275000000  0.006514583
1420.278906250  0.006476535
1420.282812500  0.006566809
1420.286718750  0.006564336
1420.290625000  0.006541236
1420.294531250  0.006524271
1420.298437500  0.006542355
1420.302343750  0.006500848
1420.306250000  0.006484866
1420.310156250  0.006532480
1420.314062500  0.006549981
1420.317968750  0.006469608
1420.321875000  0.006502793
1420.325781250  0.006570953
1420.329687500  0.006599397
1420.333593750  0.006494421
1420.337500000  0.006571128
1420.341406250  0.006624825
1420.345312500  0.006600010
1420.349218750  0.006568490
1420.353125000  0.006530065
1420.357031250  0.006521336
1420.360937500  0.006556268
1420.364843750  0.006625057
1420.368750000  0.006630805
1420.372656250  0.006644386
1420.376562500  0.006528670
1420.380468750  0.006630329
1420.384375000  0.006640897
1420.388281250  0.006659679
1420.392187500  0.006676730
1420.396093750  0.006619273
1420.400000000  0.007749141
1420.403906250  0.006694849
1420.407812500  0.006711719
1420.411718750  0.006651420
1420.415625000  0.006665199
1420.419531250  0.006688680
1420.423437500  0.006657987
1420.427343750  0.006765968
1420.431250000  0.006668523
1420.435156250  0.006709259
1420.439062500  0.006726473
1420.442968750  0.006589285
1420.446875000  0.006641222
1420.450781250  0.006650395
1420.454687500  0.006709925
1420.458593750  0.006614516
1420.462500000  0.006656264
1420.466406250  0.006643545
1420.470312500  0.006663495
1420.474218750  0.006611159
1420.478125000  0.006679603
1420.482031250  0.006639258
1420.485937500  0.006638417
1420.489843750  0.006541853
1420.493750000  0.006565175
1420.497656250  0.006571194
1420.501562500  0.006546346
1420.505468750  0.006637047
1420.509375000  0.006575063
1420.513281250  0.006524053
1420.517187500  0.006526122
1420.521093750  0.006498168
1420.525000000  0.006574220
1420.528906250  0.006497970
1420.532812500  0.006580092
1420.536718750  0.006498775
1420.540625000  0.006439464
1420.544531250  0.006554727
1420.548437500  0.006539785
1420.552343750  0.006535324
1420.556250000  0.006522200
1420.560156250  0.006512932
1420.564062500  0.006449507
1420.567968750  0.006471382
1420.571875000  0.006508291
1420.575781250  0.006520139
1420.579687500  0.006507044
1420.583593750  0.006482798
1420.587500000  0.006472095
1420.591406250  0.006446728
1420.595312500  0.006509318
1420.599218750  0.006505112
1420.603125000  0.006477829
1420.607031250  0.006570969
1420.610937500  0.006493983
1420.614843750  0.006429864
1420.618750000  0.006469614
1420.622656250  0.006456166
1420.626562500  0.006479426
1420.630468750  0.006461372
1420.634375000  0.006458413
1420.638281250  0.006471044
1420.642187500  0.006466152
1420.646093750  0.006524319
1420.650000000  0.006514647
1420.653906250  0.006469927
1420.657812500  0.006418308
1420.661718750  0.006523589
1420.665625000  0.006506286
1420.669531250  0.006443721
1420.673437500  0.006530942
1420.677343750  0.006474399
1420.681250000  0.006510658
1420.685156250  0.006454218
1420.689062500  0.006456238
1420.692968750  0.006464678
1420.696875000  0.006439729
1420.700781250  0.006499494
1420.704687500  0.006474373
1420.708593750  0.006459759
1420.712500000  0.006491393
1420.716406250  0.006520734
1420.720312500  0.006475092
1420.724218750  0.006473101
1420.728125000  0.006482239
1420.732031250  0.006397097
1420.735937500  0.006433477
1420.739843750  0.006431409
1420.743750000  0.006474815
1420.747656250  0.006457350
1420.751562500  0.006410544
1420.755468750  0.006451258
1420.759375000  0.006464539
1420.763281250  0.006449178
1420.767187500  0.006457641
1420.771093750  0.006489797
1420.775000000  0.006433723
1420.778906250  0.006490801
1420.782812500  0.006431545
1420.786718750  0.006436447
1420.790625000  0.006442065
1420.794531250  0.006489962
1420.798437500  0.006443972
1420.802343750  0.006422979
1420.806250000  0.006439370
1420.810156250  0.006446560
1420.814062500  0.006494346
1420.817968750  0.006416517
1420.821875000  0.006400543
1420.825781250  0.006412462
1420.829687500  0.006428081
1420.833593750  0.006399167
1420.837500000  0.006401864
1420.841406250  0.006396396
1420.845312500  0.006426291
1420.849218750  0.006449563
1420.853125000  0.006384313
1420.857031250  0.006464658
1420.860937500  0.006398353
1420.864843750  0.006395634
1420.868750000  0.006412896
1420.872656250  0.006478653
1420.876562500  0.006462275
1420.880468750  0.006413516
1420.884375000  0.006445043
1420.888281250  0.006452752
1420.892187500  0.006395313
1420.896093750  0.006437996
1420.900000000  0.006380633
1420.903906250  0.006407020
1420.907812500  0.006465170
1420.911718750  0.006449250
1420.915625000  0.006412688
1420.919531250  0.006493555
1420.923437500  0.006441994
1420.927343750  0.006518060
1420.931250000  0.006450987
1420.935156250  0.006457983
1420.939062500  0.006478560
1420.942968750  0.006379396
1420.946875000  0.006386654
1420.950781250  0.006367513
1420.954687500  0.006438495
1420.958593750  0.006407038
1420.962500000  0.006409963
1420.966406250  0.006410872
1420.970312500  0.006427862
1420.974218750  0.006444924
1420.978125000  0.006409180
1420.982031250  0.006472326
1420.985937500  0.006441199
1420.989843750  0.006368592
1420.993750000  0.006443963
1420.997656250  0.006408521
1421.001562500  0.006387433
1421.005468750  0.006431633
1421.009375000  0.006432795
1421.013281250  0.006397156
1421.017187500  0.006419947
1421.021093750  0.006443114
1421.025000000  0.006355813
1421.028906250  0.006440999
1421.032812500  0.006430159
1421.036718750  0.006426714
1421.040625000  0.006348221
1421.044531250  0.006431994
1421.048437500  0.006469153
1421.052343750  0.006405895
1421.056250000  0.006427154
1421.060156250  0.006392779
1421.064062500  0.006392710
1421.067968750  0.006436997
1421.071875000  0.006428687
1421.075781250  0.006421346
1421.079687500  0.006431988
1421.083593750  0.006455470
1421.087500000  0.006435140
1421.091406250  0.006411581
1421.095312500  0.006430017
1421.099218750  0.006406608
1421.103125000  0.006431268
1421.107031250  0.006475341
1421.110937500  0.006360683
1421.114843750  0.006411601
1421.118750000  0.006398762
1421.122656250  0.006391040
1421.126562500  0.006486833
1421.130468750  0.006464577
1421.134375000  0.006481425
1421.138281250  0.006417925
1421.142187500  0.006392554
1421.146093750  0.006375265
1421.150000000  0.006424585
1421.153906250  0.006408907
1421.157812500  0.006354274
1421.161718750  0.006532159
1421.165625000  0.006396010
1421.169531250  0.006431203
1421.173437500  0.006441186
1421.177343750  0.006416107
1421.181250000  0.006436143
1421.185156250  0.006446037
1421.189062500  0.006466431
1421.192968750  0.006375579
1421.196875000  0.006408119
1421.200781250  0.006422519
1421.204687500  0.006454442
1421.208593750  0.006398441
1421.212500000  0.006460067
1421.216406250  0.006390921
1421.220312500  0.006410325
1421.224218750  0.006408845
1421.228125000  0.006372372
1421.232031250  0.006423216
1421.235937500  0.006359767
1421.239843750  0.006443495
1421.243750000  0.006515833
1421.247656250  0.006458085
1421.251562500  0.006453572
1421.255468750  0.006383513
1421.259375000  0.006373573
1421.263281250  0.006432110
1421.267187500  0.006366326
1421.271093750  0.006426552
1421.275000000  0.006398874
1421.278906250  0.006363358
1421.282812500  0.006403338
1421.286718750  0.006385811
1421.290625000  0.006405507
1421.294531250  0.006424402
1421.298437500  0.006389180
1421.302343750  0.006389191
1421.306250000  0.006417232
1421.310156250  0.006436029
1421.314062500  0.006417646
1421.317968750  0.006349158
1421.321875000  0.006408278
1421.325781250  0.006441039
1421.329687500  0.006393476
1421.333593750  0.006399497
1421.337500000  0.006426736
1421.341406250  0.006467372
1421.345312500  0.006359557
1421.349218750  0.006500881
1421.353125000  0.006390677
1421.357031250  0.006390642
1421.360937500  0.006489940
1421.364843750  0.006448358
1421.368750000  0.006444691
1421.372656250  0.006437780
1421.376562500  0.006416020
1421.380468750  0.006433035
1421.384375000  0.006432012
1421.388281250  0.006435817
1421.392187500  0.006383603
1421.396093750  0.006438691
1421.400000000  0.006379423
1421.403906250  0.006552247
1421.407812500  0.006458676
1421.411718750  0.006443030
1421.415625000  0.006389501
1421.419531250  0.006403589
1421.423437500  0.006368871
1421.427343750  0.006449047
1421.431250000  0.006393165
1421.435156250  0.006462807
1421.439062500  0.006398989
1421.442968750  0.006420962
1421.446875000  0.006382713
1421.450781250  0.006378872
1421.454687500  0.006373218
1421.458593750  0.006384034
1421.462500000  0.006352386
1421.466406250  0.006391616
1421.470312500  0.006361552
1421.474218750  0.006372848
1421.478125000  0.006426885
1421.482031250  0.006419603
1421.485937500  0.006426776
1421.489843750  0.006435691
1421.493750000  0.006441916
1421.497656250  0.006362942
1421.501562500  0.006434100
1421.505468750  0.006440727
1421.509375000  0.006385581
1421.513281250  0.006403127
1421.517187500  0.006465050
1421.521093750  0.006364032
1421.525000000  0.006378458
1421.528906250  0.006404660
1421.532812500  0.006403981
1421.536718750  0.006427388
1421.540625000  0.006409592
1421.544531250  0.006401036
1421.548437500  0.006393094
1421.552343750  0.006380087
1421.556250000  0.006395346
1421.560156250  0.006433201
1421.564062500  0.006393857
1421.567968750  0.006328552
1421.571875000  0.006372185
1421.575781250  0.006493462
1421.579687500  0.006470171
1421.583593750  0.006384641
1421.587500000  0.006407025
1421.591406250  0.006341023
1421.595312500  0.006401505
1421.599218750  0.006409622
1421.603125000  0.006423497
1421.607031250  0.006463387
1421.610937500  0.006445456
1421.614843750  0.006384602
1421.618750000  0.006279119
1421.622656250  0.006391742
1421.626562500  0.006356883
1421.630468750  0.006496003
1421.634375000  0.006370503
1421.638281250  0.006390477
1421.642187500  0.006382495
1421.646093750  0.006368258
1421.650000000  0.006337651
1421.653906250  0.006373961
1421.657812500  0.006332768
1421.661718750  0.006415054
1421.665625000  0.006397862
1421.669531250  0.006391747
1421.673437500  0.006449203
1421.677343750  0.006367835
1421.681250000  0.006390051
1421.685156250  0.006374439
1421.689062500  0.006448586
1421.692968750  0.006390205
1421.696875000  0.006392314
1421.700781250  0.006381921
1421.704687500  0.006311982
1421.708593750  0.006405448
1421.712500000  0.006431721
1421.716406250  0.006383604
1421.720312500  0.006372412
1421.724218750  0.006375374
1421.728125000  0.006371820
1421.732031250  0.006425730
1421.735937500  0.006344061
1421.739843750  0.006407779
1421.743750000  0.006424183
1421.747656250  0.006410711
1421.751562500  0.006343222
1421.755468750  0.006315174
1421.759375000  0.006368849
1421.763281250  0.006406608
1421.767187500  0.006375811
1421.771093750  0.006375446
1421.775000000  0.006330020
1421.778906250  0.006376204
1421.782812500  0.006378538
1421.786718750  0.006389402
1421.790625000  0.006381153
1421.794531250  0.006325629
1421.798437500  0.006332824
1421.802343750  0.006362465
1421.806250000  0.006391171
1421.810156250  0.006343837
1421.814062500  0.006349040
1421.817968750  0.006380298
1421.821875000  0.006330885
1421.825781250  0.006361384
1421.829687500  0.006300200
1421.833593750  0.006371538
1421.837500000  0.006433288
1421.841406250  0.006343370
1421.845312500  0.006369595
1421.849218750  0.006330862
1421.853125000  0.006378591
1421.857031250  0.006361112
1421.860937500  0.006361229
1421.864843750  0.006291690
1421.868750000  0.006257537
1421.872656250  0.006357819
1421.876562500  0.006359910
1421.880468750  0.006398528
1421.884375000  0.006363565
1421.888281250  0.006335896
1421.892187500  0.006340330
1421.896093750  0.006372598
1421.900000000  0.006321724
1421.903906250  0.006438028
1421.907812500  0.006371792
1421.911718750  0.006374048
1421.915625000  0.006361498
1421.919531250  0.006323052
1421.923437500  0.006333161
1421.927343750  0.006300073
1421.931250000  0.006341946
1421.935156250  0.006295850
1421.939062500  0.006331038
1421.942968750  0.006297821
1421.946875000  0.006299067
1421.950781250  0.006335818
1421.954687500  0.006332757
1421.958593750  0.006349129
1421.962500000  0.006369060
1421.966406250  0.006287636
1421.970312500  0.006310166
1421.974218750  0.006321097
1421.978125000  0.006395681
1421.982031250  0.006312142
1421.985937500  0.006414330
1421.989843750  0.006332771
1421.993750000  0.006364753
1421.997656250  0.006375055
1422.001562500  0.006382747
1422.005468750  0.006393243
1422.009375000  0.006331916
1422.013281250  0.006350731
1422.017187500  0.006385930
1422.021093750  0.006302387
1422.025000000  0.006291288
1422.028906250  0.006274132
1422.032812500  0.006333024
1422.036718750  0.006312290
1422.040625000  0.006258810
1422.044531250  0.006304406
1422.048437500  0.006371063
1422.052343750  0.006309336
1422.056250000  0.006344392
1422.060156250  0.006334832
1422.064062500  0.006273368
1422.067968750  0.006318661
1422.071875000  0.006305586
1422.075781250  0.006356481
1422.079687500  0.006331386
1422.083593750  0.006327390
1422.087500000  0.006304320
1422.091406250  0.006333071
1422.095312500  0.006322461
1422.099218750  0.006368106
1422.103125000  0.006349890
1422.107031250  0.006379402
1422.110937500  0.006381397
1422.114843750  0.006350421
1422.118750000  0.006340754
1422.122656250  0.006381848
1422.126562500  0.006344806
1422.130468750  0.006348305
1422.134375000  0.006331484
1422.138281250  0.006348025
1422.142187500  0.006299193
1422.146093750  0.006362188
1422.150000000  0.006315743
1422.153906250  0.006297345
1422.157812500  0.006297093
1422.161718750  0.006354010
1422.165625000  0.006337634
1422.169531250  0.006283298
1422.173437500  0.006312187
1422.177343750  0.006330355
1422.181250000  0.006320462
1422.185156250  0.006322731
1422.189062500  0.006332260
1422.192968750  0.006297619
1422.196875000  0.006345184
1422.200781250  0.006272516
1422.204687500  0.006288572
1422.208593750  0.006300723
1422.212500000  0.006290188
1422.216406250  0.006310728
1422.220312500  0.006265471
1422.224218750  0.006270568
1422.228125000  0.006262836
1422.232031250  0.006330544
1422.235937500  0.006296827
1422.239843750  0.006311855
1422.243750000  0.006320695
1422.247656250  0.006294548
1422.251562500  0.006333671
1422.255468750  0.006299068
1422.259375000  0.006306347
1422.263281250  0.006343691
1422.267187500  0.006344356
1422.271093750  0.006353828
1422.275000000  0.006301143
1422.278906250  0.006267335
1422.282812500  0.006263774
1422.286718750  0.006259784
1422.290625000  0.006324152
1422.294531250  0.006294386
1422.298437500  0.006351695
1422.302343750  0.006244007
1422.306250000  0.006279747
1422.310156250  0.006351060
1422.314062500  0.006262682
1422.317968750  0.006308882
1422.321875000  0.006270747
1422.325781250  0.006277708
1422.329687500  0.006289392
1422.333593750  0.006291731
1422.337500000  0.006328672
1422.341406250  0.006287365
1422.345312500  0.006320422
1422.349218750  0.006305371
1422.353125000  0.006250397
1422.357031250  0.006324549
1422.360937500  0.006277746
1422.364843750  0.006273963
1422.368750000  0.006304014
1422.372656250  0.006305512
1422.376562500  0.006335172
1422.380468750  0.006282597
1422.384375000  0.006294651
1422.388281250  0.006341296
1422.392187500  0.006272067
1422.396093750  0.006327019
1422.400000000  0.006363299
1422.403906250  0.006308549
1422.407812500  0.006272085
1422.411718750  0.006320343
1422.415625000  0.006335704
1422.419531250  0.006347732
1422.423437500  0.006339118
1422.427343750  0.006278232
1422.431250000  0.006315472
1422.435156250  0.006328060
1422.439062500  0.006255657
1422.442968750  0.006340369
1422.446875000  0.006319973
1422.450781250  0.006302116
1422.454687500  0.006332963
1422.458593750  0.006301165
1422.462500000  0.006249702
1422.466406250  0.006284060
1422.470312500  0.006358611
1422.474218750  0.006312390
1422.478125000  0.006244661
1422.482031250  0.006304051
1422.485937500  0.006298297
1422.489843750  0.006272386
1422.493750000  0.006318775
1422.497656250  0.006326441
1422.501562500  0.006278920
1422.505468750  0.006400702
1422.509375000  0.006356591
1422.513281250  0.006325501
1422.517187500  0.006297212
1422.521093750  0.006262528
1422.525000000  0.006323128
1422.528906250  0.006261008
1422.532812500  0.006249848
1422.536718750  0.006326755
1422.540625000  0.006274766
1422.544531250  0.006305458
1422.548437500  0.006331589
1422.552343750  0.006324891
1422.556250000  0.006274624
1422.560156250  0.006355027
1422.564062500  0.006339467
1422.567968750  0.006302013
1422.571875000  0.006319630
1422.575781250  0.006331610
1422.579687500  0.006300608
1422.583593750  0.006367967
1422.587500000  0.006356914
1422.591406250  0.006331889
1422.595312500  0.006340193
1422.599218750  0.006359657
1422.603125000  0.006364676
1422.607031250  0.006340555
1422.610937500  0.006311147
1422.614843750  0.006357753
1422.618750000  0.006352937
1422.622656250  0.006278362
1422.626562500  0.006355794
1422.630468750  0.006328011
1422.634375000  0.006312948
1422.638281250  0.006377231
1422.642187500  0.006305279
1422.646093750  0.006302580
1422.650000000  0.006302277
1422.653906250  0.006347272
1422.657812500  0.006341863
1422.661718750  0.006267403
1422.665625000  0.006291653
1422.669531250  0.006330648
1422.673437500  0.006281063
1422.677343750  0.006306518
1422.681250000  0.006337458
1422.685156250  0.006322084
1422.689062500  0.006348403
1422.692968750  0.006272234
1422.696875000  0.006333731
1422.700781250  0.006348107
1422.704687500  0.006364719
1422.708593750  0.006317602
1422.712500000  0.006362971
1422.716406250  0.006358914
1422.720312500  0.006361395
1422.724218750  0.006357068
1422.728125000  0.006319286
1422.732031250  0.006385019
1422.735937500  0.006327188
1422.739843750  0.006391727
1422.743750000  0.006340977
1422.747656250  0.006322196
1422.751562500  0.006339332
1422.755468750  0.006377857
1422.759375000  0.006256984
1422.763281250  0.006343866
1422.767187500  0.006303102
1422.771093750  0.006382756
1422.775000000  0.006364390
1422.778906250  0.006335213
1422.782812500  0.006288381
1422.786718750  0.006325342
1422.790625000  0.006388148
1422.794531250  0.006356265
1422.798437500  0.006318699
1422.802343750  0.006322927
1422.806250000  0.006334933
1422.810156250  0.006344923
1422.814062500  0.006304771
1422.817968750  0.006313629
1422.821875000  0.006331288
1422.825781250  0.006423936
1422.829687500  0.006393651
1422.833593750  0.006337295
1422.837500000  0.006328553
1422.841406250  0.006298746
1422.845312500  0.006386959
1422.849218750  0.006339941
1422.853125000  0.006336590
1422.857031250  0.006373162
1422.860937500  0.006327103
1422.864843750  0.006411830
1422.868750000  0.006319027
1422.872656250  0.006371113
1422.876562500  0.006335253
1422.880468750  0.006331610
1422.884375000  0.006306319
1422.888281250  0.006343291
1422.892187500  0.006375189
1422.896093750  0.006393550
1422.900000000  0.006351074
1422.903906250  0.006319218
1422.907812500  0.006349843
1422.911718750  0.006427459
1422.915625000  0.006389706
1422.919531250  0.006361813
1422.923437500  0.006372886
1422.927343750  0.006376912
1422.931250000  0.006361130
1422.935156250  0.006296838
1422.939062500  0.006342822
1422.942968750  0.006386241
1422.946875000  0.006404704
1422.950781250  0.006362769
1422.954687500  0.006326628
1422.958593750  0.006362332
1422.962500000  0.006346274
1422.966406250  0.006385463
1422.970312500  0.006409191
1422.974218750  0.006354651
1422.978125000  0.006340071
1422.982031250  0.006342814
1422.985937500  0.006394569
1422.989843750  0.006382058
1422.993750000  0.006381450
1422.997656250  0.006332128
1423.001562500  0.006363787
1423.005468750  0.006376610
1423.009375000  0.006342406
1423.013281250  0.006417479
1423.017187500  0.006423151
1423.021093750  0.006373997
1423.025000000  0.006378362
1423.028906250  0.006401279
1423.032812500  0.006404914
1423.036718750  0.006355973
1423.040625000  0.006318413
1423.044531250  0.006404604
1423.048437500  0.006360200
1423.052343750  0.006380639
1423.056250000  0.006392099
1423.060156250  0.006392942
1423.064062500  0.006459355
1423.067968750  0.006415531
1423.071875000  0.006383736
1423.075781250  0.006395005
1423.079687500  0.006389031
1423.083593750  0.006344180
1423.087500000  0.006394349
1423.091406250  0.006379812
1423.095312500  0.006370967
1423.099218750  0.006376531
1423.103125000  0.006412125
1423.107031250  0.006434047
1423.110937500  0.006425057
1423.114843750  0.006401077
1423.118750000  0.006440639
1423.122656250  0.006444041
1423.126562500  0.006419787
1423.130468750  0.006447262
1423.134375000  0.006427703
1423.138281250  0.006439292
1423.142187500  0.006457022
1423.146093750  0.006395949
1423.150000000  0.006442078
1423.153906250  0.006478899
1423.157812500  0.006433887
1423.161718750  0.006394817
1423.165625000  0.006387119
1423.169531250  0.006471633
1423.173437500  0.006390446
1423.177343750  0.006423141
1423.181250000  0.006400512
1423.185156250  0.006421047
1423.189062500  0.006418904
1423.192968750  0.006459835
1423.196875000  0.006404217
1423.200781250  0.006459134
1423.204687500  0.006424146
1423.208593750  0.006522184
1423.212500000  0.006459751
1423.216406250  0.006440462
1423.220312500  0.006499455
1423.224218750  0.006369652
1423.228125000  0.006514407
1423.232031250  0.006478664
1423.235937500  0.006401322
1423.239843750  0.006423587
1423.243750000  0.006428918
1423.247656250  0.006412049
1423.251562500  0.006409609
1423.255468750  0.006472916
1423.259375000  0.006464077
1423.263281250  0.006441848
1423.267187500  0.006426974
1423.271093750  0.006519985
1423.275000000  0.006488051
1423.278906250  0.006498352
1423.282812500  0.006409999
1423.286718750  0.006455589
1423.290625000  0.006513029
1423.294531250  0.006497646
1423.298437500  0.006494331
1423.302343750  0.006442699
1423.306250000  0.006466240
1423.310156250  0.006472225
1423.314062500  0.006453118
1423.317968750  0.006452927
1423.321875000  0.006512954
1423.325781250  0.006505460
1423.329687500  0.006574245
1423.333593750  0.006468950
1423.337500000  0.006497359
1423.341406250  0.006569940
1423.345312500  0.006502839
1423.349218750  0.006506396
1423.353125000  0.006541535
1423.357031250  0.006518819
1423.360937500  0.006507293
1423.364843750  0.006451060
1423.368750000  0.006556263
1423.372656250  0.006540469
1423.376562500  0.006536922
1423.380468750  0.006584001
1423.384375000  0.006542313
1423.388281250  0.006563459
1423.392187500  0.006528448
1423.396093750  0.006526033
1423.400000000  0.006520814
1423.403906250  0.006543623
1423.407812500  0.006519509
1423.411718750  0.006547682
1423.415625000  0.006548743
1423.419531250  0.006553266
1423.423437500  0.006507593
1423.427343750  0.006495108
1423.431250000  0.006520923
1423.435156250  0.006627823
1423.439062500  0.006580036
1423.442968750  0.006575367
1423.446875000  0.006558567
1423.450781250  0.006520650
1423.454687500  0.006538886
1423.458593750  0.006545425
1423.462500000  0.006560938
1423.466406250  0.006618334
1423.470312500  0.006559964
1423.474218750  0.006612327
1423.478125000  0.006635549
1423.482031250  0.006593302
1423.485937500  0.006547367
1423.489843750  0.006584376
1423.493750000  0.006648664
1423.497656250  0.006619709
1423.501562500  0.006572950
1423.505468750  0.006642040
1423.509375000  0.006670443
1423.513281250  0.006639216
1423.517187500  0.006626658
1423.521093750  0.006641658
1423.525000000  0.006551597
1423.528906250  0.006704888
1423.532812500  0.006707011
1423.536718750  0.006615066
1423.540625000  0.006612108
1423.544531250  0.006658757
1423.548437500  0.006685772
1423.552343750  0.006661575
1423.556250000  0.006654527
1423.560156250  0.006665477
1423.564062500  0.006657190
1423.567968750  0.006638258
1423.571875000  0.006670393
1423.575781250  0.006726618
1423.579687500  0.006664623
1423.583593750  0.006776018
1423.587500000  0.006642446
1423.591406250  0.006636166
1423.595312500  0.006661929
1423.599218750  0.006753427
1423.603125000  0.006665365
1423.607031250  0.006729200
1423.610937500  0.006682271
1423.614843750  0.006676496
1423.618750000  0.006692795
1423.622656250  0.006675535
1423.626562500  0.006768945
1423.630468750  0.006690977
1423.634375000  0.006743958
1423.638281250  0.006703900
1423.642187500  0.006692913
1423.646093750  0.006742263
1423.650000000  0.006672800
1423.653906250  0.006688918
1423.657812500  0.006679822
1423.661718750  0.006808360
1423.665625000  0.006771858
1423.669531250  0.006717286
1423.673437500  0.006785673
1423.677343750  0.006730860
1423.681250000  0.006722218
1423.685156250  0.006748655
1423.689062500  0.006761325
1423.692968750  0.006832395
1423.696875000  0.006768250
1423.700781250  0.006745050
1423.704687500  0.006814230
1423.708593750  0.006758471
1423.712500000  0.006804963
1423.716406250  0.006861230
1423.720312500  0.006819445
1423.724218750  0.006829894
1423.728125000  0.006860374
1423.732031250  0.006857039
1423.735937500  0.006867367
1423.739843750  0.006815939
1423.743750000  0.006801928
1423.747656250  0.006891746
1423.751562500  0.006859885
1423.755468750  0.006783025
1423.759375000  0.006815157
1423.763281250  0.006822494
1423.767187500  0.006823365
1423.771093750  0.006930618
1423.775000000  0.006811783
1423.778906250  0.006806621
1423.782812500  0.006835585
1423.786718750  0.006910575
1423.790625000  0.006869003
1423.794531250  0.006884471
1423.798437500  0.006908487
1423.802343750  0.006897040
1423.806250000  0.006862365
1423.810156250  0.006888005
1423.814062500  0.006911587
1423.817968750  0.006880743
1423.821875000  0.006888507
1423.825781250  0.006888872
1423.829687500  0.006913919
1423.833593750  0.006819650
1423.837500000  0.006992774
1423.841406250  0.006935378
1423.845312500  0.006921163
1423.849218750  0.006899766
1423.853125000  0.006995292
1423.857031250  0.006977900
1423.860937500  0.006867763
1423.864843750  0.006940096
1423.868750000  0.006973719
1423.872656250  0.006949533
1423.876562500  0.007005700
1423.880468750  0.007000968
1423.884375000  0.006961894
1423.888281250  0.006934220
1423.892187500  0.007004849
1423.896093750  0.007042659
1423.900000000  0.007035634
1423.903906250  0.006975030
1423.907812500  0.007005997
1423.911718750  0.007087800
1423.915625000  0.007072169
1423.919531250  0.006968796
1423.923437500  0.006975397
1423.927343750  0.007015909
1423.931250000  0.007055144
1423.935156250  0.007052166
1423.939062500  0.007069800
1423.942968750  0.007044063
1423.946875000  0.006983805
1423.950781250  0.007092130
1423.954687500  0.007036846
1423.958593750  0.007066965
1423.962500000  0.007043665
1423.966406250  0.007037576
1423.970312500  0.007022103
1423.974218750  0.007080039
1423.978125000  0.007139259
1423.982031250  0.007188125
1423.985937500  0.008317503
1423.989843750  0.007874201
1423.993750000  0.007281600
1423.997656250  0.008131000
1424.001562500  0.009126134
1424.005468750  0.007239147
1424.009375000  0.007226136
1424.013281250  0.007174406
1424.017187500  0.007188550
1424.021093750  0.007161792
1424.025000000  0.007142703
1424.028906250  0.007071455
1424.032812500  0.007062360
1424.036718750  0.007176854
1424.040625000  0.007094505
1424.044531250  0.007182147
1424.048437500  0.007154555
1424.052343750  0.007135997
1424.056250000  0.007137853
1424.060156250  0.007169470
1424.064062500  0.007110170
1424.067968750  0.007202485
1424.071875000  0.007153660
1424.075781250  0.007186669
1424.079687500  0.007185650
1424.083593750  0.007186772
1424.087500000  0.007134669
1424.091406250  0.007141883
1424.095312500  0.007197054
1424.099218750  0.007205767
1424.103125000  0.007214097
1424.107031250  0.007250596
1424.110937500  0.007168448
1424.114843750  0.007178164
1424.118750000  0.007189227
1424.122656250  0.007222564
1424.126562500  0.007208770
1424.130468750  0.007206017
1424.134375000  0.007169338
1424.138281250  0.007209618
1424.142187500  0.007238995
1424.146093750  0.007295922
1424.150000000  0.007312123
1424.153906250  0.007392140
1424.157812500  0.007325227
1424.161718750  0.007266808
1424.165625000  0.007237647
1424.169531250  0.007254833
1424.173437500  0.007264290
1424.177343750  0.007314277
1424.181250000  0.007290981
1424.185156250  0.007315163
1424.189062500  0.007393393
1424.192968750  0.007291628
1424.196875000  0.007334538
1424.200781250  0.007407280
1424.204687500  0.007269684
1424.208593750  0.007386989
1424.212500000  0.007283593
1424.216406250  0.007306525
1424.220312500  0.007207359
1424.224218750  0.007368514
1424.228125000  0.007335501
1424.232031250  0.007351250
1424.235937500  0.007337155
1424.239843750  0.007350560
1424.243750000  0.007252545
1424.247656250  0.007357538
1424.251562500  0.007401101
1424.255468750  0.007333420
1424.259375000  0.007352552
1424.263281250  0.007388177
1424.267187500  0.007377644
1424.271093750  0.007295221
1424.275000000  0.007235062
1424.278906250  0.007360956
1424.282812500  0.007311425
1424.286718750  0.007322064
1424.290625000  0.007301212
1424.294531250  0.007350266
1424.298437500  0.007364064
1424.302343750  0.007291070
1424.306250000  0.007360948
1424.310156250  0.007386911
1424.314062500  0.007367651
1424.317968750  0.007437641
1424.321875000  0.007387153
1424.325781250  0.007330787
1424.329687500  0.007347388
1424.333593750  0.007338389
1424.337500000  0.007383455
1424.341406250  0.007425420
1424.345312500  0.007339190
1424.349218750  0.007354993
1424.353125000  0.007419308
1424.357031250  0.007372450
1424.360937500  0.007378019
1424.364843750  0.007311846
1424.368750000  0.007375410
1424.372656250  0.007445041
1424.376562500  0.007314762
1424.380468750  0.007362303
1424.384375000  0.007379719
1424.388281250  0.007436561
1424.392187500  0.007434943
1424.396093750  0.007392056

