1000(10000)
1416.400000000  0.007470121
1416.403906250  0.007539371
1416.407812500  0.007484763
1416.411718750  0.007386426
1416.415625000  0.007428165
1416.419531250  0.007473678
1416.423437500  0.007487740
1416.427343750  0.007622394
1416.431250000  0.007492245
1416.435156250  0.007553190
1416.439062500  0.007526329
1416.442968750  0.007487056
1416.446875000  0.007521569
1416.450781250  0.007476600
1416.454687500  0.007488326
1416.458593750  0.007417259
1416.462500000  0.007470147
1416.466406250  0.007464299
1416.470312500  0.007555420
1416.474218750  0.007450865
1416.478125000  0.007473958
1416.482031250  0.007672705
1416.485937500  0.007528309
1416.489843750  0.007474777
1416.493750000  0.007475913
1416.497656250  0.007436940
1416.501562500  0.007369598
1416.505468750  0.007453470
1416.509375000  0.007435785
1416.513281250  0.007504843
1416.517187500  0.007410528
1416.521093750  0.007382201
1416.525000000  0.007412450
1416.528906250  0.007489051
1416.532812500  0.007472930
1416.536718750  0.007628579
1416.540625000  0.007419096
1416.544531250  0.007551541
1416.548437500  0.007469050
1416.552343750  0.007455358
1416.556250000  0.007466141
1416.560156250  0.007388054
1416.564062500  0.007533635
1416.567968750  0.007415098
1416.571875000  0.007406479
1416.575781250  0.007428051
1416.579687500  0.007437137
1416.583593750  0.007446886
1416.587500000  0.007495024
1416.591406250  0.007566702
1416.595312500  0.007485607
1416.599218750  0.007480855
1416.603125000  0.007459060
1416.607031250  0.007446065
1416.610937500  0.007464244
1416.614843750  0.007394610
1416.618750000  0.007456619
1416.622656250  0.007489636
1416.626562500  0.007583150
1416.630468750  0.007535552
1416.634375000  0.007494636
1416.638281250  0.007508850
1416.642187500  0.007572972
1416.646093750  0.008028042
1416.650000000  0.007837040
1416.653906250  0.007764002
1416.657812500  0.007619134
1416.661718750  0.007461045
1416.665625000  0.007533907
1416.669531250  0.007459582
1416.673437500  0.007447814
1416.677343750  0.007530532
1416.681250000  0.007441540
1416.685156250  0.007400355
1416.689062500  0.007447329
1416.692968750  0.007429183
1416.696875000  0.007506105
1416.700781250  0.007764730
1416.704687500  0.007549600
1416.708593750  0.007405979
1416.712500000  0.007438186
1416.716406250  0.007361606
1416.720312500  0.007415975
1416.724218750  0.007447155
1416.728125000  0.007377532
1416.732031250  0.007472468
1416.735937500  0.007392022
1416.739843750  0.007344005
1416.743750000  0.007355492
1416.747656250  0.007408326
1416.751562500  0.007594225
1416.755468750  0.008155076
1416.759375000  0.007606964
1416.763281250  0.007422636
1416.767187500  0.007441724
1416.771093750  0.007447016
1416.775000000  0.007313089
1416.778906250  0.007347814
1416.782812500  0.007375699
1416.786718750  0.007383938
1416.790625000  0.007316065
1416.794531250  0.007428957
1416.798437500  0.007364525
1416.802343750  0.007414674
1416.806250000  0.007630804
1416.810156250  0.010071894
1416.814062500  0.008196933
1416.817968750  0.007681911
1416.821875000  0.007507579
1416.825781250  0.007364006
1416.829687500  0.007444632
1416.833593750  0.007426628
1416.837500000  0.007444999
1416.841406250  0.007519294
1416.845312500  0.007475308
1416.849218750  0.007605408
1416.853125000  0.007650490
1416.857031250  0.008068251
1416.860937500  0.009315145
1416.864843750  0.022554840
1416.868750000  0.014177122
1416.872656250  0.008641295
1416.876562500  0.007910077
1416.880468750  0.007634711
1416.884375000  0.007465752
1416.888281250  0.007409018
1416.892187500  0.007507782
1416.896093750  0.007407854
1416.900000000  0.007352150
1416.903906250  0.007355688
1416.907812500  0.007323572
1416.911718750  0.007465891
1416.915625000  0.007636010
1416.919531250  0.010066288
1416.923437500  0.008397553
1416.927343750  0.007450189
1416.931250000  0.007386413
1416.935156250  0.007327112
1416.939062500  0.007250767
1416.942968750  0.007233681
1416.946875000  0.007243417
1416.950781250  0.007275156
1416.954687500  0.007280765
1416.958593750  0.007278504
1416.962500000  0.007350503
1416.966406250  0.007269796
1416.970312500  0.007385226
1416.974218750  0.008223728
1416.978125000  0.007569442
1416.982031250  0.007325428
1416.985937500  0.007190551
1416.989843750  0.007274220
1416.993750000  0.007217968
1416.997656250  0.007638685
1417.001562500  0.008138064
1417.005468750  0.007293627
1417.009375000  0.007357115
1417.013281250  0.007200773
1417.017187500  0.007249627
1417.021093750  0.007239177
1417.025000000  0.007372184
1417.028906250  0.008033587
1417.032812500  0.007714854
1417.036718750  0.007283889
1417.040625000  0.007202555
1417.044531250  0.007221197
1417.048437500  0.007145047
1417.052343750  0.007172851
1417.056250000  0.007202941
1417.060156250  0.007175261
1417.064062500  0.007157644
1417.067968750  0.007206714
1417.071875000  0.007341330
1417.075781250  0.007266944
1417.079687500  0.007523772
1417.083593750  0.008137998
1417.087500000  0.007759297
1417.091406250  0.007274717
1417.095312500  0.007194402
1417.099218750  0.007244756
1417.103125000  0.007196931
1417.107031250  0.007137557
1417.110937500  0.007174996
1417.114843750  0.007090602
1417.118750000  0.007163267
1417.122656250  0.007099977
1417.126562500  0.007080462
1417.130468750  0.007041306
1417.134375000  0.007187040
1417.138281250  0.007348553
1417.142187500  0.007314346
1417.146093750  0.007046448
1417.150000000  0.007130123
1417.153906250  0.007023255
1417.157812500  0.007042517
1417.161718750  0.007022393
1417.165625000  0.007009090
1417.169531250  0.007051333
1417.173437500  0.007016824
1417.177343750  0.007023142
1417.181250000  0.007060805
1417.185156250  0.007086503
1417.189062500  0.006982096
1417.192968750  0.007246734
1417.196875000  0.007168099
1417.200781250  0.007061542
1417.204687500  0.006960920
1417.208593750  0.006989184
1417.212500000  0.007045929
1417.216406250  0.007019205
1417.220312500  0.006928334
1417.224218750  0.006939788
1417.228125000  0.006949593
1417.232031250  0.006979491
1417.235937500  0.007014063
1417.239843750  0.006979853
1417.243750000  0.007064377
1417.247656250  0.007200248
1417.251562500  0.007150041
1417.255468750  0.006907039
1417.259375000  0.006975063
1417.263281250  0.006972477
1417.267187500  0.006942765
1417.271093750  0.006967059
1417.275000000  0.006912955
1417.278906250  0.006939448
1417.282812500  0.006920366
1417.286718750  0.006977031
1417.290625000  0.006973659
1417.294531250  0.007082497
1417.298437500  0.006963978
1417.302343750  0.006980694
1417.306250000  0.006991591
1417.310156250  0.006916684
1417.314062500  0.006936680
1417.317968750  0.006911610
1417.321875000  0.006841296
1417.325781250  0.006881658
1417.329687500  0.006883402
1417.333593750  0.006951895
1417.337500000  0.006882699
1417.341406250  0.006967191
1417.345312500  0.006856104
1417.349218750  0.006897865
1417.353125000  0.006968246
1417.357031250  0.006938181
1417.360937500  0.006983155
1417.364843750  0.006924360
1417.368750000  0.006938532
1417.372656250  0.006853244
1417.376562500  0.006936182
1417.380468750  0.006897469
1417.384375000  0.006922643
1417.388281250  0.006902896
1417.392187500  0.006971313
1417.396093750  0.006882982
1417.400000000  0.006800455
1417.403906250  0.006904342
1417.407812500  0.006868918
1417.411718750  0.006904080
1417.415625000  0.006910553
1417.419531250  0.006881190
1417.423437500  0.006910699
1417.427343750  0.006894820
1417.431250000  0.006885659
1417.435156250  0.006854600
1417.439062500  0.006948984
1417.442968750  0.006825207
1417.446875000  0.006804260
1417.450781250  0.006858215
1417.454687500  0.006815089
1417.458593750  0.006878761
1417.462500000  0.006845762
1417.466406250  0.006853786
1417.470312500  0.006873766
1417.474218750  0.006836593
1417.478125000  0.006865467
1417.482031250  0.006804286
1417.485937500  0.006829221
1417.489843750  0.006885955
1417.493750000  0.006780717
1417.497656250  0.006818541
1417.501562500  0.006783194
1417.505468750  0.006820118
1417.509375000  0.006813255
1417.513281250  0.006812200
1417.517187500  0.006766446
1417.521093750  0.006877965
1417.525000000  0.006843502
1417.528906250  0.006786304
1417.532812500  0.006884434
1417.536718750  0.006802745
1417.540625000  0.006794747
1417.544531250  0.006797914
1417.548437500  0.006789751
1417.552343750  0.006796258
1417.556250000  0.006830731
1417.560156250  0.006806814
1417.564062500  0.006758773
1417.567968750  0.006759891
1417.571875000  0.006714368
1417.575781250  0.006862749
1417.579687500  0.006947415
1417.583593750  0.006715666
1417.587500000  0.006878674
1417.591406250  0.006753419
1417.595312500  0.006781573
1417.599218750  0.006764113
1417.603125000  0.006738247
1417.607031250  0.006797444
1417.610937500  0.006695550
1417.614843750  0.006799016
1417.618750000  0.006765787
1417.622656250  0.006760409
1417.626562500  0.006849290
1417.630468750  0.006744556
1417.634375000  0.006834041
1417.638281250  0.006726056
1417.642187500  0.006756844
1417.646093750  0.006688086
1417.650000000  0.006805713
1417.653906250  0.006757201
1417.657812500  0.006773409
1417.661718750  0.006762876
1417.665625000  0.006741665
1417.669531250  0.006734795
1417.673437500  0.006778316
1417.677343750  0.006772727
1417.681250000  0.006736322
1417.685156250  0.006747757
1417.689062500  0.006808277
1417.692968750  0.006710267
1417.696875000  0.006721002
1417.700781250  0.006727105
1417.704687500  0.006694105
1417.708593750  0.006734415
1417.712500000  0.006741288
1417.716406250  0.006624715
1417.720312500  0.006679027
1417.724218750  0.006717816
1417.728125000  0.006719021
1417.732031250  0.006781697
1417.735937500  0.006739899
1417.739843750  0.006734640
1417.743750000  0.006786363
1417.747656250  0.006697309
1417.751562500  0.006701831
1417.755468750  0.006658146
1417.759375000  0.006649160
1417.763281250  0.006614246
1417.767187500  0.006762761
1417.771093750  0.006772844
1417.775000000  0.006637974
1417.778906250  0.006640430
1417.782812500  0.006720461
1417.786718750  0.006649303
1417.790625000  0.006643559
1417.794531250  0.006714459
1417.798437500  0.006758943
1417.802343750  0.006752092
1417.806250000  0.006709662
1417.810156250  0.006723523
1417.814062500  0.006698258
1417.817968750  0.006782588
1417.821875000  0.006636945
1417.825781250  0.006722435
1417.829687500  0.006653619
1417.833593750  0.006678351
1417.837500000  0.006633623
1417.841406250  0.006737545
1417.845312500  0.006653033
1417.849218750  0.006694984
1417.853125000  0.006750483
1417.857031250  0.006655056
1417.860937500  0.006689862
1417.864843750  0.006671051
1417.868750000  0.006642055
1417.872656250  0.006637879
1417.876562500  0.006735317
1417.880468750  0.006653931
1417.884375000  0.006677207
1417.888281250  0.006704043
1417.892187500  0.006664862
1417.896093750  0.006625375
1417.900000000  0.006724987
1417.903906250  0.006725338
1417.907812500  0.006743889
1417.911718750  0.006581997
1417.915625000  0.006688912
1417.919531250  0.006687422
1417.923437500  0.006646712
1417.927343750  0.006670477
1417.931250000  0.006658979
1417.935156250  0.006635302
1417.939062500  0.006576922
1417.942968750  0.006603851
1417.946875000  0.006646323
1417.950781250  0.006624288
1417.954687500  0.006660647
1417.958593750  0.006722769
1417.962500000  0.006790035
1417.966406250  0.006688759
1417.970312500  0.006604333
1417.974218750  0.006637087
1417.978125000  0.006612180
1417.982031250  0.006648605
1417.985937500  0.006688445
1417.989843750  0.006678893
1417.993750000  0.006585105
1417.997656250  0.006619277
1418.001562500  0.006638946
1418.005468750  0.006677890
1418.009375000  0.006592293
1418.013281250  0.006567200
1418.017187500  0.006640296
1418.021093750  0.006629964
1418.025000000  0.006562201
1418.028906250  0.006574956
1418.032812500  0.006692523
1418.036718750  0.006633673
1418.040625000  0.006587412
1418.044531250  0.006639963
1418.048437500  0.006633373
1418.052343750  0.006671930
1418.056250000  0.006643073
1418.060156250  0.006623398
1418.064062500  0.006594559
1418.067968750  0.006626881
1418.071875000  0.006654189
1418.075781250  0.006588676
1418.079687500  0.006583912
1418.083593750  0.006596691
1418.087500000  0.006599575
1418.091406250  0.006630778
1418.095312500  0.006592776
1418.099218750  0.006643061
1418.103125000  0.006701182
1418.107031250  0.006614667
1418.110937500  0.006591553
1418.114843750  0.006631503
1418.118750000  0.006562352
1418.122656250  0.006573092
1418.126562500  0.006697692
1418.130468750  0.006603948
1418.134375000  0.006616837
1418.138281250  0.006590268
1418.142187500  0.006533585
1418.146093750  0.006497046
1418.150000000  0.006584712
1418.153906250  0.006635083
1418.157812500  0.006573654
1418.161718750  0.006565831
1418.165625000  0.006579298
1418.169531250  0.006598169
1418.173437500  0.006586358
1418.177343750  0.006555135
1418.181250000  0.006615330
1418.185156250  0.006619011
1418.189062500  0.006551628
1418.192968750  0.006635675
1418.196875000  0.006586715
1418.200781250  0.006669292
1418.204687500  0.006647041
1418.208593750  0.006549218
1418.212500000  0.006597538
1418.216406250  0.006589868
1418.220312500  0.006546634
1418.224218750  0.006620079
1418.228125000  0.006573363
1418.232031250  0.006635221
1418.235937500  0.006589251
1418.239843750  0.006558109
1418.243750000  0.006509813
1418.247656250  0.006628112
1418.251562500  0.006592936
1418.255468750  0.006622842
1418.259375000  0.006621445
1418.263281250  0.006639949
1418.267187500  0.006588658
1418.271093750  0.006550106
1418.275000000  0.006591076
1418.278906250  0.006551318
1418.282812500  0.006583379
1418.286718750  0.006622064
1418.290625000  0.006654149
1418.294531250  0.006680985
1418.298437500  0.006627458
1418.302343750  0.006607237
1418.306250000  0.006550155
1418.310156250  0.006543627
1418.314062500  0.006528094
1418.317968750  0.006593380
1418.321875000  0.006617809
1418.325781250  0.006555808
1418.329687500  0.006571584
1418.333593750  0.006553128
1418.337500000  0.006591249
1418.341406250  0.006676853
1418.345312500  0.006669833
1418.349218750  0.006612804
1418.353125000  0.006654260
1418.357031250  0.006592420
1418.360937500  0.006651289
1418.364843750  0.006678769
1418.368750000  0.006574480
1418.372656250  0.006519388
1418.376562500  0.006540120
1418.380468750  0.006636158
1418.384375000  0.006530321
1418.388281250  0.006515538
1418.392187500  0.006611769
1418.396093750  0.006579225
1418.400000000  0.006603506
1418.403906250  0.006576717
1418.407812500  0.006554098
1418.411718750  0.006554229
1418.415625000  0.006543056
1418.419531250  0.006523886
1418.423437500  0.006571905
1418.427343750  0.006479216
1418.431250000  0.006568656
1418.435156250  0.006620868
1418.439062500  0.006670774
1418.442968750  0.006584411
1418.446875000  0.006528854
1418.450781250  0.006566082
1418.454687500  0.006563349
1418.458593750  0.006536937
1418.462500000  0.006525505
1418.466406250  0.006626291
1418.470312500  0.006591869
1418.474218750  0.006604949
1418.478125000  0.006467869
1418.482031250  0.006557517
1418.485937500  0.006590358
1418.489843750  0.006593658
1418.493750000  0.006607405
1418.497656250  0.006566884
1418.501562500  0.006541833
1418.505468750  0.006533288
1418.509375000  0.006631232
1418.513281250  0.006631050
1418.517187500  0.006534700
1418.521093750  0.006588988
1418.525000000  0.006567797
1418.528906250  0.006554095
1418.532812500  0.006669339
1418.536718750  0.006531434
1418.540625000  0.006590172
1418.544531250  0.006541832
1418.548437500  0.006574217
1418.552343750  0.006525507
1418.556250000  0.006531393
1418.560156250  0.006618037
1418.564062500  0.006550071
1418.567968750  0.006590994
1418.571875000  0.006543047
1418.575781250  0.006566805
1418.579687500  0.006574841
1418.583593750  0.006545797
1418.587500000  0.006566868
1418.591406250  0.006582168
1418.595312500  0.006591718
1418.599218750  0.006584834
1418.603125000  0.006554230
1418.607031250  0.006574824
1418.610937500  0.006539105
1418.614843750  0.006535563
1418.618750000  0.006560701
1418.622656250  0.006583238
1418.626562500  0.006578077
1418.630468750  0.006620165
1418.634375000  0.006566999
1418.638281250  0.006561149
1418.642187500  0.006570578
1418.646093750  0.006523287
1418.650000000  0.006552071
1418.653906250  0.006577047
1418.657812500  0.006594843
1418.661718750  0.006623588
1418.665625000  0.006556808
1418.669531250  0.006610683
1418.673437500  0.006558372
1418.677343750  0.006557789
1418.681250000  0.006597157
1418.685156250  0.006565368
1418.689062500  0.006547806
1418.692968750  0.006513275
1418.696875000  0.006574336
1418.700781250  0.006618708
1418.704687500  0.006597410
1418.708593750  0.006597598
1418.712500000  0.006587424
1418.716406250  0.006576146
1418.720312500  0.006620726
1418.724218750  0.006597083
1418.728125000  0.006627216
1418.732031250  0.006565419
1418.735937500  0.006562022
1418.739843750  0.006522270
1418.743750000  0.006592765
1418.747656250  0.006588545
1418.751562500  0.006576898
1418.755468750  0.006571420
1418.759375000  0.006596328
1418.763281250  0.006547335
1418.767187500  0.006493665
1418.771093750  0.006671611
1418.775000000  0.006542110
1418.778906250  0.006575837
1418.782812500  0.006609965
1418.786718750  0.006566546
1418.790625000  0.006614480
1418.794531250  0.006557328
1418.798437500  0.006580700
1418.802343750  0.006618828
1418.806250000  0.006555527
1418.810156250  0.006614075
1418.814062500  0.006563737
1418.817968750  0.006601955
1418.821875000  0.006655280
1418.825781250  0.006557614
1418.829687500  0.006595961
1418.833593750  0.006588434
1418.837500000  0.006512810
1418.841406250  0.006614821
1418.845312500  0.006597673
1418.849218750  0.006593683
1418.853125000  0.006550023
1418.857031250  0.006558109
1418.860937500  0.006592118
1418.864843750  0.006527075
1418.868750000  0.006597864
1418.872656250  0.006577514
1418.876562500  0.006589076
1418.880468750  0.006538602
1418.884375000  0.006604094
1418.888281250  0.006592378
1418.892187500  0.006563289
1418.896093750  0.006597592
1418.900000000  0.006565205
1418.903906250  0.006593290
1418.907812500  0.006517822
1418.911718750  0.006594182
1418.915625000  0.006611911
1418.919531250  0.006559678
1418.923437500  0.006576828
1418.927343750  0.006611991
1418.931250000  0.006659772
1418.935156250  0.006575716
1418.939062500  0.006585281
1418.942968750  0.006588052
1418.946875000  0.006621224
1418.950781250  0.006536251
1418.954687500  0.006605711
1418.958593750  0.006582833
1418.962500000  0.006571225
1418.966406250  0.006537007
1418.970312500  0.006589113
1418.974218750  0.006641165
1418.978125000  0.006554411
1418.982031250  0.006571776
1418.985937500  0.006573088
1418.989843750  0.006541195
1418.993750000  0.006600096
1418.997656250  0.006599251
1419.001562500  0.006680661
1419.005468750  0.006581380
1419.009375000  0.006632233
1419.013281250  0.006555875
1419.017187500  0.006604912
1419.021093750  0.006599760
1419.025000000  0.006594306
1419.028906250  0.006532652
1419.032812500  0.006572232
1419.036718750  0.006620709
1419.040625000  0.006540787
1419.044531250  0.006586445
1419.048437500  0.006574198
1419.052343750  0.006656891
1419.056250000  0.006672475
1419.060156250  0.006585513
1419.064062500  0.006600360
1419.067968750  0.006563092
1419.071875000  0.006634659
1419.075781250  0.006620512
1419.079687500  0.006606438
1419.083593750  0.006647249
1419.087500000  0.006535370
1419.091406250  0.006580350
1419.095312500  0.006492645
1419.099218750  0.006592373
1419.103125000  0.006555990
1419.107031250  0.006623512
1419.110937500  0.006582485
1419.114843750  0.006572635
1419.118750000  0.006581950
1419.122656250  0.006578848
1419.126562500  0.006600377
1419.130468750  0.006617740
1419.134375000  0.006964080
1419.138281250  0.006591747
1419.142187500  0.006577226
1419.146093750  0.006621805
1419.150000000  0.006594460
1419.153906250  0.006593531
1419.157812500  0.006533267
1419.161718750  0.006588428
1419.165625000  0.006560983
1419.169531250  0.006552407
1419.173437500  0.006583110
1419.177343750  0.006524574
1419.181250000  0.006629206
1419.185156250  0.006610437
1419.189062500  0.006654585
1419.192968750  0.006592596
1419.196875000  0.006618086
1419.200781250  0.006543102
1419.204687500  0.006630105
1419.208593750  0.006647620
1419.212500000  0.006604896
1419.216406250  0.006581835
1419.220312500  0.006593666
1419.224218750  0.006624075
1419.228125000  0.006619628
1419.232031250  0.006581292
1419.235937500  0.006540393
1419.239843750  0.006544228
1419.243750000  0.006594634
1419.247656250  0.006661467
1419.251562500  0.006572924
1419.255468750  0.006590339
1419.259375000  0.006606323
1419.263281250  0.006527747
1419.267187500  0.006589978
1419.271093750  0.006604218
1419.275000000  0.006625918
1419.278906250  0.006604359
1419.282812500  0.006552048
1419.286718750  0.006622392
1419.290625000  0.006612781
1419.294531250  0.006658801
1419.298437500  0.006588214
1419.302343750  0.006571647
1419.306250000  0.006575234
1419.310156250  0.006543598
1419.314062500  0.006533544
1419.317968750  0.006563409
1419.321875000  0.006544621
1419.325781250  0.006556930
1419.329687500  0.006650065
1419.333593750  0.006644039
1419.337500000  0.006652243
1419.341406250  0.006652727
1419.345312500  0.006601964
1419.349218750  0.006624701
1419.353125000  0.006609662
1419.357031250  0.006580019
1419.360937500  0.006573115
1419.364843750  0.006562058
1419.368750000  0.006548693
1419.372656250  0.006546299
1419.376562500  0.006539951
1419.380468750  0.006613861
1419.384375000  0.006578950
1419.388281250  0.006592994
1419.392187500  0.006604782
1419.396093750  0.006652256
1419.400000000  0.006541788
1419.403906250  0.006541682
1419.407812500  0.006608488
1419.411718750  0.006622165
1419.415625000  0.006594403
1419.419531250  0.006539653
1419.423437500  0.006590870
1419.427343750  0.006553036
1419.431250000  0.006660515
1419.435156250  0.006650835
1419.439062500  0.006658084
1419.442968750  0.006602924
1419.446875000  0.006562878
1419.450781250  0.006603724
1419.454687500  0.006588056
1419.458593750  0.006605364
1419.462500000  0.006653255
1419.466406250  0.006559237
1419.470312500  0.006683240
1419.474218750  0.006615595
1419.478125000  0.006582759
1419.482031250  0.006638605
1419.485937500  0.006650842
1419.489843750  0.006603077
1419.493750000  0.006602594
1419.497656250  0.006577426
1419.501562500  0.006593512
1419.505468750  0.006599653
1419.509375000  0.006572840
1419.513281250  0.006562157
1419.517187500  0.006593117
1419.521093750  0.006525208
1419.525000000  0.006589836
1419.528906250  0.006588364
1419.532812500  0.006712428
1419.536718750  0.006664944
1419.540625000  0.006594331
1419.544531250  0.006594572
1419.548437500  0.006533943
1419.552343750  0.006622433
1419.556250000  0.006606842
1419.560156250  0.006603638
1419.564062500  0.006613681
1419.567968750  0.006572001
1419.571875000  0.006625987
1419.575781250  0.006573179
1419.579687500  0.006588293
1419.583593750  0.006631373
1419.587500000  0.006553865
1419.591406250  0.006658488
1419.595312500  0.006625402
1419.599218750  0.006633142
1419.603125000  0.006624851
1419.607031250  0.006623653
1419.610937500  0.006646241
1419.614843750  0.006535628
1419.618750000  0.006633165
1419.622656250  0.006621010
1419.626562500  0.006643660
1419.630468750  0.006601101
1419.634375000  0.006637942
1419.638281250  0.006641168
1419.642187500  0.006704272
1419.646093750  0.006626274
1419.650000000  0.006569516
1419.653906250  0.006552400
1419.657812500  0.006644608
1419.661718750  0.006620657
1419.665625000  0.006560781
1419.669531250  0.006624701
1419.673437500  0.006614495
1419.677343750  0.006612487
1419.681250000  0.006605896
1419.685156250  0.006607530
1419.689062500  0.006607878
1419.692968750  0.006672645
1419.696875000  0.006627376
1419.700781250  0.006675742
1419.704687500  0.006593973
1419.708593750  0.006644760
1419.712500000  0.006695252
1419.716406250  0.006628632
1419.720312500  0.006634345
1419.724218750  0.006663524
1419.728125000  0.006597747
1419.732031250  0.006590204
1419.735937500  0.006635009
1419.739843750  0.006639275
1419.743750000  0.006631432
1419.747656250  0.006638697
1419.751562500  0.006567455
1419.755468750  0.006674815
1419.759375000  0.006638638
1419.763281250  0.006571269
1419.767187500  0.006646568
1419.771093750  0.006652447
1419.775000000  0.006664024
1419.778906250  0.006675169
1419.782812500  0.006637916
1419.786718750  0.006621818
1419.790625000  0.006679250
1419.794531250  0.006628283
1419.798437500  0.006629978
1419.802343750  0.006697785
1419.806250000  0.006615893
1419.810156250  0.006642480
1419.814062500  0.006657755
1419.817968750  0.006683376
1419.821875000  0.006633253
1419.825781250  0.006652762
1419.829687500  0.006663662
1419.833593750  0.006633011
1419.837500000  0.006601584
1419.841406250  0.006628599
1419.845312500  0.006644993
1419.849218750  0.006635237
1419.853125000  0.006605893
1419.857031250  0.006586542
1419.860937500  0.006665626
1419.864843750  0.006667290
1419.868750000  0.006583415
1419.872656250  0.006614000
1419.876562500  0.006575996
1419.880468750  0.006685025
1419.884375000  0.006642418
1419.888281250  0.006635819
1419.892187500  0.006598415
1419.896093750  0.006635587
1419.900000000  0.006631184
1419.903906250  0.006651966
1419.907812500  0.006717177
1419.911718750  0.006643760
1419.915625000  0.006666238
1419.919531250  0.006574764
1419.923437500  0.006655798
1419.927343750  0.006630578
1419.931250000  0.006686214
1419.935156250  0.006619632
1419.939062500  0.006723549
1419.942968750  0.006649437
1419.946875000  0.006641413
1419.950781250  0.006516794
1419.954687500  0.006667942
1419.958593750  0.006639136
1419.962500000  0.006615608
1419.966406250  0.006607984
1419.970312500  0.006703493
1419.974218750  0.006647451
1419.978125000  0.006705669
1419.982031250  0.006695152
1419.985937500  0.007148556
1419.989843750  0.006913144
1419.993750000  0.006698116
1419.997656250  0.007193882
1420.001562500  0.007702479
1420.005468750  0.006701803
1420.009375000  0.006806460
1420.013281250  0.006610470
1420.017187500  0.006637368
1420.021093750  0.006708289
1420.025000000  0.006627880
1420.028906250  0.006672556
1420.032812500  0.006607037
1420.036718750  0.006644720
1420.040625000  0.006678981
1420.044531250  0.006670625
1420.048437500  0.006634203
1420.052343750  0.006639724
1420.056250000  0.006700464
1420.060156250  0.006618956
1420.064062500  0.006683749
1420.067968750  0.006662786
1420.071875000  0.006627419
1420.075781250  0.006640427
1420.079687500  0.006650774
1420.083593750  0.006656642
1420.087500000  0.006648210
1420.091406250  0.006605584
1420.095312500  0.006705838
1420.099218750  0.006693809
1420.103125000  0.006677902
1420.107031250  0.006584880
1420.110937500  0.006698401
1420.114843750  0.006643321
1420.118750000  0.006663005
1420.122656250  0.006624795
1420.126562500  0.006551397
1420.130468750  0.006697985
1420.134375000  0.006650731
1420.138281250  0.006683431
1420.142187500  0.006646833
1420.146093750  0.006693679
1420.150000000  0.006707070
1420.153906250  0.006692301
1420.157812500  0.006643077
1420.161718750  0.006721131
1420.165625000  0.006678949
1420.169531250  0.006727469
1420.173437500  0.006683910
1420.177343750  0.006684011
1420.181250000  0.006646029
1420.185156250  0.006697499
1420.189062500  0.006735817
1420.192968750  0.006656751
1420.196875000  0.006681779
1420.200781250  0.006677002
1420.204687500  0.006700048
1420.208593750  0.006675135
1420.212500000  0.006660376
1420.216406250  0.006670843
1420.220312500  0.006642699
1420.224218750  0.006700513
1420.228125000  0.006613423
1420.232031250  0.006636627
1420.235937500  0.006669589
1420.239843750  0.006650771
1420.243750000  0.006672687
1420.247656250  0.006661798
1420.251562500  0.006640353
1420.255468750  0.006680725
1420.259375000  0.006650372
1420.263281250  0.006686233
1420.267187500  0.006688112
1420.271093750  0.006675170
1420.275000000  0.006691073
1420.278906250  0.006714064
1420.282812500  0.006661799
1420.286718750  0.006657742
1420.290625000  0.006632265
1420.294531250  0.006701987
1420.298437500  0.006694299
1420.302343750  0.006667652
1420.306250000  0.006698842
1420.310156250  0.006675029
1420.314062500  0.006707717
1420.317968750  0.006659687
1420.321875000  0.006686826
1420.325781250  0.006683716
1420.329687500  0.006753460
1420.333593750  0.006687823
1420.337500000  0.006679072
1420.341406250  0.006719890
1420.345312500  0.006670953
1420.349218750  0.006696433
1420.353125000  0.006743972
1420.357031250  0.006718523
1420.360937500  0.006739921
1420.364843750  0.006799720
1420.368750000  0.006774394
1420.372656250  0.006819713
1420.376562500  0.006719527
1420.380468750  0.006735746
1420.384375000  0.006837571
1420.388281250  0.006883314
1420.392187500  0.006834938
1420.396093750  0.006808665
1420.400000000  0.007848574
1420.403906250  0.006779954
1420.407812500  0.006836717
1420.411718750  0.006856265
1420.415625000  0.006829010
1420.419531250  0.006929124
1420.423437500  0.006844702
1420.427343750  0.006845092
1420.431250000  0.006773279
1420.435156250  0.006846979
1420.439062500  0.006834567
1420.442968750  0.006838294
1420.446875000  0.006762630
1420.450781250  0.006776736
1420.454687500  0.006804920
1420.458593750  0.006815096
1420.462500000  0.006858868
1420.466406250  0.006846858
1420.470312500  0.006754335
1420.474218750  0.006738298
1420.478125000  0.006765558
1420.482031250  0.006805043
1420.485937500  0.006804008
1420.489843750  0.006748827
1420.493750000  0.006744488
1420.497656250  0.006763678
1420.501562500  0.006782064
1420.505468750  0.006713906
1420.509375000  0.006739512
1420.513281250  0.006717617
1420.517187500  0.006690538
1420.521093750  0.006658932
1420.525000000  0.006699528
1420.528906250  0.006690551
1420.532812500  0.006682070
1420.536718750  0.006686558
1420.540625000  0.006654431
1420.544531250  0.006701100
1420.548437500  0.006580549
1420.552343750  0.006663944
1420.556250000  0.006780084
1420.560156250  0.006662445
1420.564062500  0.006680095
1420.567968750  0.006644866
1420.571875000  0.006603004
1420.575781250  0.006696243
1420.579687500  0.006690478
1420.583593750  0.006623629
1420.587500000  0.006620616
1420.591406250  0.006680827
1420.595312500  0.006657697
1420.599218750  0.006653250
1420.603125000  0.006656173
1420.607031250  0.006719255
1420.610937500  0.006650481
1420.614843750  0.006666912
1420.618750000  0.006601735
1420.622656250  0.006667033
1420.626562500  0.006631159
1420.630468750  0.006632754
1420.634375000  0.006715961
1420.638281250  0.006684148
1420.642187500  0.006641081
1420.646093750  0.006633456
1420.650000000  0.006636413
1420.653906250  0.006699162
1420.657812500  0.006621600
1420.661718750  0.006667822
1420.665625000  0.006654514
1420.669531250  0.006628798
1420.673437500  0.006628077
1420.677343750  0.006705789
1420.681250000  0.006707028
1420.685156250  0.006597798
1420.689062500  0.006652479
1420.692968750  0.006686532
1420.696875000  0.006707880
1420.700781250  0.006614946
1420.704687500  0.006680006
1420.708593750  0.006638398
1420.712500000  0.006621851
1420.716406250  0.006630899
1420.720312500  0.006619884
1420.724218750  0.006676306
1420.728125000  0.006612157
1420.732031250  0.006695752
1420.735937500  0.006684949
1420.739843750  0.006587289
1420.743750000  0.006646881
1420.747656250  0.006649481
1420.751562500  0.006670610
1420.755468750  0.006597514
1420.759375000  0.006603114
1420.763281250  0.006607381
1420.767187500  0.006643715
1420.771093750  0.006771381
1420.775000000  0.006682730
1420.778906250  0.006642960
1420.782812500  0.006638494
1420.786718750  0.006602474
1420.790625000  0.006606042
1420.794531250  0.006688545
1420.798437500  0.006625613
1420.802343750  0.006617895
1420.806250000  0.006673016
1420.810156250  0.006684666
1420.814062500  0.006661910
1420.817968750  0.006690757
1420.821875000  0.006650699
1420.825781250  0.006618061
1420.829687500  0.006657370
1420.833593750  0.006656116
1420.837500000  0.006646251
1420.841406250  0.006662605
1420.845312500  0.006622019
1420.849218750  0.006682561
1420.853125000  0.006635329
1420.857031250  0.006585970
1420.860937500  0.006621272
1420.864843750  0.006689535
1420.868750000  0.006653210
1420.872656250  0.006646588
1420.876562500  0.006619191
1420.880468750  0.006626823
1420.884375000  0.006543835
1420.888281250  0.006637975
1420.892187500  0.006638431
1420.896093750  0.006664237
1420.900000000  0.006645923
1420.903906250  0.006641517
1420.907812500  0.006641587
1420.911718750  0.006674206
1420.915625000  0.006642181
1420.919531250  0.006707260
1420.923437500  0.006708964
1420.927343750  0.006625173
1420.931250000  0.006642608
1420.935156250  0.006662006
1420.939062500  0.006674615
1420.942968750  0.006652645
1420.946875000  0.006628913
1420.950781250  0.006603765
1420.954687500  0.006703950
1420.958593750  0.006628694
1420.962500000  0.006672460
1420.966406250  0.006676796
1420.970312500  0.006633207
1420.974218750  0.006606127
1420.978125000  0.006667457
1420.982031250  0.006607721
1420.985937500  0.006621235
1420.989843750  0.006586510
1420.993750000  0.006559299
1420.997656250  0.006662151
1421.001562500  0.006646019
1421.005468750  0.006680980
1421.009375000  0.006665195
1421.013281250  0.006562745
1421.017187500  0.006620815
1421.021093750  0.006600528
1421.025000000  0.006658796
1421.028906250  0.006696530
1421.032812500  0.006691217
1421.036718750  0.006638171
1421.040625000  0.006662748
1421.044531250  0.006634014
1421.048437500  0.006597982
1421.052343750  0.006587777
1421.056250000  0.006645148
1421.060156250  0.006622142
1421.064062500  0.006641543
1421.067968750  0.006613038
1421.071875000  0.006602946
1421.075781250  0.006616778
1421.079687500  0.006598610
1421.083593750  0.006699662
1421.087500000  0.006667269
1421.091406250  0.006608868
1421.095312500  0.006641191
1421.099218750  0.006620873
1421.103125000  0.006705901
1421.107031250  0.006677326
1421.110937500  0.006673706
1421.114843750  0.006629130
1421.118750000  0.006625024
1421.122656250  0.006658744
1421.126562500  0.006617201
1421.130468750  0.006630973
1421.134375000  0.006615324
1421.138281250  0.006668878
1421.142187500  0.006651589
1421.146093750  0.006620540
1421.150000000  0.006616508
1421.153906250  0.006600641
1421.157812500  0.006674569
1421.161718750  0.006606821
1421.165625000  0.006601341
1421.169531250  0.006601978
1421.173437500  0.006714438
1421.177343750  0.006678299
1421.181250000  0.006609384
1421.185156250  0.006753859
1421.189062500  0.006594776
1421.192968750  0.006696703
1421.196875000  0.006697191
1421.200781250  0.006614706
1421.204687500  0.006592738
1421.208593750  0.006584418
1421.212500000  0.006597570
1421.216406250  0.006625988
1421.220312500  0.006601375
1421.224218750  0.006592572
1421.228125000  0.006650093
1421.232031250  0.006652864
1421.235937500  0.006630501
1421.239843750  0.006597744
1421.243750000  0.006643934
1421.247656250  0.006690867
1421.251562500  0.006642224
1421.255468750  0.006687503
1421.259375000  0.006621917
1421.263281250  0.006672277
1421.267187500  0.006637229
1421.271093750  0.006614431
1421.275000000  0.006599496
1421.278906250  0.006612090
1421.282812500  0.006608533
1421.286718750  0.006604119
1421.290625000  0.006653966
1421.294531250  0.006630432
1421.298437500  0.006693514
1421.302343750  0.006701441
1421.306250000  0.006635611
1421.310156250  0.006665139
1421.314062500  0.006655538
1421.317968750  0.006634519
1421.321875000  0.006653447
1421.325781250  0.006639373
1421.329687500  0.006704190
1421.333593750  0.006670553
1421.337500000  0.006691261
1421.341406250  0.006708249
1421.345312500  0.006624802
1421.349218750  0.006652987
1421.353125000  0.006660535
1421.357031250  0.006612850
1421.360937500  0.006604612
1421.364843750  0.006667795
1421.368750000  0.006676755
1421.372656250  0.006630108
1421.376562500  0.006644143
1421.380468750  0.006685149
1421.384375000  0.006616695
1421.388281250  0.006705111
1421.392187500  0.006567146
1421.396093750  0.006653430
1421.400000000  0.006669216
1421.403906250  0.006777154
1421.407812500  0.006638710
1421.411718750  0.006685324
1421.415625000  0.006633688
1421.419531250  0.006522083
1421.423437500  0.006621017
1421.427343750  0.006626865
1421.431250000  0.006659752
1421.435156250  0.006642064
1421.439062500  0.006676971
1421.442968750  0.006617107
1421.446875000  0.006636058
1421.450781250  0.006672676
1421.454687500  0.006628108
1421.458593750  0.006708226
1421.462500000  0.006635548
1421.466406250  0.006681327
1421.470312500  0.006647456
1421.474218750  0.006632213
1421.478125000  0.006683091
1421.482031250  0.006642853
1421.485937500  0.006714566
1421.489843750  0.006656854
1421.493750000  0.006653763
1421.497656250  0.006613632
1421.501562500  0.006655688
1421.505468750  0.006629796
1421.509375000  0.006692653
1421.513281250  0.006626607
1421.517187500  0.006692442
1421.521093750  0.006692111
1421.525000000  0.006638188
1421.528906250  0.006607798
1421.532812500  0.006681075
1421.536718750  0.006639447
1421.540625000  0.006615982
1421.544531250  0.006540256
1421.548437500  0.006659660
1421.552343750  0.006633246
1421.556250000  0.006578972
1421.560156250  0.006655254
1421.564062500  0.006682037
1421.567968750  0.006674294
1421.571875000  0.006650136
1421.575781250  0.006659277
1421.579687500  0.006614525
1421.583593750  0.006644674
1421.587500000  0.006584048
1421.591406250  0.006617045
1421.595312500  0.006670119
1421.599218750  0.006629692
1421.603125000  0.006645332
1421.607031250  0.006650701
1421.610937500  0.006682010
1421.614843750  0.006606856
1421.618750000  0.006625185
1421.622656250  0.006651165
1421.626562500  0.006607738
1421.630468750  0.006659952
1421.634375000  0.006632098
1421.638281250  0.006672343
1421.642187500  0.006691488
1421.646093750  0.006658176
1421.650000000  0.006622194
1421.653906250  0.006627913
1421.657812500  0.006654699
1421.661718750  0.006681781
1421.665625000  0.006640426
1421.669531250  0.006646707
1421.673437500  0.006638616
1421.677343750  0.006604581
1421.681250000  0.006632795
1421.685156250  0.006606528
1421.689062500  0.006648230
1421.692968750  0.006613704
1421.696875000  0.006617570
1421.700781250  0.006602709
1421.704687500  0.006633707
1421.708593750  0.006698438
1421.712500000  0.006594121
1421.716406250  0.006630324
1421.720312500  0.006645041
1421.724218750  0.006609659
1421.728125000  0.006672348
1421.732031250  0.006604317
1421.735937500  0.006608443
1421.739843750  0.006549545
1421.743750000  0.006625357
1421.747656250  0.006571918
1421.751562500  0.006589459
1421.755468750  0.006604854
1421.759375000  0.006614765
1421.763281250  0.006590906
1421.767187500  0.006642702
1421.771093750  0.006616296
1421.775000000  0.006604954
1421.778906250  0.006557599
1421.782812500  0.006585294
1421.786718750  0.006564849
1421.790625000  0.006621151
1421.794531250  0.006637057
1421.798437500  0.006651797
1421.802343750  0.006606905
1421.806250000  0.006653849
1421.810156250  0.006613390
1421.814062500  0.006679901
1421.817968750  0.006630391
1421.821875000  0.006559951
1421.825781250  0.006539856
1421.829687500  0.006613530
1421.833593750  0.006608806
1421.837500000  0.006618457
1421.841406250  0.006551172
1421.845312500  0.006663410
1421.849218750  0.006622103
1421.853125000  0.006594250
1421.857031250  0.006573178
1421.860937500  0.006608307
1421.864843750  0.006625057
1421.868750000  0.006549377
1421.872656250  0.006586613
1421.876562500  0.006589610
1421.880468750  0.006574358
1421.884375000  0.006592993
1421.888281250  0.006529346
1421.892187500  0.006684990
1421.896093750  0.006620141
1421.900000000  0.006541316
1421.903906250  0.006591125
1421.907812500  0.006520039
1421.911718750  0.006616877
1421.915625000  0.006567530
1421.919531250  0.006587384
1421.923437500  0.006559693
1421.927343750  0.006609991
1421.931250000  0.006599490
1421.935156250  0.006633929
1421.939062500  0.006559727
1421.942968750  0.006597042
1421.946875000  0.006604906
1421.950781250  0.006584202
1421.954687500  0.006528834
1421.958593750  0.006545361
1421.962500000  0.006612661
1421.966406250  0.006562938
1421.970312500  0.006529616
1421.974218750  0.006547515
1421.978125000  0.006558964
1421.982031250  0.006586516
1421.985937500  0.006556934
1421.989843750  0.006614359
1421.993750000  0.006578569
1421.997656250  0.006518156
1422.001562500  0.006623812
1422.005468750  0.006579047
1422.009375000  0.006540990
1422.013281250  0.006533034
1422.017187500  0.006582784
1422.021093750  0.006542240
1422.025000000  0.006536137
1422.028906250  0.006528410
1422.032812500  0.006540470
1422.036718750  0.006566698
1422.040625000  0.006607199
1422.044531250  0.006523595
1422.048437500  0.006510717
1422.052343750  0.006486290
1422.056250000  0.006590594
1422.060156250  0.006496835
1422.064062500  0.006522295
1422.067968750  0.006615116
1422.071875000  0.006505388
1422.075781250  0.006577841
1422.079687500  0.006616403
1422.083593750  0.006528152
1422.087500000  0.006578912
1422.091406250  0.006526879
1422.095312500  0.006556517
1422.099218750  0.006486262
1422.103125000  0.006512299
1422.107031250  0.006552358
1422.110937500  0.006506926
1422.114843750  0.006552937
1422.118750000  0.006535506
1422.122656250  0.006477783
1422.126562500  0.006554036
1422.130468750  0.006478873
1422.134375000  0.006509988
1422.138281250  0.006552024
1422.142187500  0.006535580
1422.146093750  0.006524339
1422.150000000  0.006539521
1422.153906250  0.006543064
1422.157812500  0.006495679
1422.161718750  0.006423581
1422.165625000  0.006525323
1422.169531250  0.006530805
1422.173437500  0.006533183
1422.177343750  0.006500275
1422.181250000  0.006467186
1422.185156250  0.006561874
1422.189062500  0.006500923
1422.192968750  0.006553527
1422.196875000  0.006574381
1422.200781250  0.006535611
1422.204687500  0.006506604
1422.208593750  0.006548714
1422.212500000  0.006513587
1422.216406250  0.006513681
1422.220312500  0.006501687
1422.224218750  0.006464298
1422.228125000  0.006526377
1422.232031250  0.006479928
1422.235937500  0.006486690
1422.239843750  0.006522381
1422.243750000  0.006556102
1422.247656250  0.006508709
1422.251562500  0.006506689
1422.255468750  0.006539775
1422.259375000  0.006454567
1422.263281250  0.006483619
1422.267187500  0.006464376
1422.271093750  0.006545003
1422.275000000  0.006511906
1422.278906250  0.006485196
1422.282812500  0.006484193
1422.286718750  0.006504650
1422.290625000  0.006503092
1422.294531250  0.006539432
1422.298437500  0.006488284
1422.302343750  0.006494016
1422.306250000  0.006459978
1422.310156250  0.006477148
1422.314062500  0.006442402
1422.317968750  0.006480814
1422.321875000  0.006540491
1422.325781250  0.006558108
1422.329687500  0.006537955
1422.333593750  0.006536374
1422.337500000  0.006485101
1422.341406250  0.006474497
1422.345312500  0.006568177
1422.349218750  0.006500122
1422.353125000  0.006530151
1422.357031250  0.006484520
1422.360937500  0.006538413
1422.364843750  0.006487283
1422.368750000  0.006551730
1422.372656250  0.006541039
1422.376562500  0.006545401
1422.380468750  0.006537044
1422.384375000  0.006498256
1422.388281250  0.006459832
1422.392187500  0.006579852
1422.396093750  0.006522723
1422.400000000  0.006530041
1422.403906250  0.006528127
1422.407812500  0.006525116
1422.411718750  0.006517709
1422.415625000  0.006496316
1422.419531250  0.006480666
1422.423437500  0.006438081
1422.427343750  0.006487954
1422.431250000  0.006586527
1422.435156250  0.006511751
1422.439062500  0.006473069
1422.442968750  0.006484499
1422.446875000  0.006444883
1422.450781250  0.006476903
1422.454687500  0.006399147
1422.458593750  0.006530051
1422.462500000  0.006489343
1422.466406250  0.006480470
1422.470312500  0.006484017
1422.474218750  0.006498494
1422.478125000  0.006542424
1422.482031250  0.006494446
1422.485937500  0.006529313
1422.489843750  0.006482197
1422.493750000  0.006481934
1422.497656250  0.006483981
1422.501562500  0.006574860
1422.505468750  0.006513232
1422.509375000  0.006476821
1422.513281250  0.006442783
1422.517187500  0.006518168
1422.521093750  0.006512413
1422.525000000  0.006518812
1422.528906250  0.006544908
1422.532812500  0.006486028
1422.536718750  0.006510842
1422.540625000  0.006480502
1422.544531250  0.006537859
1422.548437500  0.006490992
1422.552343750  0.006512777
1422.556250000  0.006494005
1422.560156250  0.006540956
1422.564062500  0.006553076
1422.567968750  0.006540921
1422.571875000  0.006535269
1422.575781250  0.006577663
1422.579687500  0.006534780
1422.583593750  0.006477069
1422.587500000  0.006501627
1422.591406250  0.006565157
1422.595312500  0.006558492
1422.599218750  0.006517823
1422.603125000  0.006518883
1422.607031250  0.006550323
1422.610937500  0.006534571
1422.614843750  0.006565874
1422.618750000  0.006489370
1422.622656250  0.006585682
1422.626562500  0.006516641
1422.630468750  0.006479083
1422.634375000  0.006479507
1422.638281250  0.006559700
1422.642187500  0.006482735
1422.646093750  0.006579871
1422.650000000  0.006607796
1422.653906250  0.006553365
1422.657812500  0.006521689
1422.661718750  0.006546879
1422.665625000  0.006547890
1422.669531250  0.006565477
1422.673437500  0.006569280
1422.677343750  0.006641588
1422.681250000  0.006536566
1422.685156250  0.006531039
1422.689062500  0.006521442
1422.692968750  0.006468384
1422.696875000  0.006564484
1422.700781250  0.006465678
1422.704687500  0.006493070
1422.708593750  0.006520379
1422.712500000  0.006555657
1422.716406250  0.006557650
1422.720312500  0.006563184
1422.724218750  0.006552340
1422.728125000  0.006557321
1422.732031250  0.006516661
1422.735937500  0.006473546
1422.739843750  0.006638750
1422.743750000  0.006525140
1422.747656250  0.006526929
1422.751562500  0.006518345
1422.755468750  0.006524893
1422.759375000  0.006562789
1422.763281250  0.006492028
1422.767187500  0.006476562
1422.771093750  0.006515226
1422.775000000  0.006552258
1422.778906250  0.006492534
1422.782812500  0.006523050
1422.786718750  0.006496976
1422.790625000  0.006541615
1422.794531250  0.006515210
1422.798437500  0.006502827
1422.802343750  0.006491428
1422.806250000  0.006549465
1422.810156250  0.006555331
1422.814062500  0.006553734
1422.817968750  0.006558842
1422.821875000  0.006579287
1422.825781250  0.006502859
1422.829687500  0.006526497
1422.833593750  0.006478303
1422.837500000  0.006527027
1422.841406250  0.006525538
1422.845312500  0.006530721
1422.849218750  0.006547879
1422.853125000  0.006493833
1422.857031250  0.006554093
1422.860937500  0.006519277
1422.864843750  0.006483831
1422.868750000  0.006549672
1422.872656250  0.006499350
1422.876562500  0.006524429
1422.880468750  0.006605523
1422.884375000  0.006576219
1422.888281250  0.006566169
1422.892187500  0.006516800
1422.896093750  0.006554956
1422.900000000  0.006533282
1422.903906250  0.006510359
1422.907812500  0.006585274
1422.911718750  0.006522471
1422.915625000  0.006550557
1422.919531250  0.006564220
1422.923437500  0.006564729
1422.927343750  0.006560471
1422.931250000  0.006545235
1422.935156250  0.006547961
1422.939062500  0.006586242
1422.942968750  0.006541852
1422.946875000  0.006534975
1422.950781250  0.006562147
1422.954687500  0.006573935
1422.958593750  0.006560044
1422.962500000  0.006555288
1422.966406250  0.006558616
1422.970312500  0.006559436
1422.974218750  0.006537364
1422.978125000  0.006560485
1422.982031250  0.006522312
1422.985937500  0.006564468
1422.989843750  0.006551266
1422.993750000  0.006594273
1422.997656250  0.006555892
1423.001562500  0.006510286
1423.005468750  0.006577738
1423.009375000  0.006581251
1423.013281250  0.006599182
1423.017187500  0.006573915
1423.021093750  0.006562252
1423.025000000  0.006594228
1423.028906250  0.006586396
1423.032812500  0.006563614
1423.036718750  0.006596508
1423.040625000  0.006593184
1423.044531250  0.006548470
1423.048437500  0.006586157
1423.052343750  0.006625865
1423.056250000  0.006676364
1423.060156250  0.006561393
1423.064062500  0.006583139
1423.067968750  0.006584578
1423.071875000  0.006550882
1423.075781250  0.006644120
1423.079687500  0.006574642
1423.083593750  0.006622966
1423.087500000  0.006643918
1423.091406250  0.006606229
1423.095312500  0.006563381
1423.099218750  0.006638357
1423.103125000  0.006585054
1423.107031250  0.006606303
1423.110937500  0.006549435
1423.114843750  0.006608757
1423.118750000  0.006555055
1423.122656250  0.006581968
1423.126562500  0.006582600
1423.130468750  0.006665161
1423.134375000  0.006583617
1423.138281250  0.006596742
1423.142187500  0.006576183
1423.146093750  0.006597851
1423.150000000  0.006568662
1423.153906250  0.006649307
1423.157812500  0.006593193
1423.161718750  0.006646044
1423.165625000  0.006675180
1423.169531250  0.006579549
1423.173437500  0.006576449
1423.177343750  0.006571771
1423.181250000  0.006636945
1423.185156250  0.006543031
1423.189062500  0.006621347
1423.192968750  0.006655936
1423.196875000  0.006638463
1423.200781250  0.006635695
1423.204687500  0.006611729
1423.208593750  0.006611343
1423.212500000  0.006606708
1423.216406250  0.006624927
1423.220312500  0.006607702
1423.224218750  0.006662040
1423.228125000  0.006699601
1423.232031250  0.006685954
1423.235937500  0.006619499
1423.239843750  0.006548638
1423.243750000  0.006602569
1423.247656250  0.006636606
1423.251562500  0.006632927
1423.255468750  0.006624241
1423.259375000  0.006633903
1423.263281250  0.006642534
1423.267187500  0.006556773
1423.271093750  0.006654871
1423.275000000  0.006640416
1423.278906250  0.006654407
1423.282812500  0.006634121
1423.286718750  0.006667113
1423.290625000  0.006646921
1423.294531250  0.006711201
1423.298437500  0.006605343
1423.302343750  0.006658868
1423.306250000  0.006727235
1423.310156250  0.006668891
1423.314062500  0.006634815
1423.317968750  0.006633913
1423.321875000  0.006677434
1423.325781250  0.006640609
1423.329687500  0.006685840
1423.333593750  0.006662482
1423.337500000  0.006645625
1423.341406250  0.006653310
1423.345312500  0.006733541
1423.349218750  0.006644833
1423.353125000  0.006718525
1423.357031250  0.006678780
1423.360937500  0.006686923
1423.364843750  0.006682182
1423.368750000  0.006694020
1423.372656250  0.006725404
1423.376562500  0.006709933
1423.380468750  0.006682811
1423.384375000  0.006696408
1423.388281250  0.006682841
1423.392187500  0.006697454
1423.396093750  0.006629550
1423.400000000  0.006740594
1423.403906250  0.006710233
1423.407812500  0.006670720
1423.411718750  0.006742873
1423.415625000  0.006717554
1423.419531250  0.006654216
1423.423437500  0.006669027
1423.427343750  0.006713327
1423.431250000  0.006704462
1423.435156250  0.006737590
1423.439062500  0.006747124
1423.442968750  0.006781964
1423.446875000  0.006663610
1423.450781250  0.006757852
1423.454687500  0.006658157
1423.458593750  0.006817740
1423.462500000  0.006711951
1423.466406250  0.006753047
1423.470312500  0.006690344
1423.474218750  0.006757061
1423.478125000  0.006746466
1423.482031250  0.006708460
1423.485937500  0.006810420
1423.489843750  0.006725901
1423.493750000  0.006739089
1423.497656250  0.006758032
1423.501562500  0.006707176
1423.505468750  0.006734213
1423.509375000  0.006713884
1423.513281250  0.006811277
1423.517187500  0.006710734
1423.521093750  0.006759455
1423.525000000  0.006711742
1423.528906250  0.006739862
1423.532812500  0.006817899
1423.536718750  0.006781940
1423.540625000  0.006801946
1423.544531250  0.006862244
1423.548437500  0.006783025
1423.552343750  0.006806050
1423.556250000  0.006790294
1423.560156250  0.006842335
1423.564062500  0.006847816
1423.567968750  0.006757978
1423.571875000  0.006768229
1423.575781250  0.006845932
1423.579687500  0.006844708
1423.583593750  0.006822106
1423.587500000  0.006854758
1423.591406250  0.006815924
1423.595312500  0.006814150
1423.599218750  0.006803845
1423.603125000  0.006822398
1423.607031250  0.006867629
1423.610937500  0.006860806
1423.614843750  0.006812360
1423.618750000  0.006858062
1423.622656250  0.006835181
1423.626562500  0.006841253
1423.630468750  0.006898677
1423.634375000  0.006913338
1423.638281250  0.006932393
1423.642187500  0.006945047
1423.646093750  0.006968834
1423.650000000  0.006820333
1423.653906250  0.006893416
1423.657812500  0.006849775
1423.661718750  0.006962393
1423.665625000  0.006843983
1423.669531250  0.006871657
1423.673437500  0.006865918
1423.677343750  0.006943848
1423.681250000  0.006947138
1423.685156250  0.006907521
1423.689062500  0.006923853
1423.692968750  0.006986170
1423.696875000  0.006937914
1423.700781250  0.006983270
1423.704687500  0.006946679
1423.708593750  0.006897739
1423.712500000  0.006946287
1423.716406250  0.006924604
1423.720312500  0.006994078
1423.724218750  0.007073879
1423.728125000  0.007009214
1423.732031250  0.006936722
1423.735937500  0.006950202
1423.739843750  0.006940627
1423.743750000  0.006963084
1423.747656250  0.006970649
1423.751562500  0.007031255
1423.755468750  0.007014620
1423.759375000  0.007012009
1423.763281250  0.006926578
1423.767187500  0.006959886
1423.771093750  0.007103727
1423.775000000  0.007025625
1423.778906250  0.006962433
1423.782812500  0.007001882
1423.786718750  0.007025721
1423.790625000  0.007010048
1423.794531250  0.007012444
1423.798437500  0.007074958
1423.802343750  0.007035977
1423.806250000  0.007028444
1423.810156250  0.007025160
1423.814062500  0.007021538
1423.817968750  0.007058005
1423.821875000  0.007014845
1423.825781250  0.007013382
1423.829687500  0.007111795
1423.833593750  0.007064121
1423.837500000  0.007036067
1423.841406250  0.007075739
1423.845312500  0.007056933
1423.849218750  0.006990396
1423.853125000  0.007096194
1423.857031250  0.007088894
1423.860937500  0.007122315
1423.864843750  0.007095617
1423.868750000  0.007149363
1423.872656250  0.007101578
1423.876562500  0.007088269
1423.880468750  0.007076390
1423.884375000  0.007135497
1423.888281250  0.007148723
1423.892187500  0.007118432
1423.896093750  0.007158238
1423.900000000  0.007093108
1423.903906250  0.007165586
1423.907812500  0.007175744
1423.911718750  0.007193139
1423.915625000  0.007166748
1423.919531250  0.007152497
1423.923437500  0.007226312
1423.927343750  0.007187968
1423.931250000  0.007182699
1423.935156250  0.007201684
1423.939062500  0.007175930
1423.942968750  0.007215364
1423.946875000  0.007232230
1423.950781250  0.007180068
1423.954687500  0.007186300
1423.958593750  0.007206909
1423.962500000  0.007273207
1423.966406250  0.007310720
1423.970312500  0.007225022
1423.974218750  0.007196315
1423.978125000  0.007245604
1423.982031250  0.007262415
1423.985937500  0.008224840
1423.989843750  0.007966372
1423.993750000  0.007594712
1423.997656250  0.008825027
1424.001562500  0.010303441
1424.005468750  0.007547211
1424.009375000  0.007360398
1424.013281250  0.007251684
1424.017187500  0.007316563
1424.021093750  0.007189166
1424.025000000  0.007244242
1424.028906250  0.007278295
1424.032812500  0.007212868
1424.036718750  0.007306157
1424.040625000  0.007307912
1424.044531250  0.007224047
1424.048437500  0.007236449
1424.052343750  0.007269759
1424.056250000  0.007329513
1424.060156250  0.007407560
1424.064062500  0.007225998
1424.067968750  0.007291331
1424.071875000  0.007250776
1424.075781250  0.007224947
1424.079687500  0.007302764
1424.083593750  0.007256753
1424.087500000  0.007317082
1424.091406250  0.007301335
1424.095312500  0.007214141
1424.099218750  0.007392441
1424.103125000  0.007382980
1424.107031250  0.007330417
1424.110937500  0.007296907
1424.114843750  0.007286489
1424.118750000  0.007340088
1424.122656250  0.007342585
1424.126562500  0.007377430
1424.130468750  0.007332302
1424.134375000  0.007354304
1424.138281250  0.007324516
1424.142187500  0.007428918
1424.146093750  0.007384226
1424.150000000  0.007408503
1424.153906250  0.007490878
1424.157812500  0.007390098
1424.161718750  0.007313329
1424.165625000  0.007453489
1424.169531250  0.007413557
1424.173437500  0.007406991
1424.177343750  0.007422878
1424.181250000  0.007457923
1424.185156250  0.007401799
1424.189062500  0.007398928
1424.192968750  0.007421338
1424.196875000  0.007402306
1424.200781250  0.007502140
1424.204687500  0.007382703
1424.208593750  0.007457636
1424.212500000  0.007369686
1424.216406250  0.007396216
1424.220312500  0.007356316
1424.224218750  0.007459057
1424.228125000  0.007455798
1424.232031250  0.007445787
1424.235937500  0.007433636
1424.239843750  0.007411817
1424.243750000  0.007472568
1424.247656250  0.007421016
1424.251562500  0.007418915
1424.255468750  0.007434125
1424.259375000  0.007412386
1424.263281250  0.007466648
1424.267187500  0.007419532
1424.271093750  0.007471502
1424.275000000  0.007421215
1424.278906250  0.007424664
1424.282812500  0.007448345
1424.286718750  0.007374614
1424.290625000  0.007424475
1424.294531250  0.007424943
1424.298437500  0.007534334
1424.302343750  0.007456649
1424.306250000  0.007441355
1424.310156250  0.007489848
1424.314062500  0.007464874
1424.317968750  0.007496244
1424.321875000  0.007446355
1424.325781250  0.007370971
1424.329687500  0.007433573
1424.333593750  0.007455574
1424.337500000  0.007501759
1424.341406250  0.007443908
1424.345312500  0.007492185
1424.349218750  0.007529806
1424.353125000  0.007375727
1424.357031250  0.007520476
1424.360937500  0.007503460
1424.364843750  0.007494664
1424.368750000  0.007483993
1424.372656250  0.007500181
1424.376562500  0.007522287
1424.380468750  0.007511858
1424.384375000  0.007448288
1424.388281250  0.007467697
1424.392187500  0.007560528
1424.396093750  0.007440862

