2000(10000)
1416.400000000  0.007893948
1416.403906250  0.007904782
1416.407812500  0.007848861
1416.411718750  0.007919721
1416.415625000  0.007966074
1416.419531250  0.007870853
1416.423437500  0.007924394
1416.427343750  0.008103883
1416.431250000  0.007942769
1416.435156250  0.007954489
1416.439062500  0.008106349
1416.442968750  0.007999318
1416.446875000  0.007940841
1416.450781250  0.007941484
1416.454687500  0.007912685
1416.458593750  0.007874091
1416.462500000  0.007815720
1416.466406250  0.007933033
1416.470312500  0.007812893
1416.474218750  0.007928764
1416.478125000  0.007911248
1416.482031250  0.008196753
1416.485937500  0.008105765
1416.489843750  0.007875085
1416.493750000  0.007873549
1416.497656250  0.007921714
1416.501562500  0.007829211
1416.505468750  0.007871751
1416.509375000  0.007858902
1416.513281250  0.007959045
1416.517187500  0.007804185
1416.521093750  0.007870160
1416.525000000  0.007802630
1416.528906250  0.007855844
1416.532812500  0.008114080
1416.536718750  0.008130950
1416.540625000  0.007923379
1416.544531250  0.007863598
1416.548437500  0.007923985
1416.552343750  0.007828274
1416.556250000  0.007929595
1416.560156250  0.007957579
1416.564062500  0.007833739
1416.567968750  0.007895686
1416.571875000  0.007862916
1416.575781250  0.007925933
1416.579687500  0.007994887
1416.583593750  0.007867431
1416.587500000  0.007903883
1416.591406250  0.008020011
1416.595312500  0.007951674
1416.599218750  0.007865698
1416.603125000  0.007806212
1416.607031250  0.007915311
1416.610937500  0.007897824
1416.614843750  0.007884793
1416.618750000  0.007793746
1416.622656250  0.007911747
1416.626562500  0.008068285
1416.630468750  0.008070675
1416.634375000  0.007983963
1416.638281250  0.007950816
1416.642187500  0.008016932
1416.646093750  0.008672623
1416.650000000  0.008413143
1416.653906250  0.008215696
1416.657812500  0.008084761
1416.661718750  0.007982826
1416.665625000  0.007802158
1416.669531250  0.007849425
1416.673437500  0.007915605
1416.677343750  0.007951526
1416.681250000  0.007828717
1416.685156250  0.007834698
1416.689062500  0.007808173
1416.692968750  0.007840559
1416.696875000  0.007875712
1416.700781250  0.008383761
1416.704687500  0.008032985
1416.708593750  0.007818058
1416.712500000  0.007812698
1416.716406250  0.007833312
1416.720312500  0.007879414
1416.724218750  0.007880342
1416.728125000  0.007757367
1416.732031250  0.007761194
1416.735937500  0.007750285
1416.739843750  0.007739808
1416.743750000  0.007718574
1416.747656250  0.007798548
1416.751562500  0.008001537
1416.755468750  0.009168098
1416.759375000  0.008180038
1416.763281250  0.007865705
1416.767187500  0.007882538
1416.771093750  0.007983477
1416.775000000  0.007736055
1416.778906250  0.007738822
1416.782812500  0.007775637
1416.786718750  0.007773259
1416.790625000  0.007747771
1416.794531250  0.007767971
1416.798437500  0.007768325
1416.802343750  0.007881566
1416.806250000  0.008134460
1416.810156250  0.011833208
1416.814062500  0.009175284
1416.817968750  0.008334897
1416.821875000  0.007920523
1416.825781250  0.007843642
1416.829687500  0.007860130
1416.833593750  0.007884902
1416.837500000  0.007870521
1416.841406250  0.007972435
1416.845312500  0.007952742
1416.849218750  0.008041005
1416.853125000  0.008190934
1416.857031250  0.008703890
1416.860937500  0.010432822
1416.864843750  0.026821920
1416.868750000  0.016733937
1416.872656250  0.009622005
1416.876562500  0.008486427
1416.880468750  0.008049166
1416.884375000  0.007970120
1416.888281250  0.007961650
1416.892187500  0.007971007
1416.896093750  0.007862848
1416.900000000  0.007742252
1416.903906250  0.007792264
1416.907812500  0.007794634
1416.911718750  0.008003891
1416.915625000  0.008318503
1416.919531250  0.011954416
1416.923437500  0.009568932
1416.927343750  0.008021372
1416.931250000  0.007806993
1416.935156250  0.007777762
1416.939062500  0.007711341
1416.942968750  0.007541428
1416.946875000  0.007678427
1416.950781250  0.007651884
1416.954687500  0.007588958
1416.958593750  0.007669449
1416.962500000  0.007847247
1416.966406250  0.007680860
1416.970312500  0.007911355
1416.974218750  0.009330842
1416.978125000  0.008323714
1416.982031250  0.007666792
1416.985937500  0.007630575
1416.989843750  0.007546383
1416.993750000  0.007671098
1416.997656250  0.007895767
1417.001562500  0.008451069
1417.005468750  0.007555974
1417.009375000  0.007767373
1417.013281250  0.007521014
1417.017187500  0.007569163
1417.021093750  0.007597626
1417.025000000  0.007759854
1417.028906250  0.008968137
1417.032812500  0.008423518
1417.036718750  0.007668952
1417.040625000  0.007475912
1417.044531250  0.007521305
1417.048437500  0.007528767
1417.052343750  0.007476241
1417.056250000  0.007622358
1417.060156250  0.007479891
1417.064062500  0.007487491
1417.067968750  0.007544614
1417.071875000  0.007625737
1417.075781250  0.007770064
1417.079687500  0.008112551
1417.083593750  0.008839502
1417.087500000  0.008322832
1417.091406250  0.007652972
1417.095312500  0.007566475
1417.099218750  0.007596611
1417.103125000  0.007669818
1417.107031250  0.007484700
1417.110937500  0.007516782
1417.114843750  0.007408811
1417.118750000  0.007358366
1417.122656250  0.007398395
1417.126562500  0.007390350
1417.130468750  0.007465621
1417.134375000  0.007538218
1417.138281250  0.007860639
1417.142187500  0.007670644
1417.146093750  0.007487236
1417.150000000  0.007478999
1417.153906250  0.007399562
1417.157812500  0.007323382
1417.161718750  0.007286203
1417.165625000  0.007254492
1417.169531250  0.007314578
1417.173437500  0.007341395
1417.177343750  0.007367187
1417.181250000  0.007339101
1417.185156250  0.007365773
1417.189062500  0.007383070
1417.192968750  0.007708804
1417.196875000  0.007568898
1417.200781250  0.007538707
1417.204687500  0.007309350
1417.208593750  0.007292621
1417.212500000  0.007263663
1417.216406250  0.007227411
1417.220312500  0.007221367
1417.224218750  0.007283656
1417.228125000  0.007274859
1417.232031250  0.007247385
1417.235937500  0.007269982
1417.239843750  0.007251340
1417.243750000  0.007258204
1417.247656250  0.007715212
1417.251562500  0.007473769
1417.255468750  0.007222925
1417.259375000  0.007269516
1417.263281250  0.007289700
1417.267187500  0.007205261
1417.271093750  0.007234384
1417.275000000  0.007316174
1417.278906250  0.007258688
1417.282812500  0.007160567
1417.286718750  0.007248268
1417.290625000  0.007263767
1417.294531250  0.007441046
1417.298437500  0.007277362
1417.302343750  0.007400764
1417.306250000  0.007310041
1417.310156250  0.007278398
1417.314062500  0.007192625
1417.317968750  0.007212187
1417.321875000  0.007171601
1417.325781250  0.007162009
1417.329687500  0.007199149
1417.333593750  0.007209455
1417.337500000  0.007245699
1417.341406250  0.007397162
1417.345312500  0.007204047
1417.349218750  0.007247660
1417.353125000  0.007193213
1417.357031250  0.007298812
1417.360937500  0.007268025
1417.364843750  0.007119206
1417.368750000  0.007144979
1417.372656250  0.007056831
1417.376562500  0.007110317
1417.380468750  0.007153908
1417.384375000  0.007111891
1417.388281250  0.007191308
1417.392187500  0.007267278
1417.396093750  0.007133969
1417.400000000  0.007165090
1417.403906250  0.007035979
1417.407812500  0.007125418
1417.411718750  0.007188332
1417.415625000  0.007232493
1417.419531250  0.007104541
1417.423437500  0.007146671
1417.427343750  0.007086865
1417.431250000  0.007100351
1417.435156250  0.007179526
1417.439062500  0.007276478
1417.442968750  0.007129853
1417.446875000  0.007122908
1417.450781250  0.007127018
1417.454687500  0.007078173
1417.458593750  0.007084833
1417.462500000  0.007050353
1417.466406250  0.007131832
1417.470312500  0.007136923
1417.474218750  0.007021220
1417.478125000  0.007045084
1417.482031250  0.007089879
1417.485937500  0.007267476
1417.489843750  0.007073643
1417.493750000  0.007034069
1417.497656250  0.007070538
1417.501562500  0.007028021
1417.505468750  0.007086106
1417.509375000  0.006988979
1417.513281250  0.007051051
1417.517187500  0.007017133
1417.521093750  0.007073574
1417.525000000  0.007199351
1417.528906250  0.007018949
1417.532812500  0.007221246
1417.536718750  0.007064736
1417.540625000  0.006999646
1417.544531250  0.007042128
1417.548437500  0.007006423
1417.552343750  0.007061780
1417.556250000  0.007059944
1417.560156250  0.007029067
1417.564062500  0.006967573
1417.567968750  0.007075274
1417.571875000  0.006935252
1417.575781250  0.007073276
1417.579687500  0.007292593
1417.583593750  0.007092526
1417.587500000  0.007057352
1417.591406250  0.006935184
1417.595312500  0.007046777
1417.599218750  0.007017159
1417.603125000  0.007026904
1417.607031250  0.007002843
1417.610937500  0.007010969
1417.614843750  0.006962185
1417.618750000  0.007013332
1417.622656250  0.007005215
1417.626562500  0.007100069
1417.630468750  0.007110029
1417.634375000  0.007202413
1417.638281250  0.007057863
1417.642187500  0.006918187
1417.646093750  0.007071046
1417.650000000  0.007041275
1417.653906250  0.006989643
1417.657812500  0.007003649
1417.661718750  0.006982329
1417.665625000  0.006994571
1417.669531250  0.006991065
1417.673437500  0.007006938
1417.677343750  0.007112311
1417.681250000  0.007072664
1417.685156250  0.006976887
1417.689062500  0.007102787
1417.692968750  0.006940007
1417.696875000  0.006969914
1417.700781250  0.006938364
1417.704687500  0.007011988
1417.708593750  0.006928590
1417.712500000  0.007057898
1417.716406250  0.006934137
1417.720312500  0.006972720
1417.724218750  0.007102721
1417.728125000  0.006951348
1417.732031250  0.006938814
1417.735937500  0.007004718
1417.739843750  0.007008308
1417.743750000  0.007026024
1417.747656250  0.006964409
1417.751562500  0.007027415
1417.755468750  0.006888378
1417.759375000  0.006943424
1417.763281250  0.006968691
1417.767187500  0.006887280
1417.771093750  0.007095559
1417.775000000  0.006957354
1417.778906250  0.006921918
1417.782812500  0.006992594
1417.786718750  0.006984460
1417.790625000  0.006905836
1417.794531250  0.006952585
1417.798437500  0.006991908
1417.802343750  0.006925371
1417.806250000  0.006859219
1417.810156250  0.006899058
1417.814062500  0.006901885
1417.817968750  0.007102369
1417.821875000  0.006921012
1417.825781250  0.006902581
1417.829687500  0.006916292
1417.833593750  0.006936177
1417.837500000  0.006852513
1417.841406250  0.006956999
1417.845312500  0.006921212
1417.849218750  0.006972037
1417.853125000  0.006984774
1417.857031250  0.006886908
1417.860937500  0.006866320
1417.864843750  0.007094130
1417.868750000  0.006930220
1417.872656250  0.006951086
1417.876562500  0.006889792
1417.880468750  0.006871088
1417.884375000  0.006955737
1417.888281250  0.006908302
1417.892187500  0.006835919
1417.896093750  0.006945542
1417.900000000  0.006855126
1417.903906250  0.006836913
1417.907812500  0.006985404
1417.911718750  0.006941065
1417.915625000  0.006998978
1417.919531250  0.006868937
1417.923437500  0.006806464
1417.927343750  0.006883761
1417.931250000  0.006930001
1417.935156250  0.006838293
1417.939062500  0.006841156
1417.942968750  0.006871306
1417.946875000  0.006849458
1417.950781250  0.006888816
1417.954687500  0.006927335
1417.958593750  0.006886439
1417.962500000  0.007018600
1417.966406250  0.006876509
1417.970312500  0.006882553
1417.974218750  0.006891676
1417.978125000  0.006858830
1417.982031250  0.006848249
1417.985937500  0.006840278
1417.989843750  0.006886479
1417.993750000  0.006916400
1417.997656250  0.006800934
1418.001562500  0.006875563
1418.005468750  0.006860251
1418.009375000  0.007060661
1418.013281250  0.006925345
1418.017187500  0.006956652
1418.021093750  0.006805907
1418.025000000  0.006801085
1418.028906250  0.006812442
1418.032812500  0.006880201
1418.036718750  0.006832363
1418.040625000  0.006852046
1418.044531250  0.006889948
1418.048437500  0.006808973
1418.052343750  0.006845598
1418.056250000  0.007021442
1418.060156250  0.006852933
1418.064062500  0.006788976
1418.067968750  0.006855846
1418.071875000  0.006841567
1418.075781250  0.006803889
1418.079687500  0.006837232
1418.083593750  0.006890462
1418.087500000  0.006832545
1418.091406250  0.006777240
1418.095312500  0.006834508
1418.099218750  0.006864187
1418.103125000  0.007011680
1418.107031250  0.006854727
1418.110937500  0.006790395
1418.114843750  0.006878228
1418.118750000  0.006823514
1418.122656250  0.006799400
1418.126562500  0.006972415
1418.130468750  0.006826586
1418.134375000  0.006812312
1418.138281250  0.006865948
1418.142187500  0.006789453
1418.146093750  0.006854940
1418.150000000  0.006892128
1418.153906250  0.006925849
1418.157812500  0.006803113
1418.161718750  0.006877407
1418.165625000  0.006760466
1418.169531250  0.006802123
1418.173437500  0.006840484
1418.177343750  0.006855043
1418.181250000  0.006830515
1418.185156250  0.006806903
1418.189062500  0.006830615
1418.192968750  0.006853236
1418.196875000  0.006854451
1418.200781250  0.006982057
1418.204687500  0.006811662
1418.208593750  0.006884893
1418.212500000  0.006852076
1418.216406250  0.006803497
1418.220312500  0.006814414
1418.224218750  0.006866592
1418.228125000  0.006785592
1418.232031250  0.006780648
1418.235937500  0.006873273
1418.239843750  0.006826532
1418.243750000  0.006739078
1418.247656250  0.007013583
1418.251562500  0.006804931
1418.255468750  0.006788818
1418.259375000  0.006857627
1418.263281250  0.006784361
1418.267187500  0.006831611
1418.271093750  0.006875443
1418.275000000  0.006865397
1418.278906250  0.006794440
1418.282812500  0.006836638
1418.286718750  0.006835280
1418.290625000  0.006883968
1418.294531250  0.006916176
1418.298437500  0.006821299
1418.302343750  0.006870017
1418.306250000  0.006847044
1418.310156250  0.006811052
1418.314062500  0.006834949
1418.317968750  0.006850130
1418.321875000  0.006803221
1418.325781250  0.006805756
1418.329687500  0.006813812
1418.333593750  0.006815547
1418.337500000  0.006792817
1418.341406250  0.006944131
1418.345312500  0.006913296
1418.349218750  0.006784461
1418.353125000  0.006807292
1418.357031250  0.006825099
1418.360937500  0.006810873
1418.364843750  0.006715448
1418.368750000  0.006830250
1418.372656250  0.006880265
1418.376562500  0.006821912
1418.380468750  0.006799999
1418.384375000  0.006856713
1418.388281250  0.006908223
1418.392187500  0.006866582
1418.396093750  0.006752633
1418.400000000  0.006924097
1418.403906250  0.006766041
1418.407812500  0.006828472
1418.411718750  0.006864615
1418.415625000  0.006881118
1418.419531250  0.006800431
1418.423437500  0.006817532
1418.427343750  0.006767376
1418.431250000  0.006822136
1418.435156250  0.006934393
1418.439062500  0.006930282
1418.442968750  0.006777965
1418.446875000  0.006798125
1418.450781250  0.006803568
1418.454687500  0.006854702
1418.458593750  0.006750041
1418.462500000  0.006806168
1418.466406250  0.006824935
1418.470312500  0.006783153
1418.474218750  0.006809823
1418.478125000  0.006828859
1418.482031250  0.006820283
1418.485937500  0.006985608
1418.489843750  0.006868550
1418.493750000  0.006747502
1418.497656250  0.006834701
1418.501562500  0.006762581
1418.505468750  0.006778203
1418.509375000  0.006886474
1418.513281250  0.006809012
1418.517187500  0.006778763
1418.521093750  0.006820582
1418.525000000  0.006833142
1418.528906250  0.006781166
1418.532812500  0.006979344
1418.536718750  0.006864711
1418.540625000  0.006820982
1418.544531250  0.006792851
1418.548437500  0.006803388
1418.552343750  0.006819665
1418.556250000  0.006869200
1418.560156250  0.006824071
1418.564062500  0.006859031
1418.567968750  0.006835510
1418.571875000  0.006769907
1418.575781250  0.006813749
1418.579687500  0.006958002
1418.583593750  0.006843014
1418.587500000  0.006804393
1418.591406250  0.006785571
1418.595312500  0.006762300
1418.599218750  0.006886812
1418.603125000  0.006835432
1418.607031250  0.006826208
1418.610937500  0.006814085
1418.614843750  0.006829652
1418.618750000  0.006878626
1418.622656250  0.006871882
1418.626562500  0.006905275
1418.630468750  0.006901033
1418.634375000  0.006810720
1418.638281250  0.006830092
1418.642187500  0.006817431
1418.646093750  0.006877210
1418.650000000  0.006840611
1418.653906250  0.006838138
1418.657812500  0.006853649
1418.661718750  0.006849869
1418.665625000  0.006836637
1418.669531250  0.006822611
1418.673437500  0.006874203
1418.677343750  0.006845273
1418.681250000  0.006878354
1418.685156250  0.006794477
1418.689062500  0.006810351
1418.692968750  0.006784799
1418.696875000  0.006838205
1418.700781250  0.006815716
1418.704687500  0.006799753
1418.708593750  0.006807706
1418.712500000  0.006787825
1418.716406250  0.006835328
1418.720312500  0.006822091
1418.724218750  0.006937024
1418.728125000  0.006917125
1418.732031250  0.006790938
1418.735937500  0.006772604
1418.739843750  0.006805096
1418.743750000  0.006828677
1418.747656250  0.006830809
1418.751562500  0.006855486
1418.755468750  0.006897025
1418.759375000  0.006805155
1418.763281250  0.006806438
1418.767187500  0.006830009
1418.771093750  0.006941308
1418.775000000  0.006840809
1418.778906250  0.006842607
1418.782812500  0.006908307
1418.786718750  0.006863348
1418.790625000  0.006804019
1418.794531250  0.006875880
1418.798437500  0.006730372
1418.802343750  0.006810550
1418.806250000  0.006758806
1418.810156250  0.006800214
1418.814062500  0.006835053
1418.817968750  0.006997865
1418.821875000  0.006823985
1418.825781250  0.006846175
1418.829687500  0.006855897
1418.833593750  0.006788509
1418.837500000  0.006856093
1418.841406250  0.006765607
1418.845312500  0.006954219
1418.849218750  0.006760999
1418.853125000  0.006819631
1418.857031250  0.006816971
1418.860937500  0.006844779
1418.864843750  0.006963920
1418.868750000  0.006859340
1418.872656250  0.006827033
1418.876562500  0.006836580
1418.880468750  0.006797104
1418.884375000  0.006801334
1418.888281250  0.006832960
1418.892187500  0.006888250
1418.896093750  0.006888168
1418.900000000  0.006779117
1418.903906250  0.006860257
1418.907812500  0.006859914
1418.911718750  0.006967920
1418.915625000  0.006915688
1418.919531250  0.006837453
1418.923437500  0.006881844
1418.927343750  0.006930250
1418.931250000  0.006859529
1418.935156250  0.006845301
1418.939062500  0.006869064
1418.942968750  0.006764349
1418.946875000  0.006930449
1418.950781250  0.006883302
1418.954687500  0.006856680
1418.958593750  0.006823292
1418.962500000  0.007017626
1418.966406250  0.006894350
1418.970312500  0.006884203
1418.974218750  0.006826314
1418.978125000  0.006834670
1418.982031250  0.006864763
1418.985937500  0.006775930
1418.989843750  0.006852557
1418.993750000  0.006820876
1418.997656250  0.006895432
1419.001562500  0.006855825
1419.005468750  0.006900160
1419.009375000  0.007060799
1419.013281250  0.006807919
1419.017187500  0.006851996
1419.021093750  0.006872009
1419.025000000  0.006900130
1419.028906250  0.006849321
1419.032812500  0.006854707
1419.036718750  0.006900116
1419.040625000  0.006858861
1419.044531250  0.006848765
1419.048437500  0.006893241
1419.052343750  0.006870047
1419.056250000  0.007067091
1419.060156250  0.006870091
1419.064062500  0.006849299
1419.067968750  0.006885101
1419.071875000  0.006868120
1419.075781250  0.006875009
1419.079687500  0.006869784
1419.083593750  0.006935542
1419.087500000  0.006845901
1419.091406250  0.006886565
1419.095312500  0.006826537
1419.099218750  0.006840309
1419.103125000  0.006993535
1419.107031250  0.006899082
1419.110937500  0.006904396
1419.114843750  0.006857077
1419.118750000  0.006841337
1419.122656250  0.006841137
1419.126562500  0.006808644
1419.130468750  0.006917107
1419.134375000  0.007519304
1419.138281250  0.006884937
1419.142187500  0.006858001
1419.146093750  0.006808259
1419.150000000  0.006935380
1419.153906250  0.006948636
1419.157812500  0.006939054
1419.161718750  0.006832262
1419.165625000  0.006828116
1419.169531250  0.006824682
1419.173437500  0.006845366
1419.177343750  0.006897500
1419.181250000  0.006895663
1419.185156250  0.006886265
1419.189062500  0.006842232
1419.192968750  0.006931647
1419.196875000  0.006870198
1419.200781250  0.007027788
1419.204687500  0.006865249
1419.208593750  0.006897828
1419.212500000  0.006880969
1419.216406250  0.006893205
1419.220312500  0.006848980
1419.224218750  0.006914260
1419.228125000  0.006914356
1419.232031250  0.006871112
1419.235937500  0.006881257
1419.239843750  0.006846469
1419.243750000  0.006901107
1419.247656250  0.007045407
1419.251562500  0.006912417
1419.255468750  0.006861985
1419.259375000  0.006832572
1419.263281250  0.006843594
1419.267187500  0.006874730
1419.271093750  0.006900541
1419.275000000  0.006869679
1419.278906250  0.006879239
1419.282812500  0.006842506
1419.286718750  0.006866164
1419.290625000  0.006860789
1419.294531250  0.007053054
1419.298437500  0.006828190
1419.302343750  0.006785085
1419.306250000  0.006916988
1419.310156250  0.006795754
1419.314062500  0.006866411
1419.317968750  0.006900511
1419.321875000  0.006865200
1419.325781250  0.006835443
1419.329687500  0.006898155
1419.333593750  0.006883874
1419.337500000  0.006820687
1419.341406250  0.006964374
1419.345312500  0.006879370
1419.349218750  0.006878915
1419.353125000  0.006933264
1419.357031250  0.006903316
1419.360937500  0.006842635
1419.364843750  0.006839342
1419.368750000  0.006834293
1419.372656250  0.006809623
1419.376562500  0.006904060
1419.380468750  0.006809328
1419.384375000  0.006854368
1419.388281250  0.006971960
1419.392187500  0.006951947
1419.396093750  0.006897821
1419.400000000  0.006887972
1419.403906250  0.006863509
1419.407812500  0.006818690
1419.411718750  0.006938675
1419.415625000  0.006896643
1419.419531250  0.006881757
1419.423437500  0.006870981
1419.427343750  0.006847071
1419.431250000  0.006884350
1419.435156250  0.006882527
1419.439062500  0.007006538
1419.442968750  0.006890100
1419.446875000  0.006830457
1419.450781250  0.006927103
1419.454687500  0.006899011
1419.458593750  0.006866036
1419.462500000  0.006858842
1419.466406250  0.006846681
1419.470312500  0.006883495
1419.474218750  0.006829366
1419.478125000  0.006812866
1419.482031250  0.006846859
1419.485937500  0.007023243
1419.489843750  0.006907936
1419.493750000  0.006837770
1419.497656250  0.006897970
1419.501562500  0.006827576
1419.505468750  0.006917592
1419.509375000  0.006890498
1419.513281250  0.006925933
1419.517187500  0.006846404
1419.521093750  0.006852071
1419.525000000  0.006876637
1419.528906250  0.006899182
1419.532812500  0.007015781
1419.536718750  0.006908980
1419.540625000  0.006839116
1419.544531250  0.006840117
1419.548437500  0.006909001
1419.552343750  0.006839668
1419.556250000  0.006870914
1419.560156250  0.006862808
1419.564062500  0.006915817
1419.567968750  0.006873990
1419.571875000  0.006878128
1419.575781250  0.006875019
1419.579687500  0.006972187
1419.583593750  0.006915211
1419.587500000  0.006923838
1419.591406250  0.006858009
1419.595312500  0.006810716
1419.599218750  0.006892925
1419.603125000  0.006918474
1419.607031250  0.006885418
1419.610937500  0.006847414
1419.614843750  0.006841664
1419.618750000  0.006827162
1419.622656250  0.006838811
1419.626562500  0.006949581
1419.630468750  0.006886638
1419.634375000  0.006922201
1419.638281250  0.006856223
1419.642187500  0.006809908
1419.646093750  0.006860013
1419.650000000  0.006891955
1419.653906250  0.006895091
1419.657812500  0.006916120
1419.661718750  0.006842233
1419.665625000  0.006869364
1419.669531250  0.006914643
1419.673437500  0.006992150
1419.677343750  0.007029545
1419.681250000  0.006929095
1419.685156250  0.006934652
1419.689062500  0.006895741
1419.692968750  0.006823810
1419.696875000  0.006904681
1419.700781250  0.006901499
1419.704687500  0.006896032
1419.708593750  0.006961524
1419.712500000  0.006958278
1419.716406250  0.006950366
1419.720312500  0.006922380
1419.724218750  0.007022509
1419.728125000  0.006937323
1419.732031250  0.006884727
1419.735937500  0.006945956
1419.739843750  0.006868479
1419.743750000  0.006869486
1419.747656250  0.006935462
1419.751562500  0.006910999
1419.755468750  0.006873824
1419.759375000  0.006914748
1419.763281250  0.006931171
1419.767187500  0.006917481
1419.771093750  0.007057692
1419.775000000  0.006971520
1419.778906250  0.006881653
1419.782812500  0.006986546
1419.786718750  0.006847104
1419.790625000  0.006879089
1419.794531250  0.006924147
1419.798437500  0.006878667
1419.802343750  0.006939781
1419.806250000  0.006878411
1419.810156250  0.006941759
1419.814062500  0.006917802
1419.817968750  0.007004427
1419.821875000  0.006919816
1419.825781250  0.006964107
1419.829687500  0.006873350
1419.833593750  0.006935943
1419.837500000  0.006851316
1419.841406250  0.006886843
1419.845312500  0.006906908
1419.849218750  0.006959790
1419.853125000  0.006870193
1419.857031250  0.006851386
1419.860937500  0.006877477
1419.864843750  0.006971609
1419.868750000  0.006954790
1419.872656250  0.006876600
1419.876562500  0.006894881
1419.880468750  0.006901583
1419.884375000  0.006873228
1419.888281250  0.006935421
1419.892187500  0.006841493
1419.896093750  0.006915566
1419.900000000  0.006820834
1419.903906250  0.006897009
1419.907812500  0.006850897
1419.911718750  0.006954369
1419.915625000  0.006987019
1419.919531250  0.006925592
1419.923437500  0.006877546
1419.927343750  0.006881492
1419.931250000  0.006977065
1419.935156250  0.006984258
1419.939062500  0.006952548
1419.942968750  0.006905157
1419.946875000  0.006934984
1419.950781250  0.006926031
1419.954687500  0.006928523
1419.958593750  0.006961342
1419.962500000  0.007039320
1419.966406250  0.006942228
1419.970312500  0.006941189
1419.974218750  0.006955960
1419.978125000  0.006962908
1419.982031250  0.006921931
1419.985937500  0.007589296
1419.989843750  0.007401993
1419.993750000  0.007099210
1419.997656250  0.007720659
1420.001562500  0.008473350
1420.005468750  0.007033338
1420.009375000  0.007080882
1420.013281250  0.006969560
1420.017187500  0.006963760
1420.021093750  0.006898443
1420.025000000  0.006946782
1420.028906250  0.006936719
1420.032812500  0.006911660
1420.036718750  0.006886521
1420.040625000  0.006988023
1420.044531250  0.006917172
1420.048437500  0.006933725
1420.052343750  0.006872216
1420.056250000  0.007096245
1420.060156250  0.006953603
1420.064062500  0.006953732
1420.067968750  0.006929681
1420.071875000  0.006913486
1420.075781250  0.006893060
1420.079687500  0.006925287
1420.083593750  0.006974288
1420.087500000  0.006886570
1420.091406250  0.006924854
1420.095312500  0.006974470
1420.099218750  0.006958547
1420.103125000  0.007043004
1420.107031250  0.006944794
1420.110937500  0.006907915
1420.114843750  0.006948128
1420.118750000  0.006926971
1420.122656250  0.006911893
1420.126562500  0.006926578
1420.130468750  0.006994197
1420.134375000  0.006950015
1420.138281250  0.006939449
1420.142187500  0.006915150
1420.146093750  0.006905614
1420.150000000  0.006951350
1420.153906250  0.007048839
1420.157812500  0.006914642
1420.161718750  0.006979758
1420.165625000  0.006901401
1420.169531250  0.006978448
1420.173437500  0.006916324
1420.177343750  0.006881193
1420.181250000  0.006946816
1420.185156250  0.006959887
1420.189062500  0.006896197
1420.192968750  0.006977234
1420.196875000  0.006938940
1420.200781250  0.007090826
1420.204687500  0.006914746
1420.208593750  0.007028513
1420.212500000  0.006977243
1420.216406250  0.006899143
1420.220312500  0.006993862
1420.224218750  0.006971409
1420.228125000  0.006908598
1420.232031250  0.007030177
1420.235937500  0.006997627
1420.239843750  0.006953426
1420.243750000  0.006952292
1420.247656250  0.007084356
1420.251562500  0.007023726
1420.255468750  0.006958060
1420.259375000  0.006934886
1420.263281250  0.007002085
1420.267187500  0.006955245
1420.271093750  0.006906971
1420.275000000  0.006957442
1420.278906250  0.006892520
1420.282812500  0.006952132
1420.286718750  0.007007412
1420.290625000  0.006951954
1420.294531250  0.007095531
1420.298437500  0.006941435
1420.302343750  0.007009496
1420.306250000  0.006976371
1420.310156250  0.006916755
1420.314062500  0.007011519
1420.317968750  0.006993857
1420.321875000  0.006934839
1420.325781250  0.006973390
1420.329687500  0.006970473
1420.333593750  0.007007217
1420.337500000  0.007037046
1420.341406250  0.007111736
1420.345312500  0.007052776
1420.349218750  0.007034962
1420.353125000  0.006996242
1420.357031250  0.007002347
1420.360937500  0.006992676
1420.364843750  0.007064112
1420.368750000  0.007023154
1420.372656250  0.007089078
1420.376562500  0.007097736
1420.380468750  0.007041252
1420.384375000  0.007134907
1420.388281250  0.007153604
1420.392187500  0.007148953
1420.396093750  0.007137362
1420.400000000  0.007751861
1420.403906250  0.007122079
1420.407812500  0.007182138
1420.411718750  0.007126795
1420.415625000  0.007094902
1420.419531250  0.007068067
1420.423437500  0.007128047
1420.427343750  0.007176288
1420.431250000  0.007126149
1420.435156250  0.007109481
1420.439062500  0.007179742
1420.442968750  0.007101590
1420.446875000  0.007039957
1420.450781250  0.007107171
1420.454687500  0.007090571
1420.458593750  0.007043752
1420.462500000  0.007076534
1420.466406250  0.007028534
1420.470312500  0.007064656
1420.474218750  0.007132237
1420.478125000  0.007015326
1420.482031250  0.007077007
1420.485937500  0.007098497
1420.489843750  0.007066262
1420.493750000  0.007031585
1420.497656250  0.007017613
1420.501562500  0.007003832
1420.505468750  0.007019316
1420.509375000  0.007089602
1420.513281250  0.006984752
1420.517187500  0.007010759
1420.521093750  0.007000443
1420.525000000  0.006999678
1420.528906250  0.006960945
1420.532812500  0.007068603
1420.536718750  0.007005051
1420.540625000  0.006997410
1420.544531250  0.006978074
1420.548437500  0.006923772
1420.552343750  0.006955393
1420.556250000  0.006980889
1420.560156250  0.006994792
1420.564062500  0.006948435
1420.567968750  0.006992179
1420.571875000  0.006928040
1420.575781250  0.006986353
1420.579687500  0.007052763
1420.583593750  0.006952200
1420.587500000  0.006923210
1420.591406250  0.006958820
1420.595312500  0.006935678
1420.599218750  0.006998858
1420.603125000  0.006936110
1420.607031250  0.006972115
1420.610937500  0.006982129
1420.614843750  0.006993275
1420.618750000  0.006976028
1420.622656250  0.006932328
1420.626562500  0.007039294
1420.630468750  0.007018184
1420.634375000  0.006932769
1420.638281250  0.006942711
1420.642187500  0.007077978
1420.646093750  0.006964256
1420.650000000  0.006943700
1420.653906250  0.006976103
1420.657812500  0.006942680
1420.661718750  0.006933548
1420.665625000  0.006966660
1420.669531250  0.007041506
1420.673437500  0.006999342
1420.677343750  0.007011659
1420.681250000  0.006944723
1420.685156250  0.007004060
1420.689062500  0.007001511
1420.692968750  0.006924071
1420.696875000  0.006909483
1420.700781250  0.007017403
1420.704687500  0.007020348
1420.708593750  0.006957375
1420.712500000  0.006952503
1420.716406250  0.006982990
1420.720312500  0.006948459
1420.724218750  0.007017084
1420.728125000  0.006940021
1420.732031250  0.006981109
1420.735937500  0.007018549
1420.739843750  0.006976820
1420.743750000  0.006911909
1420.747656250  0.006986878
1420.751562500  0.006937490
1420.755468750  0.006973767
1420.759375000  0.006919492
1420.763281250  0.006929620
1420.767187500  0.007005010
1420.771093750  0.007014821
1420.775000000  0.006910886
1420.778906250  0.006962353
1420.782812500  0.006934610
1420.786718750  0.007038544
1420.790625000  0.006985455
1420.794531250  0.006987143
1420.798437500  0.006951090
1420.802343750  0.006999299
1420.806250000  0.006922535
1420.810156250  0.007043468
1420.814062500  0.006929735
1420.817968750  0.007060142
1420.821875000  0.006908090
1420.825781250  0.006982610
1420.829687500  0.006977653
1420.833593750  0.006928922
1420.837500000  0.006971570
1420.841406250  0.006959565
1420.845312500  0.006967962
1420.849218750  0.006934604
1420.853125000  0.006973174
1420.857031250  0.006993818
1420.860937500  0.006934202
1420.864843750  0.007044007
1420.868750000  0.006930888
1420.872656250  0.006999549
1420.876562500  0.006923063
1420.880468750  0.007057684
1420.884375000  0.006935830
1420.888281250  0.007018563
1420.892187500  0.006988273
1420.896093750  0.006984007
1420.900000000  0.006962140
1420.903906250  0.006995414
1420.907812500  0.006947304
1420.911718750  0.007018190
1420.915625000  0.007031135
1420.919531250  0.006976800
1420.923437500  0.006992913
1420.927343750  0.007016521
1420.931250000  0.006918101
1420.935156250  0.006987278
1420.939062500  0.006958646
1420.942968750  0.006952208
1420.946875000  0.006996305
1420.950781250  0.006914538
1420.954687500  0.006945226
1420.958593750  0.007033826
1420.962500000  0.007008342
1420.966406250  0.007025528
1420.970312500  0.007049186
1420.974218750  0.006985149
1420.978125000  0.006948575
1420.982031250  0.006928139
1420.985937500  0.006962530
1420.989843750  0.007043782
1420.993750000  0.006983527
1420.997656250  0.006992752
1421.001562500  0.007015818
1421.005468750  0.007001824
1421.009375000  0.007119648
1421.013281250  0.007015569
1421.017187500  0.006953793
1421.021093750  0.007002810
1421.025000000  0.006962278
1421.028906250  0.006999985
1421.032812500  0.006988883
1421.036718750  0.006959467
1421.040625000  0.006957705
1421.044531250  0.007005577
1421.048437500  0.007024440
1421.052343750  0.007018112
1421.056250000  0.007067511
1421.060156250  0.007022277
1421.064062500  0.006898020
1421.067968750  0.006977445
1421.071875000  0.006986994
1421.075781250  0.007032290
1421.079687500  0.007005914
1421.083593750  0.007057985
1421.087500000  0.006931658
1421.091406250  0.006990108
1421.095312500  0.006971587
1421.099218750  0.007003389
1421.103125000  0.007109203
1421.107031250  0.006986249
1421.110937500  0.007014173
1421.114843750  0.006998850
1421.118750000  0.006972466
1421.122656250  0.006946176
1421.126562500  0.006964973
1421.130468750  0.007043016
1421.134375000  0.007035098
1421.138281250  0.007054222
1421.142187500  0.007056839
1421.146093750  0.007008700
1421.150000000  0.007053906
1421.153906250  0.006946340
1421.157812500  0.007021530
1421.161718750  0.006975756
1421.165625000  0.006993221
1421.169531250  0.006953467
1421.173437500  0.006963359
1421.177343750  0.007038251
1421.181250000  0.006994861
1421.185156250  0.007022613
1421.189062500  0.007022673
1421.192968750  0.007093604
1421.196875000  0.007025303
1421.200781250  0.007117356
1421.204687500  0.007020056
1421.208593750  0.006996723
1421.212500000  0.006936466
1421.216406250  0.007023527
1421.220312500  0.006993506
1421.224218750  0.007013054
1421.228125000  0.007030929
1421.232031250  0.006995394
1421.235937500  0.006995211
1421.239843750  0.007019266
1421.243750000  0.007001897
1421.247656250  0.007082595
1421.251562500  0.007011929
1421.255468750  0.007078599
1421.259375000  0.007074017
1421.263281250  0.007042444
1421.267187500  0.007004647
1421.271093750  0.006989867
1421.275000000  0.007019729
1421.278906250  0.007006028
1421.282812500  0.007004694
1421.286718750  0.007025829
1421.290625000  0.007036923
1421.294531250  0.007044856
1421.298437500  0.007057422
1421.302343750  0.007031700
1421.306250000  0.007018611
1421.310156250  0.006981052
1421.314062500  0.007026251
1421.317968750  0.006977392
1421.321875000  0.007040553
1421.325781250  0.006996490
1421.329687500  0.007154508
1421.333593750  0.007043535
1421.337500000  0.007104485
1421.341406250  0.007143768
1421.345312500  0.007054247
1421.349218750  0.007069463
1421.353125000  0.007078689
1421.357031250  0.007111317
1421.360937500  0.007068604
1421.364843750  0.007021093
1421.368750000  0.007052096
1421.372656250  0.007043888
1421.376562500  0.007015448
1421.380468750  0.007008944
1421.384375000  0.007046671
1421.388281250  0.007044662
1421.392187500  0.007122043
1421.396093750  0.007047789
1421.400000000  0.007043021
1421.403906250  0.007215807
1421.407812500  0.007089805
1421.411718750  0.007080736
1421.415625000  0.007102549
1421.419531250  0.007066630
1421.423437500  0.007081841
1421.427343750  0.007076833
1421.431250000  0.007110897
1421.435156250  0.007098050
1421.439062500  0.007051470
1421.442968750  0.007044417
1421.446875000  0.007071630
1421.450781250  0.007089655
1421.454687500  0.007086295
1421.458593750  0.007060252
1421.462500000  0.007032069
1421.466406250  0.007082225
1421.470312500  0.007080311
1421.474218750  0.007082662
1421.478125000  0.007078699
1421.482031250  0.007039722
1421.485937500  0.007162149
1421.489843750  0.007118790
1421.493750000  0.007057759
1421.497656250  0.007083661
1421.501562500  0.007042922
1421.505468750  0.007059129
1421.509375000  0.007089574
1421.513281250  0.007078531
1421.517187500  0.007060576
1421.521093750  0.007117761
1421.525000000  0.007144854
1421.528906250  0.007086381
1421.532812500  0.007133701
1421.536718750  0.006994692
1421.540625000  0.007066501
1421.544531250  0.007087800
1421.548437500  0.007056178
1421.552343750  0.007094711
1421.556250000  0.007110264
1421.560156250  0.007092150
1421.564062500  0.007068093
1421.567968750  0.007067701
1421.571875000  0.007145842
1421.575781250  0.007086180
1421.579687500  0.007129320
1421.583593750  0.007058954
1421.587500000  0.007089380
1421.591406250  0.007058310
1421.595312500  0.007112961
1421.599218750  0.007084605
1421.603125000  0.007025266
1421.607031250  0.007102936
1421.610937500  0.007068596
1421.614843750  0.007056899
1421.618750000  0.007089600
1421.622656250  0.007122834
1421.626562500  0.007137994
1421.630468750  0.007053558
1421.634375000  0.007071676
1421.638281250  0.007060396
1421.642187500  0.007070844
1421.646093750  0.007031511
1421.650000000  0.007085551
1421.653906250  0.007050862
1421.657812500  0.007078682
1421.661718750  0.007111967
1421.665625000  0.007082388
1421.669531250  0.007054999
1421.673437500  0.007085064
1421.677343750  0.007066040
1421.681250000  0.007068953
1421.685156250  0.007073353
1421.689062500  0.007103747
1421.692968750  0.007035299
1421.696875000  0.007020676
1421.700781250  0.007087558
1421.704687500  0.007039262
1421.708593750  0.007115118
1421.712500000  0.007047682
1421.716406250  0.007059422
1421.720312500  0.007106208
1421.724218750  0.007110338
1421.728125000  0.007023582
1421.732031250  0.007096981
1421.735937500  0.007018858
1421.739843750  0.007023020
1421.743750000  0.007025019
1421.747656250  0.007165606
1421.751562500  0.007069056
1421.755468750  0.007097114
1421.759375000  0.007052185
1421.763281250  0.007002774
1421.767187500  0.007109066
1421.771093750  0.007132175
1421.775000000  0.007009806
1421.778906250  0.007063207
1421.782812500  0.007058848
1421.786718750  0.006986584
1421.790625000  0.007042516
1421.794531250  0.007065396
1421.798437500  0.006967611
1421.802343750  0.007062649
1421.806250000  0.007065059
1421.810156250  0.007057450
1421.814062500  0.007047028
1421.817968750  0.007124147
1421.821875000  0.007052798
1421.825781250  0.007107575
1421.829687500  0.007065013
1421.833593750  0.007006549
1421.837500000  0.007038380
1421.841406250  0.007066507
1421.845312500  0.007073175
1421.849218750  0.007000688
1421.853125000  0.007033254
1421.857031250  0.007045369
1421.860937500  0.007128558
1421.864843750  0.007131496
1421.868750000  0.007095140
1421.872656250  0.007060759
1421.876562500  0.007061543
1421.880468750  0.007033843
1421.884375000  0.007024913
1421.888281250  0.007102145
1421.892187500  0.007115561
1421.896093750  0.007068940
1421.900000000  0.007098987
1421.903906250  0.007023859
1421.907812500  0.007040438
1421.911718750  0.007122227
1421.915625000  0.007108281
1421.919531250  0.007104486
1421.923437500  0.007061738
1421.927343750  0.007023391
1421.931250000  0.007065597
1421.935156250  0.007062593
1421.939062500  0.007142387
1421.942968750  0.007061755
1421.946875000  0.007076948
1421.950781250  0.007061418
1421.954687500  0.007075010
1421.958593750  0.007077019
1421.962500000  0.007141072
1421.966406250  0.007083783
1421.970312500  0.007042819
1421.974218750  0.007056326
1421.978125000  0.006994520
1421.982031250  0.007056981
1421.985937500  0.007104658
1421.989843750  0.007094825
1421.993750000  0.007055755
1421.997656250  0.007056924
1422.001562500  0.007037831
1422.005468750  0.007069288
1422.009375000  0.007137815
1422.013281250  0.007078081
1422.017187500  0.007145474
1422.021093750  0.007000002
1422.025000000  0.007069581
1422.028906250  0.007033035
1422.032812500  0.007083590
1422.036718750  0.006980115
1422.040625000  0.006992195
1422.044531250  0.007062626
1422.048437500  0.007084886
1422.052343750  0.007083934
1422.056250000  0.007214243
1422.060156250  0.006998247
1422.064062500  0.007072065
1422.067968750  0.007013522
1422.071875000  0.007060748
1422.075781250  0.007047770
1422.079687500  0.007059560
1422.083593750  0.007064715
1422.087500000  0.007017165
1422.091406250  0.007038565
1422.095312500  0.007018875
1422.099218750  0.007000258
1422.103125000  0.007018847
1422.107031250  0.007034751
1422.110937500  0.007044435
1422.114843750  0.007006595
1422.118750000  0.007072324
1422.122656250  0.007040942
1422.126562500  0.006999808
1422.130468750  0.007067169
1422.134375000  0.007057162
1422.138281250  0.007092769
1422.142187500  0.007034363
1422.146093750  0.007019871
1422.150000000  0.007042810
1422.153906250  0.007219274
1422.157812500  0.006981574
1422.161718750  0.007085259
1422.165625000  0.007025532
1422.169531250  0.007082391
1422.173437500  0.007068687
1422.177343750  0.007040455
1422.181250000  0.006981934
1422.185156250  0.007070495
1422.189062500  0.007078616
1422.192968750  0.007035827
1422.196875000  0.007083242
1422.200781250  0.007186625
1422.204687500  0.007043441
1422.208593750  0.007000392
1422.212500000  0.007003833
1422.216406250  0.006973393
1422.220312500  0.007020145
1422.224218750  0.007004704
1422.228125000  0.007054209
1422.232031250  0.007040952
1422.235937500  0.007022126
1422.239843750  0.006960797
1422.243750000  0.007030804
1422.247656250  0.007077317
1422.251562500  0.007021697
1422.255468750  0.007039635
1422.259375000  0.007028482
1422.263281250  0.007036523
1422.267187500  0.006985072
1422.271093750  0.006969933
1422.275000000  0.007010964
1422.278906250  0.007018885
1422.282812500  0.006970702
1422.286718750  0.007025282
1422.290625000  0.006985103
1422.294531250  0.007041329
1422.298437500  0.007076496
1422.302343750  0.006980169
1422.306250000  0.007011364
1422.310156250  0.006993221
1422.314062500  0.006974093
1422.317968750  0.006988128
1422.321875000  0.007012301
1422.325781250  0.006988009
1422.329687500  0.006976813
1422.333593750  0.007010351
1422.337500000  0.007007690
1422.341406250  0.007107228
1422.345312500  0.007275025
1422.349218750  0.007026838
1422.353125000  0.007021273
1422.357031250  0.007023142
1422.360937500  0.007001092
1422.364843750  0.007067480
1422.368750000  0.007071992
1422.372656250  0.006974608
1422.376562500  0.007010969
1422.380468750  0.007044638
1422.384375000  0.006985130
1422.388281250  0.007043102
1422.392187500  0.007228013
1422.396093750  0.007041797
1422.400000000  0.007070719
1422.403906250  0.007050580
1422.407812500  0.007094697
1422.411718750  0.007090504
1422.415625000  0.007011828
1422.419531250  0.006980718
1422.423437500  0.007046388
1422.427343750  0.007044056
1422.431250000  0.006985000
1422.435156250  0.006974812
1422.439062500  0.007033134
1422.442968750  0.007160843
1422.446875000  0.007004892
1422.450781250  0.007100041
1422.454687500  0.006969637
1422.458593750  0.007035045
1422.462500000  0.007033102
1422.466406250  0.007023647
1422.470312500  0.007027374
1422.474218750  0.007006173
1422.478125000  0.007009815
1422.482031250  0.006935654
1422.485937500  0.007022118
1422.489843750  0.007128511
1422.493750000  0.006994561
1422.497656250  0.006971632
1422.501562500  0.007023328
1422.505468750  0.007028376
1422.509375000  0.007046258
1422.513281250  0.006996724
1422.517187500  0.006998744
1422.521093750  0.007028435
1422.525000000  0.006963708
1422.528906250  0.007094500
1422.532812500  0.007063466
1422.536718750  0.007114697
1422.540625000  0.007080741
1422.544531250  0.007084159
1422.548437500  0.007025516
1422.552343750  0.007109029
1422.556250000  0.007041526
1422.560156250  0.007205423
1422.564062500  0.007171497
1422.567968750  0.007099637
1422.571875000  0.007072812
1422.575781250  0.007121781
1422.579687500  0.007136339
1422.583593750  0.007171119
1422.587500000  0.007105873
1422.591406250  0.007114242
1422.595312500  0.007100822
1422.599218750  0.007110519
1422.603125000  0.007114278
1422.607031250  0.007114419
1422.610937500  0.007054246
1422.614843750  0.007110641
1422.618750000  0.007141820
1422.622656250  0.007029891
1422.626562500  0.007191772
1422.630468750  0.007135478
1422.634375000  0.007188839
1422.638281250  0.007142110
1422.642187500  0.007086541
1422.646093750  0.007107703
1422.650000000  0.007131076
1422.653906250  0.007103325
1422.657812500  0.007152586
1422.661718750  0.007036701
1422.665625000  0.007114214
1422.669531250  0.007069770
1422.673437500  0.007114922
1422.677343750  0.007172000
1422.681250000  0.007140976
1422.685156250  0.007113638
1422.689062500  0.007146793
1422.692968750  0.007064232
1422.696875000  0.007113128
1422.700781250  0.007096322
1422.704687500  0.007039920
1422.708593750  0.007077019
1422.712500000  0.007086914
1422.716406250  0.006963675
1422.720312500  0.006968245
1422.724218750  0.007085964
1422.728125000  0.007062438
1422.732031250  0.006999273
1422.735937500  0.007042095
1422.739843750  0.007098605
1422.743750000  0.006989340
1422.747656250  0.007083803
1422.751562500  0.007024272
1422.755468750  0.006978318
1422.759375000  0.007067643
1422.763281250  0.007074498
1422.767187500  0.007014072
1422.771093750  0.007056740
1422.775000000  0.007032888
1422.778906250  0.006994236
1422.782812500  0.006942819
1422.786718750  0.006998884
1422.790625000  0.007022589
1422.794531250  0.006943200
1422.798437500  0.007028997
1422.802343750  0.006995894
1422.806250000  0.006961444
1422.810156250  0.006984162
1422.814062500  0.006980731
1422.817968750  0.007003641
1422.821875000  0.007050802
1422.825781250  0.007005940
1422.829687500  0.007031309
1422.833593750  0.007016093
1422.837500000  0.007047311
1422.841406250  0.007001104
1422.845312500  0.007039909
1422.849218750  0.007007665
1422.853125000  0.006995657
1422.857031250  0.007076298
1422.860937500  0.007028579
1422.864843750  0.007084129
1422.868750000  0.007102054
1422.872656250  0.007017106
1422.876562500  0.007028973
1422.880468750  0.007026915
1422.884375000  0.006982022
1422.888281250  0.007045058
1422.892187500  0.007036433
1422.896093750  0.007057664
1422.900000000  0.006996767
1422.903906250  0.006995781
1422.907812500  0.006993711
1422.911718750  0.007013037
1422.915625000  0.007054011
1422.919531250  0.007028431
1422.923437500  0.007058302
1422.927343750  0.006999865
1422.931250000  0.007031215
1422.935156250  0.007019050
1422.939062500  0.007019602
1422.942968750  0.007018546
1422.946875000  0.007044833
1422.950781250  0.007116737
1422.954687500  0.006986824
1422.958593750  0.007021059
1422.962500000  0.007055620
1422.966406250  0.007070508
1422.970312500  0.007022663
1422.974218750  0.007083101
1422.978125000  0.007077012
1422.982031250  0.007080746
1422.985937500  0.007159067
1422.989843750  0.007107472
1422.993750000  0.007092462
1422.997656250  0.007020711
1423.001562500  0.007030126
1423.005468750  0.007112309
1423.009375000  0.007078164
1423.013281250  0.006937498
1423.017187500  0.006987663
1423.021093750  0.006979921
1423.025000000  0.007106379
1423.028906250  0.007027258
1423.032812500  0.007062529
1423.036718750  0.007052044
1423.040625000  0.007023713
1423.044531250  0.006994606
1423.048437500  0.007069986
1423.052343750  0.007034963
1423.056250000  0.007130191
1423.060156250  0.007085882
1423.064062500  0.007023850
1423.067968750  0.006983861
1423.071875000  0.007097949
1423.075781250  0.007096153
1423.079687500  0.007018857
1423.083593750  0.007069280
1423.087500000  0.007065355
1423.091406250  0.007047212
1423.095312500  0.007021656
1423.099218750  0.007082873
1423.103125000  0.007150467
1423.107031250  0.007117360
1423.110937500  0.007065619
1423.114843750  0.007070331
1423.118750000  0.007043213
1423.122656250  0.007099512
1423.126562500  0.007028955
1423.130468750  0.007039131
1423.134375000  0.007029159
1423.138281250  0.007051145
1423.142187500  0.007051518
1423.146093750  0.007104541
1423.150000000  0.007032681
1423.153906250  0.007107415
1423.157812500  0.007065435
1423.161718750  0.007132168
1423.165625000  0.007047590
1423.169531250  0.007103761
1423.173437500  0.007044120
1423.177343750  0.007133154
1423.181250000  0.007148226
1423.185156250  0.007083871
1423.189062500  0.006994400
1423.192968750  0.007048295
1423.196875000  0.007044219
1423.200781250  0.007123312
1423.204687500  0.007093979
1423.208593750  0.007080475
1423.212500000  0.007093529
1423.216406250  0.007114828
1423.220312500  0.007075404
1423.224218750  0.007140224
1423.228125000  0.007149791
1423.232031250  0.007045295
1423.235937500  0.007145157
1423.239843750  0.007139217
1423.243750000  0.007088402
1423.247656250  0.007143295
1423.251562500  0.007135683
1423.255468750  0.007094994
1423.259375000  0.007090026
1423.263281250  0.007102714
1423.267187500  0.007105872
1423.271093750  0.007112636
1423.275000000  0.007019916
1423.278906250  0.007104786
1423.282812500  0.007113186
1423.286718750  0.007121386
1423.290625000  0.007144960
1423.294531250  0.007192494
1423.298437500  0.007102161
1423.302343750  0.007136893
1423.306250000  0.007153145
1423.310156250  0.007116606
1423.314062500  0.007141967
1423.317968750  0.007176561
1423.321875000  0.007160715
1423.325781250  0.007121448
1423.329687500  0.007178435
1423.333593750  0.007133442
1423.337500000  0.007121018
1423.341406250  0.007221237
1423.345312500  0.007162561
1423.349218750  0.007255351
1423.353125000  0.007149113
1423.357031250  0.007093884
1423.360937500  0.007168744
1423.364843750  0.007156697
1423.368750000  0.007159884
1423.372656250  0.007126472
1423.376562500  0.007187721
1423.380468750  0.007160767
1423.384375000  0.007196884
1423.388281250  0.007212106
1423.392187500  0.007237654
1423.396093750  0.007209658
1423.400000000  0.007173915
1423.403906250  0.007149876
1423.407812500  0.007110084
1423.411718750  0.007190099
1423.415625000  0.007211575
1423.419531250  0.007156344
1423.423437500  0.007137794
1423.427343750  0.007181385
1423.431250000  0.007166763
1423.435156250  0.007133335
1423.439062500  0.007301566
1423.442968750  0.007214329
1423.446875000  0.007204274
1423.450781250  0.007238352
1423.454687500  0.007200616
1423.458593750  0.007226847
1423.462500000  0.007241989
1423.466406250  0.007236971
1423.470312500  0.007196429
1423.474218750  0.007201553
1423.478125000  0.007193740
1423.482031250  0.007176429
1423.485937500  0.007306925
1423.489843750  0.007219487
1423.493750000  0.007144916
1423.497656250  0.007200557
1423.501562500  0.007228413
1423.505468750  0.007287457
1423.509375000  0.007233223
1423.513281250  0.007271789
1423.517187500  0.007214817
1423.521093750  0.007232767
1423.525000000  0.007138484
1423.528906250  0.007304255
1423.532812500  0.007371709
1423.536718750  0.007309512
1423.540625000  0.007270808
1423.544531250  0.007281176
1423.548437500  0.007251478
1423.552343750  0.007272048
1423.556250000  0.007313667
1423.560156250  0.007257170
1423.564062500  0.007287578
1423.567968750  0.007272340
1423.571875000  0.007274309
1423.575781250  0.007258703
1423.579687500  0.007317019
1423.583593750  0.007335201
1423.587500000  0.007246577
1423.591406250  0.007286589
1423.595312500  0.007267528
1423.599218750  0.007326767
1423.603125000  0.007345605
1423.607031250  0.007300524
1423.610937500  0.007303945
1423.614843750  0.007293367
1423.618750000  0.007267338
1423.622656250  0.007335715
1423.626562500  0.007433386
1423.630468750  0.007360775
1423.634375000  0.007329128
1423.638281250  0.007246783
1423.642187500  0.007328542
1423.646093750  0.007332279
1423.650000000  0.007297466
1423.653906250  0.007458134
1423.657812500  0.007370358
1423.661718750  0.007334225
1423.665625000  0.007337812
1423.669531250  0.007431775
1423.673437500  0.007424147
1423.677343750  0.007478237
1423.681250000  0.007356792
1423.685156250  0.007312880
1423.689062500  0.007365336
1423.692968750  0.007386480
1423.696875000  0.007397520
1423.700781250  0.007354348
1423.704687500  0.007376075
1423.708593750  0.007400157
1423.712500000  0.007368049
1423.716406250  0.007467584
1423.720312500  0.007436358
1423.724218750  0.007544738
1423.728125000  0.007393731
1423.732031250  0.007356364
1423.735937500  0.007454102
1423.739843750  0.007458391
1423.743750000  0.007392992
1423.747656250  0.007399832
1423.751562500  0.007467364
1423.755468750  0.007423373
1423.759375000  0.007414764
1423.763281250  0.007450206
1423.767187500  0.007473590
1423.771093750  0.007652025
1423.775000000  0.007486871
1423.778906250  0.007500657
1423.782812500  0.007462260
1423.786718750  0.007452289
1423.790625000  0.007463250
1423.794531250  0.007484312
1423.798437500  0.007476475
1423.802343750  0.007459269
1423.806250000  0.007427611
1423.810156250  0.007490740
1423.814062500  0.007528421
1423.817968750  0.007595202
1423.821875000  0.007437126
1423.825781250  0.007547894
1423.829687500  0.007564369
1423.833593750  0.007577078
1423.837500000  0.007426884
1423.841406250  0.007500770
1423.845312500  0.007466558
1423.849218750  0.007572862
1423.853125000  0.007553299
1423.857031250  0.007517733
1423.860937500  0.007518676
1423.864843750  0.007630954
1423.868750000  0.007617567
1423.872656250  0.007558914
1423.876562500  0.007577778
1423.880468750  0.007621034
1423.884375000  0.007577183
1423.888281250  0.007587304
1423.892187500  0.007616384
1423.896093750  0.007527240
1423.900000000  0.007655416
1423.903906250  0.007616598
1423.907812500  0.007584669
1423.911718750  0.007707219
1423.915625000  0.007701198
1423.919531250  0.007546690
1423.923437500  0.007544299
1423.927343750  0.007552538
1423.931250000  0.007629870
1423.935156250  0.007658268
1423.939062500  0.007656728
1423.942968750  0.007663449
1423.946875000  0.007616958
1423.950781250  0.007519321
1423.954687500  0.007571481
1423.958593750  0.007643003
1423.962500000  0.007765873
1423.966406250  0.007671165
1423.970312500  0.007598376
1423.974218750  0.007680784
1423.978125000  0.007677918
1423.982031250  0.007856071
1423.985937500  0.009543755
1423.989843750  0.009197745
1423.993750000  0.007914901
1423.997656250  0.008407573
1424.001562500  0.009153608
1424.005468750  0.007827504
1424.009375000  0.007950272
1424.013281250  0.007699595
1424.017187500  0.007671571
1424.021093750  0.007642706
1424.025000000  0.007687976
1424.028906250  0.007724445
1424.032812500  0.007751191
1424.036718750  0.007673602
1424.040625000  0.007666911
1424.044531250  0.007777254
1424.048437500  0.007740684
1424.052343750  0.007755927
1424.056250000  0.007827599
1424.060156250  0.007746772
1424.064062500  0.007737858
1424.067968750  0.007739370
1424.071875000  0.007724869
1424.075781250  0.007719082
1424.079687500  0.007780711
1424.083593750  0.007728968
1424.087500000  0.007779400
1424.091406250  0.007762113
1424.095312500  0.007761423
1424.099218750  0.007812697
1424.103125000  0.007937239
1424.107031250  0.007816240
1424.110937500  0.007772303
1424.114843750  0.007834701
1424.118750000  0.007799607
1424.122656250  0.007758225
1424.126562500  0.007821195
1424.130468750  0.007802007
1424.134375000  0.007772785
1424.138281250  0.007832311
1424.142187500  0.007782172
1424.146093750  0.007775444
1424.150000000  0.007940906
1424.153906250  0.007997800
1424.157812500  0.007790583
1424.161718750  0.007842569
1424.165625000  0.007851986
1424.169531250  0.007835521
1424.173437500  0.007856803
1424.177343750  0.007860707
1424.181250000  0.007856651
1424.185156250  0.007906103
1424.189062500  0.007871051
1424.192968750  0.007830896
1424.196875000  0.007881636
1424.200781250  0.008188801
1424.204687500  0.007766201
1424.208593750  0.008004998
1424.212500000  0.007931936
1424.216406250  0.007793634
1424.220312500  0.007842361
1424.224218750  0.007979056
1424.228125000  0.007838652
1424.232031250  0.007877506
1424.235937500  0.007902963
1424.239843750  0.007859362
1424.243750000  0.007917647
1424.247656250  0.008267922
1424.251562500  0.008045643
1424.255468750  0.007831814
1424.259375000  0.007893846
1424.263281250  0.007979682
1424.267187500  0.007912433
1424.271093750  0.007882764
1424.275000000  0.007887759
1424.278906250  0.007887143
1424.282812500  0.007920285
1424.286718750  0.007906863
1424.290625000  0.007862430
1424.294531250  0.008118207
1424.298437500  0.007937195
1424.302343750  0.007893694
1424.306250000  0.007891602
1424.310156250  0.007819426
1424.314062500  0.007946058
1424.317968750  0.007943824
1424.321875000  0.007914031
1424.325781250  0.007932141
1424.329687500  0.007981929
1424.333593750  0.007947374
1424.337500000  0.007903902
1424.341406250  0.008030312
1424.345312500  0.007985396
1424.349218750  0.007926438
1424.353125000  0.007982005
1424.357031250  0.007944086
1424.360937500  0.007955872
1424.364843750  0.007910432
1424.368750000  0.007920754
1424.372656250  0.008094179
1424.376562500  0.007872510
1424.380468750  0.007811216
1424.384375000  0.007934831
1424.388281250  0.007962391
1424.392187500  0.008154643
1424.396093750  0.007948578

