2000(10000)
1416.400000000  0.008172183
1416.403906250  0.008174686
1416.407812500  0.008113179
1416.411718750  0.008097759
1416.415625000  0.008168719
1416.419531250  0.008170284
1416.423437500  0.008141906
1416.427343750  0.008155263
1416.431250000  0.008129948
1416.435156250  0.008261010
1416.439062500  0.008411919
1416.442968750  0.008289059
1416.446875000  0.008133419
1416.450781250  0.008164136
1416.454687500  0.008166083
1416.458593750  0.008149191
1416.462500000  0.008092544
1416.466406250  0.008092555
1416.470312500  0.008112913
1416.474218750  0.008147719
1416.478125000  0.008090898
1416.482031250  0.008281685
1416.485937500  0.008308545
1416.489843750  0.008311191
1416.493750000  0.008093726
1416.497656250  0.008099539
1416.501562500  0.008085129
1416.505468750  0.008082307
1416.509375000  0.008052742
1416.513281250  0.008096776
1416.517187500  0.008027540
1416.521093750  0.008175175
1416.525000000  0.007998084
1416.528906250  0.008070387
1416.532812500  0.008254791
1416.536718750  0.008257748
1416.540625000  0.008105385
1416.544531250  0.008003881
1416.548437500  0.008137868
1416.552343750  0.008048725
1416.556250000  0.008086435
1416.560156250  0.008039474
1416.564062500  0.008136747
1416.567968750  0.008107237
1416.571875000  0.008084861
1416.575781250  0.008085995
1416.579687500  0.008124113
1416.583593750  0.008089130
1416.587500000  0.008059641
1416.591406250  0.008218690
1416.595312500  0.008059287
1416.599218750  0.007956993
1416.603125000  0.008069617
1416.607031250  0.008048290
1416.610937500  0.008003058
1416.614843750  0.008022994
1416.618750000  0.008093887
1416.622656250  0.007990304
1416.626562500  0.008191990
1416.630468750  0.008123261
1416.634375000  0.008062761
1416.638281250  0.008085268
1416.642187500  0.008130895
1416.646093750  0.008498929
1416.650000000  0.008158299
1416.653906250  0.008131130
1416.657812500  0.008014774
1416.661718750  0.008044507
1416.665625000  0.007971740
1416.669531250  0.007969992
1416.673437500  0.008063228
1416.677343750  0.008130814
1416.681250000  0.007962841
1416.685156250  0.007928724
1416.689062500  0.007980985
1416.692968750  0.007873207
1416.696875000  0.008040770
1416.700781250  0.008327393
1416.704687500  0.008077191
1416.708593750  0.008044008
1416.712500000  0.008028342
1416.716406250  0.007959412
1416.720312500  0.007947746
1416.724218750  0.008144678
1416.728125000  0.007893319
1416.732031250  0.007934478
1416.735937500  0.007919336
1416.739843750  0.007879935
1416.743750000  0.007963817
1416.747656250  0.007879153
1416.751562500  0.008026086
1416.755468750  0.008669806
1416.759375000  0.008105444
1416.763281250  0.007905500
1416.767187500  0.007856849
1416.771093750  0.008104079
1416.775000000  0.007887972
1416.778906250  0.007853975
1416.782812500  0.007931158
1416.786718750  0.007871776
1416.790625000  0.007843314
1416.794531250  0.007860760
1416.798437500  0.007925772
1416.802343750  0.007938600
1416.806250000  0.008053628
1416.810156250  0.010067818
1416.814062500  0.008611967
1416.817968750  0.008235917
1416.821875000  0.007982929
1416.825781250  0.007964445
1416.829687500  0.007868196
1416.833593750  0.007940124
1416.837500000  0.007885451
1416.841406250  0.007882490
1416.845312500  0.007956702
1416.849218750  0.007900362
1416.853125000  0.007907897
1416.857031250  0.008127508
1416.860937500  0.008517592
1416.864843750  0.013238812
1416.868750000  0.010501612
1416.872656250  0.008363867
1416.876562500  0.007951923
1416.880468750  0.007876375
1416.884375000  0.007851264
1416.888281250  0.007901914
1416.892187500  0.007952132
1416.896093750  0.007912249
1416.900000000  0.007733585
1416.903906250  0.007803842
1416.907812500  0.007776289
1416.911718750  0.007969407
1416.915625000  0.008110231
1416.919531250  0.009896559
1416.923437500  0.008737451
1416.927343750  0.007864403
1416.931250000  0.007802695
1416.935156250  0.007700411
1416.939062500  0.007755192
1416.942968750  0.007659924
1416.946875000  0.007785254
1416.950781250  0.007636469
1416.954687500  0.007719392
1416.958593750  0.007773061
1416.962500000  0.007893564
1416.966406250  0.007633039
1416.970312500  0.007850171
1416.974218750  0.008335689
1416.978125000  0.007955511
1416.982031250  0.007743461
1416.985937500  0.007637111
1416.989843750  0.007606966
1416.993750000  0.007584578
1416.997656250  0.007992221
1417.001562500  0.008445905
1417.005468750  0.007715236
1417.009375000  0.007883630
1417.013281250  0.007560181
1417.017187500  0.007655388
1417.021093750  0.007579754
1417.025000000  0.007667529
1417.028906250  0.008135861
1417.032812500  0.007860709
1417.036718750  0.007614523
1417.040625000  0.007640099
1417.044531250  0.007554955
1417.048437500  0.007498385
1417.052343750  0.007562367
1417.056250000  0.007777194
1417.060156250  0.007548796
1417.064062500  0.007568181
1417.067968750  0.007510446
1417.071875000  0.007548533
1417.075781250  0.007591373
1417.079687500  0.007706754
1417.083593750  0.008091544
1417.087500000  0.007825702
1417.091406250  0.007615443
1417.095312500  0.007603213
1417.099218750  0.007491961
1417.103125000  0.007635122
1417.107031250  0.007476567
1417.110937500  0.007539632
1417.114843750  0.007475264
1417.118750000  0.007480700
1417.122656250  0.007472994
1417.126562500  0.007441125
1417.130468750  0.007458350
1417.134375000  0.007514593
1417.138281250  0.007645513
1417.142187500  0.007589696
1417.146093750  0.007418647
1417.150000000  0.007551455
1417.153906250  0.007625229
1417.157812500  0.007373643
1417.161718750  0.007506360
1417.165625000  0.007324867
1417.169531250  0.007382626
1417.173437500  0.007367525
1417.177343750  0.007431629
1417.181250000  0.007357705
1417.185156250  0.007341648
1417.189062500  0.007412307
1417.192968750  0.007508944
1417.196875000  0.007558279
1417.200781250  0.007518397
1417.204687500  0.007317612
1417.208593750  0.007360630
1417.212500000  0.007298294
1417.216406250  0.007319262
1417.220312500  0.007342237
1417.224218750  0.007444787
1417.228125000  0.007298354
1417.232031250  0.007304563
1417.235937500  0.007282518
1417.239843750  0.007336311
1417.243750000  0.007334462
1417.247656250  0.007554130
1417.251562500  0.007399715
1417.255468750  0.007347893
1417.259375000  0.007325137
1417.263281250  0.007294380
1417.267187500  0.007256942
1417.271093750  0.007265668
1417.275000000  0.007298747
1417.278906250  0.007237503
1417.282812500  0.007329034
1417.286718750  0.007186848
1417.290625000  0.007297097
1417.294531250  0.007460760
1417.298437500  0.007347680
1417.302343750  0.007268919
1417.306250000  0.007248133
1417.310156250  0.007321130
1417.314062500  0.007233498
1417.317968750  0.007236841
1417.321875000  0.007247763
1417.325781250  0.007180610
1417.329687500  0.007254044
1417.333593750  0.007180440
1417.337500000  0.007276510
1417.341406250  0.007360965
1417.345312500  0.007230729
1417.349218750  0.007185919
1417.353125000  0.007269284
1417.357031250  0.007225374
1417.360937500  0.007213723
1417.364843750  0.007195660
1417.368750000  0.007331005
1417.372656250  0.007166885
1417.376562500  0.007170206
1417.380468750  0.007195916
1417.384375000  0.007245308
1417.388281250  0.007229326
1417.392187500  0.007240095
1417.396093750  0.007146328
1417.400000000  0.007162638
1417.403906250  0.007123357
1417.407812500  0.007245412
1417.411718750  0.007205614
1417.415625000  0.007188217
1417.419531250  0.007127629
1417.423437500  0.007150939
1417.427343750  0.007162477
1417.431250000  0.007176337
1417.435156250  0.007189437
1417.439062500  0.007302234
1417.442968750  0.007183061
1417.446875000  0.007124193
1417.450781250  0.007171749
1417.454687500  0.007164593
1417.458593750  0.007190279
1417.462500000  0.007124968
1417.466406250  0.007107201
1417.470312500  0.007114039
1417.474218750  0.007169974
1417.478125000  0.007134574
1417.482031250  0.007097516
1417.485937500  0.007383691
1417.489843750  0.007147055
1417.493750000  0.007108791
1417.497656250  0.007110715
1417.501562500  0.007139711
1417.505468750  0.007121073
1417.509375000  0.007124347
1417.513281250  0.007171570
1417.517187500  0.007085967
1417.521093750  0.007156471
1417.525000000  0.007136658
1417.528906250  0.007169147
1417.532812500  0.007291119
1417.536718750  0.007156839
1417.540625000  0.007070073
1417.544531250  0.007087974
1417.548437500  0.007120268
1417.552343750  0.007069534
1417.556250000  0.007099282
1417.560156250  0.007009717
1417.564062500  0.007096471
1417.567968750  0.007091794
1417.571875000  0.007077424
1417.575781250  0.007146781
1417.579687500  0.007294510
1417.583593750  0.007089671
1417.587500000  0.007054089
1417.591406250  0.007008802
1417.595312500  0.007078546
1417.599218750  0.007044478
1417.603125000  0.006980868
1417.607031250  0.006998996
1417.610937500  0.007002109
1417.614843750  0.007069875
1417.618750000  0.007033644
1417.622656250  0.007040829
1417.626562500  0.007161427
1417.630468750  0.007086514
1417.634375000  0.007132166
1417.638281250  0.007046447
1417.642187500  0.007065363
1417.646093750  0.007033792
1417.650000000  0.007052249
1417.653906250  0.007015914
1417.657812500  0.007055509
1417.661718750  0.006996330
1417.665625000  0.007000826
1417.669531250  0.007024200
1417.673437500  0.007072387
1417.677343750  0.007164156
1417.681250000  0.007026844
1417.685156250  0.006973397
1417.689062500  0.007028143
1417.692968750  0.007026944
1417.696875000  0.006992213
1417.700781250  0.006922236
1417.704687500  0.007032468
1417.708593750  0.006998677
1417.712500000  0.006963120
1417.716406250  0.007015209
1417.720312500  0.007063916
1417.724218750  0.007167382
1417.728125000  0.007063095
1417.732031250  0.007075123
1417.735937500  0.006983658
1417.739843750  0.006947850
1417.743750000  0.007008019
1417.747656250  0.007004950
1417.751562500  0.006943924
1417.755468750  0.006951973
1417.759375000  0.006941551
1417.763281250  0.007002979
1417.767187500  0.006980097
1417.771093750  0.007176984
1417.775000000  0.006964191
1417.778906250  0.006969576
1417.782812500  0.007025662
1417.786718750  0.006957298
1417.790625000  0.006919422
1417.794531250  0.006980992
1417.798437500  0.007053158
1417.802343750  0.006942241
1417.806250000  0.006981557
1417.810156250  0.006951892
1417.814062500  0.006979319
1417.817968750  0.007181232
1417.821875000  0.006983149
1417.825781250  0.007012981
1417.829687500  0.006989118
1417.833593750  0.007002942
1417.837500000  0.006983242
1417.841406250  0.006911023
1417.845312500  0.006965355
1417.849218750  0.006983938
1417.853125000  0.006984451
1417.857031250  0.006876958
1417.860937500  0.006979387
1417.864843750  0.007076997
1417.868750000  0.006956816
1417.872656250  0.006956989
1417.876562500  0.006947432
1417.880468750  0.006972961
1417.884375000  0.006926214
1417.888281250  0.006990618
1417.892187500  0.006889993
1417.896093750  0.006889766
1417.900000000  0.006906065
1417.903906250  0.006960063
1417.907812500  0.007053613
1417.911718750  0.006994977
1417.915625000  0.006999308
1417.919531250  0.006952734
1417.923437500  0.006923595
1417.927343750  0.006909241
1417.931250000  0.006952984
1417.935156250  0.006936480
1417.939062500  0.006928605
1417.942968750  0.006918439
1417.946875000  0.006934397
1417.950781250  0.006873885
1417.954687500  0.006922870
1417.958593750  0.006923381
1417.962500000  0.007137530
1417.966406250  0.006928030
1417.970312500  0.006952246
1417.974218750  0.006912397
1417.978125000  0.006906964
1417.982031250  0.006905052
1417.985937500  0.006913073
1417.989843750  0.006949206
1417.993750000  0.006952618
1417.997656250  0.006935913
1418.001562500  0.006847580
1418.005468750  0.006946712
1418.009375000  0.007091410
1418.013281250  0.006916509
1418.017187500  0.006933503
1418.021093750  0.006787243
1418.025000000  0.006896329
1418.028906250  0.006813465
1418.032812500  0.006902051
1418.036718750  0.006883887
1418.040625000  0.006924627
1418.044531250  0.006825975
1418.048437500  0.006863339
1418.052343750  0.006911999
1418.056250000  0.007027689
1418.060156250  0.006817343
1418.064062500  0.006931713
1418.067968750  0.006871456
1418.071875000  0.006936173
1418.075781250  0.006891504
1418.079687500  0.006818345
1418.083593750  0.006916640
1418.087500000  0.006952334
1418.091406250  0.006922842
1418.095312500  0.006874502
1418.099218750  0.006872392
1418.103125000  0.006974323
1418.107031250  0.006914505
1418.110937500  0.006920160
1418.114843750  0.006840969
1418.118750000  0.006884379
1418.122656250  0.006895903
1418.126562500  0.006968565
1418.130468750  0.006828629
1418.134375000  0.006844777
1418.138281250  0.006830047
1418.142187500  0.006889612
1418.146093750  0.006844587
1418.150000000  0.006941279
1418.153906250  0.006929459
1418.157812500  0.006849446
1418.161718750  0.006843384
1418.165625000  0.006828765
1418.169531250  0.006928343
1418.173437500  0.006915818
1418.177343750  0.006864846
1418.181250000  0.006843692
1418.185156250  0.006869520
1418.189062500  0.006877795
1418.192968750  0.006828551
1418.196875000  0.006888335
1418.200781250  0.007035900
1418.204687500  0.006890244
1418.208593750  0.006868447
1418.212500000  0.006840996
1418.216406250  0.006920037
1418.220312500  0.006911307
1418.224218750  0.006827210
1418.228125000  0.006852911
1418.232031250  0.006862723
1418.235937500  0.006941168
1418.239843750  0.006799946
1418.243750000  0.006879209
1418.247656250  0.007020747
1418.251562500  0.006861439
1418.255468750  0.006847368
1418.259375000  0.006866330
1418.263281250  0.006899253
1418.267187500  0.006829019
1418.271093750  0.006861643
1418.275000000  0.006786397
1418.278906250  0.006798283
1418.282812500  0.006805331
1418.286718750  0.006850601
1418.290625000  0.006896958
1418.294531250  0.006999293
1418.298437500  0.006865451
1418.302343750  0.006870706
1418.306250000  0.006834554
1418.310156250  0.006806162
1418.314062500  0.006933858
1418.317968750  0.006850476
1418.321875000  0.006823713
1418.325781250  0.006819416
1418.329687500  0.006848801
1418.333593750  0.006831621
1418.337500000  0.006867992
1418.341406250  0.007044402
1418.345312500  0.006876531
1418.349218750  0.006845473
1418.353125000  0.006855096
1418.357031250  0.006887374
1418.360937500  0.006857928
1418.364843750  0.006868907
1418.368750000  0.006850244
1418.372656250  0.006875867
1418.376562500  0.006819264
1418.380468750  0.006854789
1418.384375000  0.006913325
1418.388281250  0.006939576
1418.392187500  0.006944232
1418.396093750  0.006792914
1418.400000000  0.006903428
1418.403906250  0.006826615
1418.407812500  0.006816775
1418.411718750  0.006795774
1418.415625000  0.006903424
1418.419531250  0.006836478
1418.423437500  0.006855288
1418.427343750  0.006837109
1418.431250000  0.006854209
1418.435156250  0.006927409
1418.439062500  0.007017478
1418.442968750  0.006864900
1418.446875000  0.006872342
1418.450781250  0.006860336
1418.454687500  0.006901140
1418.458593750  0.006834240
1418.462500000  0.006868685
1418.466406250  0.006890652
1418.470312500  0.006886651
1418.474218750  0.006838063
1418.478125000  0.006877269
1418.482031250  0.006911824
1418.485937500  0.006976093
1418.489843750  0.006868836
1418.493750000  0.006863967
1418.497656250  0.006908758
1418.501562500  0.006850546
1418.505468750  0.006884232
1418.509375000  0.006846619
1418.513281250  0.006800689
1418.517187500  0.006811471
1418.521093750  0.006923747
1418.525000000  0.006863861
1418.528906250  0.006836735
1418.532812500  0.007109783
1418.536718750  0.006868287
1418.540625000  0.006798048
1418.544531250  0.006829018
1418.548437500  0.006821753
1418.552343750  0.006902215
1418.556250000  0.006822870
1418.560156250  0.006862890
1418.564062500  0.006841554
1418.567968750  0.006850111
1418.571875000  0.006830872
1418.575781250  0.006928569
1418.579687500  0.007005047
1418.583593750  0.006851143
1418.587500000  0.006881184
1418.591406250  0.006858193
1418.595312500  0.006830166
1418.599218750  0.006843165
1418.603125000  0.006937862
1418.607031250  0.006835030
1418.610937500  0.006873263
1418.614843750  0.006879641
1418.618750000  0.006897316
1418.622656250  0.006900826
1418.626562500  0.007065680
1418.630468750  0.006942602
1418.634375000  0.006845292
1418.638281250  0.006811288
1418.642187500  0.006904700
1418.646093750  0.006914898
1418.650000000  0.006882994
1418.653906250  0.006886085
1418.657812500  0.006825539
1418.661718750  0.006882165
1418.665625000  0.006877401
1418.669531250  0.006852284
1418.673437500  0.006960161
1418.677343750  0.006955785
1418.681250000  0.006969818
1418.685156250  0.006896212
1418.689062500  0.006925109
1418.692968750  0.006942577
1418.696875000  0.006917819
1418.700781250  0.006851695
1418.704687500  0.006867485
1418.708593750  0.006895555
1418.712500000  0.006842935
1418.716406250  0.006880568
1418.720312500  0.006859375
1418.724218750  0.007062261
1418.728125000  0.006984505
1418.732031250  0.006817198
1418.735937500  0.006887121
1418.739843750  0.006787457
1418.743750000  0.006864027
1418.747656250  0.006939401
1418.751562500  0.006832295
1418.755468750  0.006856339
1418.759375000  0.006836066
1418.763281250  0.006856055
1418.767187500  0.006879362
1418.771093750  0.007038875
1418.775000000  0.006906075
1418.778906250  0.006929136
1418.782812500  0.006899959
1418.786718750  0.006916118
1418.790625000  0.006863277
1418.794531250  0.006869652
1418.798437500  0.006851989
1418.802343750  0.006855206
1418.806250000  0.006906136
1418.810156250  0.006996272
1418.814062500  0.006920177
1418.817968750  0.007106326
1418.821875000  0.006874266
1418.825781250  0.006887911
1418.829687500  0.006876930
1418.833593750  0.006891654
1418.837500000  0.006887404
1418.841406250  0.006914007
1418.845312500  0.006895780
1418.849218750  0.006926506
1418.853125000  0.006898843
1418.857031250  0.006849942
1418.860937500  0.006918476
1418.864843750  0.006998877
1418.868750000  0.007000032
1418.872656250  0.006925249
1418.876562500  0.006842589
1418.880468750  0.006914278
1418.884375000  0.006940504
1418.888281250  0.006881743
1418.892187500  0.006952273
1418.896093750  0.006909390
1418.900000000  0.006946252
1418.903906250  0.006979357
1418.907812500  0.006878063
1418.911718750  0.007009236
1418.915625000  0.007043161
1418.919531250  0.006875450
1418.923437500  0.006921761
1418.927343750  0.006974604
1418.931250000  0.006951700
1418.935156250  0.006939896
1418.939062500  0.006917240
1418.942968750  0.006942101
1418.946875000  0.006920559
1418.950781250  0.006862396
1418.954687500  0.006938763
1418.958593750  0.006972550
1418.962500000  0.007130886
1418.966406250  0.006907435
1418.970312500  0.006868544
1418.974218750  0.006957297
1418.978125000  0.006883976
1418.982031250  0.006896192
1418.985937500  0.006898007
1418.989843750  0.006923456
1418.993750000  0.006904761
1418.997656250  0.006862033
1419.001562500  0.006951703
1419.005468750  0.006920497
1419.009375000  0.007112741
1419.013281250  0.006935270
1419.017187500  0.006942766
1419.021093750  0.006970199
1419.025000000  0.006894593
1419.028906250  0.006908589
1419.032812500  0.006948238
1419.036718750  0.006888460
1419.040625000  0.006897905
1419.044531250  0.006885779
1419.048437500  0.006959198
1419.052343750  0.006933299
1419.056250000  0.007158604
1419.060156250  0.006988240
1419.064062500  0.006917959
1419.067968750  0.006916920
1419.071875000  0.006889308
1419.075781250  0.006942153
1419.079687500  0.007002606
1419.083593750  0.006928712
1419.087500000  0.006918676
1419.091406250  0.006977709
1419.095312500  0.006846214
1419.099218750  0.006934319
1419.103125000  0.007070047
1419.107031250  0.007004393
1419.110937500  0.006924672
1419.114843750  0.006935619
1419.118750000  0.006907253
1419.122656250  0.006885402
1419.126562500  0.007040789
1419.130468750  0.006973267
1419.134375000  0.008129676
1419.138281250  0.006996804
1419.142187500  0.006899188
1419.146093750  0.006969364
1419.150000000  0.007035468
1419.153906250  0.007022650
1419.157812500  0.006936707
1419.161718750  0.006961105
1419.165625000  0.006941719
1419.169531250  0.006992017
1419.173437500  0.006961645
1419.177343750  0.006898236
1419.181250000  0.006918308
1419.185156250  0.006963165
1419.189062500  0.006953540
1419.192968750  0.006963563
1419.196875000  0.006988046
1419.200781250  0.007058736
1419.204687500  0.006925504
1419.208593750  0.006970955
1419.212500000  0.006880805
1419.216406250  0.006954941
1419.220312500  0.006953816
1419.224218750  0.006971333
1419.228125000  0.006990302
1419.232031250  0.006956258
1419.235937500  0.006915679
1419.239843750  0.006918331
1419.243750000  0.006966538
1419.247656250  0.007107117
1419.251562500  0.006944760
1419.255468750  0.006931865
1419.259375000  0.006969438
1419.263281250  0.006942105
1419.267187500  0.006957732
1419.271093750  0.006937837
1419.275000000  0.007049843
1419.278906250  0.006933448
1419.282812500  0.006981504
1419.286718750  0.006884349
1419.290625000  0.006913159
1419.294531250  0.007058378
1419.298437500  0.006948149
1419.302343750  0.006951275
1419.306250000  0.006908139
1419.310156250  0.006946606
1419.314062500  0.006979138
1419.317968750  0.006923712
1419.321875000  0.007062596
1419.325781250  0.006936075
1419.329687500  0.006949864
1419.333593750  0.006915165
1419.337500000  0.007003559
1419.341406250  0.007057541
1419.345312500  0.006939813
1419.349218750  0.006978850
1419.353125000  0.006910857
1419.357031250  0.006875388
1419.360937500  0.006943618
1419.364843750  0.006889611
1419.368750000  0.007021351
1419.372656250  0.006944174
1419.376562500  0.006912706
1419.380468750  0.006856318
1419.384375000  0.006966482
1419.388281250  0.006973088
1419.392187500  0.007009449
1419.396093750  0.006964769
1419.400000000  0.006961216
1419.403906250  0.006902836
1419.407812500  0.006947761
1419.411718750  0.006993941
1419.415625000  0.006953161
1419.419531250  0.006902259
1419.423437500  0.006968470
1419.427343750  0.006895054
1419.431250000  0.006938439
1419.435156250  0.006995959
1419.439062500  0.007061335
1419.442968750  0.006904370
1419.446875000  0.006925553
1419.450781250  0.006904230
1419.454687500  0.006968609
1419.458593750  0.006894359
1419.462500000  0.006961307
1419.466406250  0.006943857
1419.470312500  0.006936961
1419.474218750  0.006913990
1419.478125000  0.006952736
1419.482031250  0.006865058
1419.485937500  0.007056778
1419.489843750  0.006978312
1419.493750000  0.006943661
1419.497656250  0.006888537
1419.501562500  0.006894928
1419.505468750  0.006860337
1419.509375000  0.006917039
1419.513281250  0.007047462
1419.517187500  0.006889860
1419.521093750  0.006941574
1419.525000000  0.006969949
1419.528906250  0.006929179
1419.532812500  0.007155923
1419.536718750  0.006926901
1419.540625000  0.006892619
1419.544531250  0.006929847
1419.548437500  0.006926238
1419.552343750  0.006960878
1419.556250000  0.006905352
1419.560156250  0.006975406
1419.564062500  0.007032106
1419.567968750  0.006955472
1419.571875000  0.006936328
1419.575781250  0.006954830
1419.579687500  0.007112233
1419.583593750  0.006984280
1419.587500000  0.006954200
1419.591406250  0.006987588
1419.595312500  0.006865317
1419.599218750  0.006896189
1419.603125000  0.006912934
1419.607031250  0.006942021
1419.610937500  0.006872154
1419.614843750  0.006880077
1419.618750000  0.006885089
1419.622656250  0.006934504
1419.626562500  0.007102184
1419.630468750  0.006961530
1419.634375000  0.006941808
1419.638281250  0.006919298
1419.642187500  0.006982835
1419.646093750  0.006955885
1419.650000000  0.006926748
1419.653906250  0.006976421
1419.657812500  0.006975617
1419.661718750  0.006953692
1419.665625000  0.006952564
1419.669531250  0.006901048
1419.673437500  0.006946404
1419.677343750  0.006982330
1419.681250000  0.006952086
1419.685156250  0.006943747
1419.689062500  0.006925457
1419.692968750  0.006953392
1419.696875000  0.006933593
1419.700781250  0.006863730
1419.704687500  0.006946596
1419.708593750  0.006951603
1419.712500000  0.006989207
1419.716406250  0.006938569
1419.720312500  0.006963072
1419.724218750  0.006998869
1419.728125000  0.006972413
1419.732031250  0.006977774
1419.735937500  0.006960172
1419.739843750  0.006954978
1419.743750000  0.006973060
1419.747656250  0.006882864
1419.751562500  0.006898273
1419.755468750  0.006964708
1419.759375000  0.006905429
1419.763281250  0.006944589
1419.767187500  0.006915511
1419.771093750  0.007075527
1419.775000000  0.006981068
1419.778906250  0.006946379
1419.782812500  0.006995043
1419.786718750  0.006905084
1419.790625000  0.006966382
1419.794531250  0.006938452
1419.798437500  0.006909604
1419.802343750  0.006989458
1419.806250000  0.006900934
1419.810156250  0.006904691
1419.814062500  0.007009665
1419.817968750  0.007012157
1419.821875000  0.006956479
1419.825781250  0.006981723
1419.829687500  0.006884123
1419.833593750  0.006963959
1419.837500000  0.006989087
1419.841406250  0.006933649
1419.845312500  0.006929347
1419.849218750  0.006989867
1419.853125000  0.006923494
1419.857031250  0.006934947
1419.860937500  0.006960434
1419.864843750  0.007073870
1419.868750000  0.006980634
1419.872656250  0.006969497
1419.876562500  0.006955646
1419.880468750  0.006971997
1419.884375000  0.007046971
1419.888281250  0.006948761
1419.892187500  0.007003890
1419.896093750  0.006928010
1419.900000000  0.006925256
1419.903906250  0.006930378
1419.907812500  0.006941272
1419.911718750  0.007029268
1419.915625000  0.007089986
1419.919531250  0.007051745
1419.923437500  0.006966523
1419.927343750  0.006978803
1419.931250000  0.007002360
1419.935156250  0.006968679
1419.939062500  0.007014651
1419.942968750  0.007011231
1419.946875000  0.006938165
1419.950781250  0.006971236
1419.954687500  0.006986855
1419.958593750  0.007034201
1419.962500000  0.007099359
1419.966406250  0.007022845
1419.970312500  0.007031601
1419.974218750  0.006962486
1419.978125000  0.007013414
1419.982031250  0.007073302
1419.985937500  0.008099759
1419.989843750  0.007936366
1419.993750000  0.007366043
1419.997656250  0.008998768
1420.001562500  0.010940681
1420.005468750  0.007261849
1420.009375000  0.007149685
1420.013281250  0.007067769
1420.017187500  0.007018425
1420.021093750  0.007059956
1420.025000000  0.007012967
1420.028906250  0.007045977
1420.032812500  0.006990776
1420.036718750  0.006992881
1420.040625000  0.006972046
1420.044531250  0.006966800
1420.048437500  0.007045613
1420.052343750  0.006967625
1420.056250000  0.007079391
1420.060156250  0.006990783
1420.064062500  0.006937227
1420.067968750  0.006990991
1420.071875000  0.007011946
1420.075781250  0.006961254
1420.079687500  0.006999088
1420.083593750  0.007038466
1420.087500000  0.006987078
1420.091406250  0.007017229
1420.095312500  0.006962712
1420.099218750  0.006951372
1420.103125000  0.007014373
1420.107031250  0.007008557
1420.110937500  0.006963607
1420.114843750  0.007000900
1420.118750000  0.007049354
1420.122656250  0.006963110
1420.126562500  0.006928947
1420.130468750  0.006979146
1420.134375000  0.007002108
1420.138281250  0.007040368
1420.142187500  0.007034689
1420.146093750  0.006978695
1420.150000000  0.007025481
1420.153906250  0.007127017
1420.157812500  0.006967089
1420.161718750  0.006968488
1420.165625000  0.006986025
1420.169531250  0.007019977
1420.173437500  0.006976591
1420.177343750  0.007019205
1420.181250000  0.007053207
1420.185156250  0.007005678
1420.189062500  0.006962566
1420.192968750  0.007013350
1420.196875000  0.007031322
1420.200781250  0.007096696
1420.204687500  0.007034301
1420.208593750  0.007069279
1420.212500000  0.007037569
1420.216406250  0.007014051
1420.220312500  0.006985117
1420.224218750  0.007059619
1420.228125000  0.007011875
1420.232031250  0.007012014
1420.235937500  0.007003035
1420.239843750  0.006986451
1420.243750000  0.007035127
1420.247656250  0.007135720
1420.251562500  0.007034980
1420.255468750  0.006947899
1420.259375000  0.006927774
1420.263281250  0.007056027
1420.267187500  0.007059806
1420.271093750  0.007039635
1420.275000000  0.006982889
1420.278906250  0.006941324
1420.282812500  0.007001870
1420.286718750  0.007012085
1420.290625000  0.007085043
1420.294531250  0.007172217
1420.298437500  0.007021396
1420.302343750  0.007012944
1420.306250000  0.006994752
1420.310156250  0.007090330
1420.314062500  0.007125572
1420.317968750  0.007081636
1420.321875000  0.007058759
1420.325781250  0.007005271
1420.329687500  0.006963636
1420.333593750  0.007059589
1420.337500000  0.007090283
1420.341406250  0.007243968
1420.345312500  0.007051754
1420.349218750  0.007067005
1420.353125000  0.007112140
1420.357031250  0.007068496
1420.360937500  0.007089591
1420.364843750  0.007141923
1420.368750000  0.007145440
1420.372656250  0.007112408
1420.376562500  0.007078706
1420.380468750  0.007124057
1420.384375000  0.007186232
1420.388281250  0.007216069
1420.392187500  0.007232433
1420.396093750  0.007212810
1420.400000000  0.007984896
1420.403906250  0.007139108
1420.407812500  0.007233688
1420.411718750  0.007197263
1420.415625000  0.007286520
1420.419531250  0.007128936
1420.423437500  0.007158417
1420.427343750  0.007152340
1420.431250000  0.007186999
1420.435156250  0.007101084
1420.439062500  0.007218226
1420.442968750  0.007167839
1420.446875000  0.007159402
1420.450781250  0.007146151
1420.454687500  0.007066378
1420.458593750  0.007083163
1420.462500000  0.007092247
1420.466406250  0.007187037
1420.470312500  0.007086212
1420.474218750  0.007081994
1420.478125000  0.007119031
1420.482031250  0.007152255
1420.485937500  0.007249047
1420.489843750  0.007099736
1420.493750000  0.007139737
1420.497656250  0.007047245
1420.501562500  0.007000441
1420.505468750  0.007073589
1420.509375000  0.007004143
1420.513281250  0.007073001
1420.517187500  0.007045550
1420.521093750  0.006978921
1420.525000000  0.007058013
1420.528906250  0.007042714
1420.532812500  0.007124560
1420.536718750  0.007052182
1420.540625000  0.007080922
1420.544531250  0.007076021
1420.548437500  0.007058171
1420.552343750  0.007106726
1420.556250000  0.007074658
1420.560156250  0.007067001
1420.564062500  0.007035268
1420.567968750  0.006988343
1420.571875000  0.007002832
1420.575781250  0.007054848
1420.579687500  0.007082995
1420.583593750  0.007072300
1420.587500000  0.007059942
1420.591406250  0.006997942
1420.595312500  0.006991910
1420.599218750  0.007047939
1420.603125000  0.007062564
1420.607031250  0.006989481
1420.610937500  0.006996125
1420.614843750  0.007035627
1420.618750000  0.007072143
1420.622656250  0.007060887
1420.626562500  0.007080335
1420.630468750  0.007051656
1420.634375000  0.007069355
1420.638281250  0.006977546
1420.642187500  0.007033607
1420.646093750  0.007066492
1420.650000000  0.007041018
1420.653906250  0.006998864
1420.657812500  0.007000593
1420.661718750  0.007032686
1420.665625000  0.007026462
1420.669531250  0.007083127
1420.673437500  0.007085982
1420.677343750  0.007069479
1420.681250000  0.007098387
1420.685156250  0.007025653
1420.689062500  0.007046122
1420.692968750  0.007062075
1420.696875000  0.007026374
1420.700781250  0.007024918
1420.704687500  0.006978205
1420.708593750  0.007068975
1420.712500000  0.007010573
1420.716406250  0.007057325
1420.720312500  0.007116793
1420.724218750  0.007177266
1420.728125000  0.007053058
1420.732031250  0.007046165
1420.735937500  0.007068809
1420.739843750  0.007044357
1420.743750000  0.007023823
1420.747656250  0.007025394
1420.751562500  0.007001302
1420.755468750  0.007044605
1420.759375000  0.007062049
1420.763281250  0.007064834
1420.767187500  0.007085006
1420.771093750  0.007117629
1420.775000000  0.007060300
1420.778906250  0.007034527
1420.782812500  0.007050585
1420.786718750  0.007055944
1420.790625000  0.006976766
1420.794531250  0.007028966
1420.798437500  0.007070401
1420.802343750  0.007014911
1420.806250000  0.006973019
1420.810156250  0.007056527
1420.814062500  0.007045638
1420.817968750  0.007118186
1420.821875000  0.007005883
1420.825781250  0.007039244
1420.829687500  0.007011533
1420.833593750  0.007077828
1420.837500000  0.007096117
1420.841406250  0.006970382
1420.845312500  0.006977502
1420.849218750  0.007005022
1420.853125000  0.007033981
1420.857031250  0.007042969
1420.860937500  0.007008908
1420.864843750  0.007124320
1420.868750000  0.007104486
1420.872656250  0.007059973
1420.876562500  0.007054612
1420.880468750  0.007054330
1420.884375000  0.006998887
1420.888281250  0.007058568
1420.892187500  0.007119747
1420.896093750  0.006993638
1420.900000000  0.007038212
1420.903906250  0.007058255
1420.907812500  0.006950217
1420.911718750  0.007038633
1420.915625000  0.007079701
1420.919531250  0.007043404
1420.923437500  0.007038331
1420.927343750  0.007056404
1420.931250000  0.007051018
1420.935156250  0.007031323
1420.939062500  0.007122793
1420.942968750  0.007029716
1420.946875000  0.007063946
1420.950781250  0.006983579
1420.954687500  0.007113093
1420.958593750  0.007049761
1420.962500000  0.007164788
1420.966406250  0.007079930
1420.970312500  0.007030595
1420.974218750  0.007126672
1420.978125000  0.007076460
1420.982031250  0.007054496
1420.985937500  0.007059272
1420.989843750  0.007071508
1420.993750000  0.007091027
1420.997656250  0.007061822
1421.001562500  0.007055778
1421.005468750  0.007020596
1421.009375000  0.007233029
1421.013281250  0.007094953
1421.017187500  0.007070485
1421.021093750  0.007023747
1421.025000000  0.007085786
1421.028906250  0.007095990
1421.032812500  0.007078342
1421.036718750  0.007051506
1421.040625000  0.007101779
1421.044531250  0.007097672
1421.048437500  0.007149763
1421.052343750  0.007123249
1421.056250000  0.007145646
1421.060156250  0.007119944
1421.064062500  0.007073453
1421.067968750  0.007106733
1421.071875000  0.007041686
1421.075781250  0.007074999
1421.079687500  0.007071337
1421.083593750  0.007048685
1421.087500000  0.007135142
1421.091406250  0.007128081
1421.095312500  0.007019802
1421.099218750  0.007086444
1421.103125000  0.007109801
1421.107031250  0.007099565
1421.110937500  0.007066184
1421.114843750  0.007055291
1421.118750000  0.007052060
1421.122656250  0.007132360
1421.126562500  0.007118768
1421.130468750  0.007127850
1421.134375000  0.007070221
1421.138281250  0.007123293
1421.142187500  0.007099236
1421.146093750  0.007057185
1421.150000000  0.007064980
1421.153906250  0.007152512
1421.157812500  0.007100773
1421.161718750  0.007062454
1421.165625000  0.007107495
1421.169531250  0.007119069
1421.173437500  0.007129492
1421.177343750  0.007099414
1421.181250000  0.007111486
1421.185156250  0.007201744
1421.189062500  0.007123473
1421.192968750  0.007098788
1421.196875000  0.007159260
1421.200781250  0.007127720
1421.204687500  0.007139036
1421.208593750  0.007075729
1421.212500000  0.007106587
1421.216406250  0.007107879
1421.220312500  0.007136581
1421.224218750  0.007047596
1421.228125000  0.007146020
1421.232031250  0.007111956
1421.235937500  0.007104222
1421.239843750  0.007197628
1421.243750000  0.007141889
1421.247656250  0.007261254
1421.251562500  0.007167030
1421.255468750  0.007044832
1421.259375000  0.007119937
1421.263281250  0.007134498
1421.267187500  0.007143550
1421.271093750  0.007166527
1421.275000000  0.007065554
1421.278906250  0.007125115
1421.282812500  0.007132908
1421.286718750  0.007082142
1421.290625000  0.007160622
1421.294531250  0.007167679
1421.298437500  0.007138970
1421.302343750  0.007101122
1421.306250000  0.007112916
1421.310156250  0.007149207
1421.314062500  0.007172631
1421.317968750  0.007166764
1421.321875000  0.007191780
1421.325781250  0.007190167
1421.329687500  0.007138845
1421.333593750  0.007221070
1421.337500000  0.007212176
1421.341406250  0.007196720
1421.345312500  0.007202310
1421.349218750  0.007146320
1421.353125000  0.007175871
1421.357031250  0.007227754
1421.360937500  0.007134341
1421.364843750  0.007153500
1421.368750000  0.007211634
1421.372656250  0.007176844
1421.376562500  0.007209496
1421.380468750  0.007119325
1421.384375000  0.007251119
1421.388281250  0.007189557
1421.392187500  0.007234991
1421.396093750  0.007171449
1421.400000000  0.007230511
1421.403906250  0.007481552
1421.407812500  0.007186012
1421.411718750  0.007217609
1421.415625000  0.007171024
1421.419531250  0.007192642
1421.423437500  0.007242809
1421.427343750  0.007148149
1421.431250000  0.007210748
1421.435156250  0.007169783
1421.439062500  0.007238217
1421.442968750  0.007174994
1421.446875000  0.007189501
1421.450781250  0.007170059
1421.454687500  0.007131519
1421.458593750  0.007146252
1421.462500000  0.007166144
1421.466406250  0.007176175
1421.470312500  0.007261958
1421.474218750  0.007235516
1421.478125000  0.007191539
1421.482031250  0.007209438
1421.485937500  0.007252122
1421.489843750  0.007233819
1421.493750000  0.007180199
1421.497656250  0.007250107
1421.501562500  0.007226658
1421.505468750  0.007297426
1421.509375000  0.007205550
1421.513281250  0.007280073
1421.517187500  0.007175414
1421.521093750  0.007202164
1421.525000000  0.007139225
1421.528906250  0.007139137
1421.532812500  0.007297914
1421.536718750  0.007267984
1421.540625000  0.007179603
1421.544531250  0.007215137
1421.548437500  0.007241858
1421.552343750  0.007184122
1421.556250000  0.007231514
1421.560156250  0.007254247
1421.564062500  0.007259725
1421.567968750  0.007241405
1421.571875000  0.007247122
1421.575781250  0.007262230
1421.579687500  0.007271329
1421.583593750  0.007284609
1421.587500000  0.007196243
1421.591406250  0.007244750
1421.595312500  0.007242501
1421.599218750  0.007296891
1421.603125000  0.007220663
1421.607031250  0.007312663
1421.610937500  0.007138756
1421.614843750  0.007282615
1421.618750000  0.007189434
1421.622656250  0.007250209
1421.626562500  0.007321966
1421.630468750  0.007280273
1421.634375000  0.007345130
1421.638281250  0.007257349
1421.642187500  0.007242486
1421.646093750  0.007315498
1421.650000000  0.007187827
1421.653906250  0.007240043
1421.657812500  0.007216121
1421.661718750  0.007273547
1421.665625000  0.007266945
1421.669531250  0.007268012
1421.673437500  0.007251187
1421.677343750  0.007304256
1421.681250000  0.007310120
1421.685156250  0.007136382
1421.689062500  0.007220657
1421.692968750  0.007237417
1421.696875000  0.007285455
1421.700781250  0.007180535
1421.704687500  0.007277537
1421.708593750  0.007282032
1421.712500000  0.007296698
1421.716406250  0.007298018
1421.720312500  0.007298695
1421.724218750  0.007286965
1421.728125000  0.007261726
1421.732031250  0.007339973
1421.735937500  0.007318431
1421.739843750  0.007278271
1421.743750000  0.007241697
1421.747656250  0.007287974
1421.751562500  0.007295232
1421.755468750  0.007180334
1421.759375000  0.007261699
1421.763281250  0.007361925
1421.767187500  0.007230478
1421.771093750  0.007396678
1421.775000000  0.007295769
1421.778906250  0.007345865
1421.782812500  0.007223330
1421.786718750  0.007325391
1421.790625000  0.007297047
1421.794531250  0.007223766
1421.798437500  0.007255929
1421.802343750  0.007277563
1421.806250000  0.007228035
1421.810156250  0.007271007
1421.814062500  0.007234196
1421.817968750  0.007390491
1421.821875000  0.007278088
1421.825781250  0.007322902
1421.829687500  0.007276690
1421.833593750  0.007268149
1421.837500000  0.007307441
1421.841406250  0.007310758
1421.845312500  0.007238971
1421.849218750  0.007273928
1421.853125000  0.007245534
1421.857031250  0.007277686
1421.860937500  0.007237735
1421.864843750  0.007368432
1421.868750000  0.007250453
1421.872656250  0.007269830
1421.876562500  0.007251533
1421.880468750  0.007256961
1421.884375000  0.007281444
1421.888281250  0.007301874
1421.892187500  0.007320101
1421.896093750  0.007340585
1421.900000000  0.007364273
1421.903906250  0.007259662
1421.907812500  0.007312036
1421.911718750  0.007302718
1421.915625000  0.007262723
1421.919531250  0.007317020
1421.923437500  0.007304787
1421.927343750  0.007362263
1421.931250000  0.007313162
1421.935156250  0.007241768
1421.939062500  0.007328168
1421.942968750  0.007286993
1421.946875000  0.007243763
1421.950781250  0.007232541
1421.954687500  0.007336936
1421.958593750  0.007361761
1421.962500000  0.007408019
1421.966406250  0.007298228
1421.970312500  0.007316386
1421.974218750  0.007273788
1421.978125000  0.007367579
1421.982031250  0.007229626
1421.985937500  0.007396245
1421.989843750  0.007351542
1421.993750000  0.007297214
1421.997656250  0.007308581
1422.001562500  0.007306508
1422.005468750  0.007304082
1422.009375000  0.007336753
1422.013281250  0.007416561
1422.017187500  0.007299471
1422.021093750  0.007333992
1422.025000000  0.007363990
1422.028906250  0.007331300
1422.032812500  0.007353401
1422.036718750  0.007317648
1422.040625000  0.007303645
1422.044531250  0.007273144
1422.048437500  0.007302021
1422.052343750  0.007252984
1422.056250000  0.007396014
1422.060156250  0.007294026
1422.064062500  0.007338196
1422.067968750  0.007237821
1422.071875000  0.007353978
1422.075781250  0.007271089
1422.079687500  0.007326044
1422.083593750  0.007338342
1422.087500000  0.007351641
1422.091406250  0.007187842
1422.095312500  0.007367534
1422.099218750  0.007249263
1422.103125000  0.007387348
1422.107031250  0.007304231
1422.110937500  0.007241928
1422.114843750  0.007331101
1422.118750000  0.007300872
1422.122656250  0.007355535
1422.126562500  0.007389795
1422.130468750  0.007309084
1422.134375000  0.007315205
1422.138281250  0.007289507
1422.142187500  0.007259589
1422.146093750  0.007430766
1422.150000000  0.007352723
1422.153906250  0.007655479
1422.157812500  0.007352748
1422.161718750  0.007355075
1422.165625000  0.007364670
1422.169531250  0.007326416
1422.173437500  0.007340604
1422.177343750  0.007295047
1422.181250000  0.007333836
1422.185156250  0.007301994
1422.189062500  0.007244438
1422.192968750  0.007395568
1422.196875000  0.007316834
1422.200781250  0.007528771
1422.204687500  0.007319201
1422.208593750  0.007300047
1422.212500000  0.007279347
1422.216406250  0.007360143
1422.220312500  0.007377187
1422.224218750  0.007359007
1422.228125000  0.007402960
1422.232031250  0.007325024
1422.235937500  0.007365344
1422.239843750  0.007342206
1422.243750000  0.007332357
1422.247656250  0.007490595
1422.251562500  0.007344694
1422.255468750  0.007282064
1422.259375000  0.007278514
1422.263281250  0.007340607
1422.267187500  0.007385114
1422.271093750  0.007271868
1422.275000000  0.007333884
1422.278906250  0.007285042
1422.282812500  0.007322999
1422.286718750  0.007219353
1422.290625000  0.007329072
1422.294531250  0.007378725
1422.298437500  0.007475401
1422.302343750  0.007342283
1422.306250000  0.007307507
1422.310156250  0.007293004
1422.314062500  0.007277873
1422.317968750  0.007291567
1422.321875000  0.007288784
1422.325781250  0.007279977
1422.329687500  0.007209264
1422.333593750  0.007239573
1422.337500000  0.007317064
1422.341406250  0.007288855
1422.345312500  0.008058892
1422.349218750  0.007225077
1422.353125000  0.007306107
1422.357031250  0.007267702
1422.360937500  0.007283623
1422.364843750  0.007298257
1422.368750000  0.007312652
1422.372656250  0.007287729
1422.376562500  0.007270246
1422.380468750  0.007296629
1422.384375000  0.007296748
1422.388281250  0.007328538
1422.392187500  0.007826232
1422.396093750  0.007312149
1422.400000000  0.007250793
1422.403906250  0.007271628
1422.407812500  0.007313849
1422.411718750  0.007302082
1422.415625000  0.007339087
1422.419531250  0.007255489
1422.423437500  0.007293804
1422.427343750  0.007248996
1422.431250000  0.007283011
1422.435156250  0.007330543
1422.439062500  0.007343566
1422.442968750  0.007328188
1422.446875000  0.007281726
1422.450781250  0.007289171
1422.454687500  0.007312470
1422.458593750  0.007277769
1422.462500000  0.007367805
1422.466406250  0.007360251
1422.470312500  0.007220265
1422.474218750  0.007284606
1422.478125000  0.007337695
1422.482031250  0.007357448
1422.485937500  0.007370827
1422.489843750  0.007280109
1422.493750000  0.007227958
1422.497656250  0.007298340
1422.501562500  0.007327983
1422.505468750  0.007270080
1422.509375000  0.007413295
1422.513281250  0.007291835
1422.517187500  0.007328119
1422.521093750  0.007235056
1422.525000000  0.007247421
1422.528906250  0.007367555
1422.532812500  0.007309294
1422.536718750  0.007506807
1422.540625000  0.007300397
1422.544531250  0.007265582
1422.548437500  0.007337325
1422.552343750  0.007327834
1422.556250000  0.007363671
1422.560156250  0.007280406
1422.564062500  0.007308358
1422.567968750  0.007366636
1422.571875000  0.007308913
1422.575781250  0.007375174
1422.579687500  0.007322355
1422.583593750  0.007478705
1422.587500000  0.007577102
1422.591406250  0.007352754
1422.595312500  0.007308167
1422.599218750  0.007329978
1422.603125000  0.007315358
1422.607031250  0.007404203
1422.610937500  0.007326026
1422.614843750  0.007316109
1422.618750000  0.007296790
1422.622656250  0.007359692
1422.626562500  0.007377981
1422.630468750  0.007329851
1422.634375000  0.007489438
1422.638281250  0.007334360
1422.642187500  0.007310322
1422.646093750  0.007274500
1422.650000000  0.007372058
1422.653906250  0.007298934
1422.657812500  0.007355179
1422.661718750  0.007376559
1422.665625000  0.007370026
1422.669531250  0.007293075
1422.673437500  0.007328254
1422.677343750  0.007356732
1422.681250000  0.007340499
1422.685156250  0.007303649
1422.689062500  0.007274905
1422.692968750  0.007340519
1422.696875000  0.007289930
1422.700781250  0.007288910
1422.704687500  0.007278829
1422.708593750  0.007361152
1422.712500000  0.007361355
1422.716406250  0.007278864
1422.720312500  0.007262743
1422.724218750  0.007311637
1422.728125000  0.007264521
1422.732031250  0.007272299
1422.735937500  0.007304502
1422.739843750  0.007371309
1422.743750000  0.007354393
1422.747656250  0.007393386
1422.751562500  0.007313058
1422.755468750  0.007308762
1422.759375000  0.007337643
1422.763281250  0.007267491
1422.767187500  0.007316051
1422.771093750  0.007310877
1422.775000000  0.007296751
1422.778906250  0.007335398
1422.782812500  0.007265270
1422.786718750  0.007293067
1422.790625000  0.007296764
1422.794531250  0.007324301
1422.798437500  0.007342237
1422.802343750  0.007377263
1422.806250000  0.007263439
1422.810156250  0.007279826
1422.814062500  0.007250480
1422.817968750  0.007403876
1422.821875000  0.007296823
1422.825781250  0.007317166
1422.829687500  0.007282615
1422.833593750  0.007379409
1422.837500000  0.007239442
1422.841406250  0.007215469
1422.845312500  0.007308733
1422.849218750  0.007217727
1422.853125000  0.007377222
1422.857031250  0.007355501
1422.860937500  0.007280588
1422.864843750  0.007323375
1422.868750000  0.007264454
1422.872656250  0.007353380
1422.876562500  0.007332916
1422.880468750  0.007266474
1422.884375000  0.007343505
1422.888281250  0.007266293
1422.892187500  0.007282357
1422.896093750  0.007312690
1422.900000000  0.007326783
1422.903906250  0.007326928
1422.907812500  0.007318695
1422.911718750  0.007306345
1422.915625000  0.007331525
1422.919531250  0.007284315
1422.923437500  0.007190748
1422.927343750  0.007373373
1422.931250000  0.007307883
1422.935156250  0.007338631
1422.939062500  0.007302297
1422.942968750  0.007359751
1422.946875000  0.007253246
1422.950781250  0.007237502
1422.954687500  0.007327963
1422.958593750  0.007312846
1422.962500000  0.007333531
1422.966406250  0.007295776
1422.970312500  0.007327692
1422.974218750  0.007263507
1422.978125000  0.007271228
1422.982031250  0.007330647
1422.985937500  0.007314296
1422.989843750  0.007423373
1422.993750000  0.007303930
1422.997656250  0.007348999
1423.001562500  0.007312937
1423.005468750  0.007384442
1423.009375000  0.007359711
1423.013281250  0.007304534
1423.017187500  0.007281203
1423.021093750  0.007290338
1423.025000000  0.007316445
1423.028906250  0.007180674
1423.032812500  0.007244517
1423.036718750  0.007253280
1423.040625000  0.007303425
1423.044531250  0.007315010
1423.048437500  0.007286253
1423.052343750  0.007341167
1423.056250000  0.007399229
1423.060156250  0.007331417
1423.064062500  0.007301139
1423.067968750  0.007273682
1423.071875000  0.007300233
1423.075781250  0.007285184
1423.079687500  0.007298237
1423.083593750  0.007325290
1423.087500000  0.007281379
1423.091406250  0.007327592
1423.095312500  0.007308289
1423.099218750  0.007288433
1423.103125000  0.007387972
1423.107031250  0.007361406
1423.110937500  0.007314247
1423.114843750  0.007347304
1423.118750000  0.007279178
1423.122656250  0.007273582
1423.126562500  0.007308049
1423.130468750  0.007308580
1423.134375000  0.007341786
1423.138281250  0.007405963
1423.142187500  0.007324895
1423.146093750  0.007361712
1423.150000000  0.007316422
1423.153906250  0.007310018
1423.157812500  0.007379793
1423.161718750  0.007297085
1423.165625000  0.007353350
1423.169531250  0.007438186
1423.173437500  0.007352015
1423.177343750  0.007388230
1423.181250000  0.007322589
1423.185156250  0.007328876
1423.189062500  0.007345845
1423.192968750  0.007398375
1423.196875000  0.007314943
1423.200781250  0.007424813
1423.204687500  0.007375123
1423.208593750  0.007324383
1423.212500000  0.007361402
1423.216406250  0.007285105
1423.220312500  0.007367652
1423.224218750  0.007403953
1423.228125000  0.007346795
1423.232031250  0.007286220
1423.235937500  0.007370885
1423.239843750  0.007388539
1423.243750000  0.007405873
1423.247656250  0.007442971
1423.251562500  0.007401305
1423.255468750  0.007428775
1423.259375000  0.007377460
1423.263281250  0.007441755
1423.267187500  0.007369550
1423.271093750  0.007409974
1423.275000000  0.007417539
1423.278906250  0.007390046
1423.282812500  0.007399386
1423.286718750  0.007415412
1423.290625000  0.007389880
1423.294531250  0.007415100
1423.298437500  0.007338671
1423.302343750  0.007468984
1423.306250000  0.007470806
1423.310156250  0.007336297
1423.314062500  0.007426964
1423.317968750  0.007438204
1423.321875000  0.007399640
1423.325781250  0.007413733
1423.329687500  0.007377720
1423.333593750  0.007363015
1423.337500000  0.007377991
1423.341406250  0.007513617
1423.345312500  0.007419727
1423.349218750  0.007400247
1423.353125000  0.007368484
1423.357031250  0.007433079
1423.360937500  0.007450597
1423.364843750  0.007445685
1423.368750000  0.007480170
1423.372656250  0.007428968
1423.376562500  0.007452608
1423.380468750  0.007419378
1423.384375000  0.007400973
1423.388281250  0.007525771
1423.392187500  0.007516452
1423.396093750  0.007411698
1423.400000000  0.007407588
1423.403906250  0.007434174
1423.407812500  0.007409894
1423.411718750  0.007423726
1423.415625000  0.007493900
1423.419531250  0.007485980
1423.423437500  0.007447000
1423.427343750  0.007447831
1423.431250000  0.007483300
1423.435156250  0.007520897
1423.439062500  0.007561008
1423.442968750  0.007493511
1423.446875000  0.007469897
1423.450781250  0.007547002
1423.454687500  0.007506613
1423.458593750  0.007444889
1423.462500000  0.007483321
1423.466406250  0.007470631
1423.470312500  0.007517696
1423.474218750  0.007521084
1423.478125000  0.007524358
1423.482031250  0.007541771
1423.485937500  0.007641711
1423.489843750  0.007515035
1423.493750000  0.007484509
1423.497656250  0.007595409
1423.501562500  0.007527767
1423.505468750  0.007640509
1423.509375000  0.007553113
1423.513281250  0.007556470
1423.517187500  0.007490393
1423.521093750  0.007570951
1423.525000000  0.007525072
1423.528906250  0.007578489
1423.532812500  0.007648868
1423.536718750  0.007513247
1423.540625000  0.007573567
1423.544531250  0.007548194
1423.548437500  0.007595577
1423.552343750  0.007522248
1423.556250000  0.007590280
1423.560156250  0.007614154
1423.564062500  0.007502083
1423.567968750  0.007611863
1423.571875000  0.007614891
1423.575781250  0.007590081
1423.579687500  0.007595644
1423.583593750  0.007565342
1423.587500000  0.007595461
1423.591406250  0.007672871
1423.595312500  0.007620015
1423.599218750  0.007667705
1423.603125000  0.007638001
1423.607031250  0.007581929
1423.610937500  0.007635119
1423.614843750  0.007577609
1423.618750000  0.007623992
1423.622656250  0.007664503
1423.626562500  0.007645104
1423.630468750  0.007711278
1423.634375000  0.007587028
1423.638281250  0.007605468
1423.642187500  0.007575697
1423.646093750  0.007608820
1423.650000000  0.007633944
1423.653906250  0.007661350
1423.657812500  0.007646311
1423.661718750  0.007643430
1423.665625000  0.007585506
1423.669531250  0.007677862
1423.673437500  0.007657908
1423.677343750  0.007684577
1423.681250000  0.007616107
1423.685156250  0.007649644
1423.689062500  0.007696776
1423.692968750  0.007626989
1423.696875000  0.007693951
1423.700781250  0.007712541
1423.704687500  0.007642938
1423.708593750  0.007666811
1423.712500000  0.007616622
1423.716406250  0.007660799
1423.720312500  0.007709341
1423.724218750  0.007849035
1423.728125000  0.007680741
1423.732031250  0.007669660
1423.735937500  0.007793264
1423.739843750  0.007661544
1423.743750000  0.007731463
1423.747656250  0.007677053
1423.751562500  0.007691957
1423.755468750  0.007731388
1423.759375000  0.007712704
1423.763281250  0.007691721
1423.767187500  0.007781439
1423.771093750  0.007839132
1423.775000000  0.007717401
1423.778906250  0.007683159
1423.782812500  0.007741687
1423.786718750  0.007682518
1423.790625000  0.007656480
1423.794531250  0.007668495
1423.798437500  0.007722434
1423.802343750  0.007738768
1423.806250000  0.007767952
1423.810156250  0.007756832
1423.814062500  0.007748558
1423.817968750  0.007883317
1423.821875000  0.007791280
1423.825781250  0.007821647
1423.829687500  0.007730119
1423.833593750  0.007769566
1423.837500000  0.007761347
1423.841406250  0.007796784
1423.845312500  0.007797284
1423.849218750  0.007802328
1423.853125000  0.007707597
1423.857031250  0.007815838
1423.860937500  0.007751149
1423.864843750  0.007876608
1423.868750000  0.007739805
1423.872656250  0.007869066
1423.876562500  0.007833786
1423.880468750  0.007871721
1423.884375000  0.007866013
1423.888281250  0.007832048
1423.892187500  0.007805082
1423.896093750  0.007736649
1423.900000000  0.007825788
1423.903906250  0.007843396
1423.907812500  0.007753368
1423.911718750  0.007807337
1423.915625000  0.007893407
1423.919531250  0.007914807
1423.923437500  0.007884566
1423.927343750  0.007813930
1423.931250000  0.007865881
1423.935156250  0.007922427
1423.939062500  0.007805460
1423.942968750  0.007837780
1423.946875000  0.007851404
1423.950781250  0.007866994
1423.954687500  0.007869485
1423.958593750  0.007989265
1423.962500000  0.008074018
1423.966406250  0.007861403
1423.970312500  0.007942148
1423.974218750  0.007963728
1423.978125000  0.007991934
1423.982031250  0.008148411
1423.985937500  0.010589826
1423.989843750  0.010203980
1423.993750000  0.008356483
1423.997656250  0.009798775
1424.001562500  0.011308364
1424.005468750  0.008246231
1424.009375000  0.008295031
1424.013281250  0.007970685
1424.017187500  0.007967355
1424.021093750  0.007978503
1424.025000000  0.008032748
1424.028906250  0.007917648
1424.032812500  0.007978883
1424.036718750  0.008013157
1424.040625000  0.007903441
1424.044531250  0.008004780
1424.048437500  0.007964732
1424.052343750  0.007956263
1424.056250000  0.008130998
1424.060156250  0.008027861
1424.064062500  0.008066993
1424.067968750  0.007963571
1424.071875000  0.007959643
1424.075781250  0.007987069
1424.079687500  0.008012553
1424.083593750  0.008021725
1424.087500000  0.008030644
1424.091406250  0.007994854
1424.095312500  0.007959227
1424.099218750  0.008060727
1424.103125000  0.008176079
1424.107031250  0.008092700
1424.110937500  0.008042307
1424.114843750  0.008060455
1424.118750000  0.008051094
1424.122656250  0.007963130
1424.126562500  0.008038092
1424.130468750  0.008130895
1424.134375000  0.008129672
1424.138281250  0.008042524
1424.142187500  0.007999013
1424.146093750  0.008037447
1424.150000000  0.008120455
1424.153906250  0.008186399
1424.157812500  0.008069959
1424.161718750  0.008067738
1424.165625000  0.008093163
1424.169531250  0.008023706
1424.173437500  0.008044336
1424.177343750  0.008131193
1424.181250000  0.008014626
1424.185156250  0.008042984
1424.189062500  0.008126072
1424.192968750  0.008190233
1424.196875000  0.008093781
1424.200781250  0.008825461
1424.204687500  0.008116397
1424.208593750  0.008195559
1424.212500000  0.008118549
1424.216406250  0.008069569
1424.220312500  0.008154506
1424.224218750  0.008157389
1424.228125000  0.008140960
1424.232031250  0.008178925
1424.235937500  0.008056068
1424.239843750  0.008111091
1424.243750000  0.008106334
1424.247656250  0.008605670
1424.251562500  0.008292902
1424.255468750  0.008103471
1424.259375000  0.008120342
1424.263281250  0.008175663
1424.267187500  0.008241749
1424.271093750  0.008159308
1424.275000000  0.008219489
1424.278906250  0.008243096
1424.282812500  0.008116586
1424.286718750  0.008169273
1424.290625000  0.008185980
1424.294531250  0.008384414
1424.298437500  0.008234164
1424.302343750  0.008110463
1424.306250000  0.008196363
1424.310156250  0.008146437
1424.314062500  0.008164815
1424.317968750  0.008126751
1424.321875000  0.008142972
1424.325781250  0.008086254
1424.329687500  0.008145510
1424.333593750  0.008118954
1424.337500000  0.008144962
1424.341406250  0.008303865
1424.345312500  0.008152305
1424.349218750  0.008046955
1424.353125000  0.008104725
1424.357031250  0.008086938
1424.360937500  0.008163331
1424.364843750  0.008097563
1424.368750000  0.008135099
1424.372656250  0.008238678
1424.376562500  0.008137372
1424.380468750  0.008143437
1424.384375000  0.008201389
1424.388281250  0.008141664
1424.392187500  0.008479156
1424.396093750  0.008144500

