5000(10000)
1416.400000000  0.008014907
1416.403906250  0.007957848
1416.407812500  0.008011121
1416.411718750  0.008002712
1416.415625000  0.008010701
1416.419531250  0.008130701
1416.423437500  0.008016414
1416.427343750  0.008183214
1416.431250000  0.008061118
1416.435156250  0.007988985
1416.439062500  0.008113991
1416.442968750  0.008102850
1416.446875000  0.007962516
1416.450781250  0.008021572
1416.454687500  0.007963516
1416.458593750  0.007946153
1416.462500000  0.007913908
1416.466406250  0.007941641
1416.470312500  0.007944987
1416.474218750  0.007944740
1416.478125000  0.007914254
1416.482031250  0.008168733
1416.485937500  0.008149631
1416.489843750  0.008136893
1416.493750000  0.007956212
1416.497656250  0.007931106
1416.501562500  0.007853425
1416.505468750  0.007872413
1416.509375000  0.007937258
1416.513281250  0.007948798
1416.517187500  0.007937077
1416.521093750  0.007893645
1416.525000000  0.007950144
1416.528906250  0.007941186
1416.532812500  0.007936339
1416.536718750  0.008121596
1416.540625000  0.007934924
1416.544531250  0.007894263
1416.548437500  0.007915866
1416.552343750  0.007852967
1416.556250000  0.007799057
1416.560156250  0.007920854
1416.564062500  0.007891874
1416.567968750  0.007912341
1416.571875000  0.007804761
1416.575781250  0.007849195
1416.579687500  0.007955565
1416.583593750  0.007905372
1416.587500000  0.007875861
1416.591406250  0.007958268
1416.595312500  0.007931368
1416.599218750  0.007839569
1416.603125000  0.007859612
1416.607031250  0.007835405
1416.610937500  0.007831054
1416.614843750  0.007815378
1416.618750000  0.007819999
1416.622656250  0.007869141
1416.626562500  0.007966436
1416.630468750  0.007886416
1416.634375000  0.007914747
1416.638281250  0.007843131
1416.642187500  0.007915627
1416.646093750  0.008562485
1416.650000000  0.008133294
1416.653906250  0.008004210
1416.657812500  0.007858756
1416.661718750  0.007885225
1416.665625000  0.007819975
1416.669531250  0.007807353
1416.673437500  0.007692386
1416.677343750  0.007848251
1416.681250000  0.007688399
1416.685156250  0.007732033
1416.689062500  0.007683541
1416.692968750  0.007738627
1416.696875000  0.007820817
1416.700781250  0.008336061
1416.704687500  0.007941884
1416.708593750  0.007816120
1416.712500000  0.007728639
1416.716406250  0.007707852
1416.720312500  0.007721289
1416.724218750  0.007776276
1416.728125000  0.007739407
1416.732031250  0.007684451
1416.735937500  0.007600252
1416.739843750  0.007742531
1416.743750000  0.007686243
1416.747656250  0.007797797
1416.751562500  0.007959232
1416.755468750  0.009010564
1416.759375000  0.008181451
1416.763281250  0.007751735
1416.767187500  0.007767100
1416.771093750  0.007837710
1416.775000000  0.007634796
1416.778906250  0.007644076
1416.782812500  0.007636821
1416.786718750  0.007652662
1416.790625000  0.007640099
1416.794531250  0.007665362
1416.798437500  0.007634321
1416.802343750  0.007824828
1416.806250000  0.008092287
1416.810156250  0.011056280
1416.814062500  0.009218402
1416.817968750  0.008079707
1416.821875000  0.007781546
1416.825781250  0.007712510
1416.829687500  0.007735738
1416.833593750  0.007787749
1416.837500000  0.007753133
1416.841406250  0.007716222
1416.845312500  0.007762788
1416.849218750  0.007835206
1416.853125000  0.007874025
1416.857031250  0.008213719
1416.860937500  0.009125445
1416.864843750  0.018895337
1416.868750000  0.014343300
1416.872656250  0.008892558
1416.876562500  0.007992224
1416.880468750  0.007849090
1416.884375000  0.007684956
1416.888281250  0.007778212
1416.892187500  0.007801036
1416.896093750  0.007714894
1416.900000000  0.007661795
1416.903906250  0.007583484
1416.907812500  0.007648154
1416.911718750  0.007688089
1416.915625000  0.008099967
1416.919531250  0.011260787
1416.923437500  0.009521413
1416.927343750  0.007879175
1416.931250000  0.007630922
1416.935156250  0.007543677
1416.939062500  0.007569510
1416.942968750  0.007463795
1416.946875000  0.007470647
1416.950781250  0.007510756
1416.954687500  0.007442176
1416.958593750  0.007511747
1416.962500000  0.007563671
1416.966406250  0.007566901
1416.970312500  0.007749299
1416.974218750  0.009016226
1416.978125000  0.008320837
1416.982031250  0.007534024
1416.985937500  0.007447918
1416.989843750  0.007416591
1416.993750000  0.007445046
1416.997656250  0.007714453
1417.001562500  0.008209765
1417.005468750  0.007445560
1417.009375000  0.007463979
1417.013281250  0.007413005
1417.017187500  0.007329185
1417.021093750  0.007417657
1417.025000000  0.007623512
1417.028906250  0.008416143
1417.032812500  0.008284243
1417.036718750  0.007487615
1417.040625000  0.007337965
1417.044531250  0.007331711
1417.048437500  0.007379462
1417.052343750  0.007346183
1417.056250000  0.007373713
1417.060156250  0.007346628
1417.064062500  0.007405464
1417.067968750  0.007294211
1417.071875000  0.007339984
1417.075781250  0.007447247
1417.079687500  0.007645890
1417.083593750  0.008316721
1417.087500000  0.008124503
1417.091406250  0.007414791
1417.095312500  0.007387211
1417.099218750  0.007296381
1417.103125000  0.007333740
1417.107031250  0.007296651
1417.110937500  0.007252817
1417.114843750  0.007219458
1417.118750000  0.007186453
1417.122656250  0.007226361
1417.126562500  0.007286269
1417.130468750  0.007250501
1417.134375000  0.007283040
1417.138281250  0.007575967
1417.142187500  0.007501570
1417.146093750  0.007266741
1417.150000000  0.007217143
1417.153906250  0.007314028
1417.157812500  0.007213798
1417.161718750  0.007145842
1417.165625000  0.007137434
1417.169531250  0.007168612
1417.173437500  0.007172753
1417.177343750  0.007153130
1417.181250000  0.007135328
1417.185156250  0.007182039
1417.189062500  0.007153179
1417.192968750  0.007390309
1417.196875000  0.007427102
1417.200781250  0.007203150
1417.204687500  0.007057935
1417.208593750  0.007152351
1417.212500000  0.007097436
1417.216406250  0.007134241
1417.220312500  0.007086001
1417.224218750  0.007076298
1417.228125000  0.007055964
1417.232031250  0.007062296
1417.235937500  0.007040129
1417.239843750  0.007142847
1417.243750000  0.007090904
1417.247656250  0.007328477
1417.251562500  0.007321255
1417.255468750  0.007079770
1417.259375000  0.007053395
1417.263281250  0.007070140
1417.267187500  0.007023395
1417.271093750  0.007046002
1417.275000000  0.007010414
1417.278906250  0.007066917
1417.282812500  0.006945387
1417.286718750  0.007001815
1417.290625000  0.007078745
1417.294531250  0.007065954
1417.298437500  0.006993131
1417.302343750  0.007096360
1417.306250000  0.007171920
1417.310156250  0.006976735
1417.314062500  0.006984322
1417.317968750  0.006979753
1417.321875000  0.006929263
1417.325781250  0.006974185
1417.329687500  0.006984160
1417.333593750  0.006939310
1417.337500000  0.006987789
1417.341406250  0.006984827
1417.345312500  0.006937889
1417.349218750  0.006940441
1417.353125000  0.006970480
1417.357031250  0.006957903
1417.360937500  0.007032989
1417.364843750  0.006950484
1417.368750000  0.006977487
1417.372656250  0.006928726
1417.376562500  0.006930668
1417.380468750  0.006870711
1417.384375000  0.006894715
1417.388281250  0.006943856
1417.392187500  0.006936199
1417.396093750  0.006919264
1417.400000000  0.006979591
1417.403906250  0.006912149
1417.407812500  0.006944152
1417.411718750  0.006940765
1417.415625000  0.007013696
1417.419531250  0.006895295
1417.423437500  0.006825577
1417.427343750  0.006924025
1417.431250000  0.006878235
1417.435156250  0.006959219
1417.439062500  0.006908311
1417.442968750  0.006827587
1417.446875000  0.006833608
1417.450781250  0.006876245
1417.454687500  0.006864350
1417.458593750  0.006889423
1417.462500000  0.006866489
1417.466406250  0.006937781
1417.470312500  0.006921727
1417.474218750  0.006832504
1417.478125000  0.006874103
1417.482031250  0.006876627
1417.485937500  0.006926935
1417.489843750  0.006831484
1417.493750000  0.006869636
1417.497656250  0.006828683
1417.501562500  0.006867220
1417.505468750  0.006804519
1417.509375000  0.006849922
1417.513281250  0.006792389
1417.517187500  0.006797829
1417.521093750  0.006876729
1417.525000000  0.006849433
1417.528906250  0.006836703
1417.532812500  0.006859760
1417.536718750  0.006809822
1417.540625000  0.006764223
1417.544531250  0.006794805
1417.548437500  0.006751195
1417.552343750  0.006796938
1417.556250000  0.006828559
1417.560156250  0.006800967
1417.564062500  0.006787187
1417.567968750  0.006865088
1417.571875000  0.006778661
1417.575781250  0.006836368
1417.579687500  0.006964376
1417.583593750  0.006849022
1417.587500000  0.006727097
1417.591406250  0.006755593
1417.595312500  0.006786436
1417.599218750  0.006735442
1417.603125000  0.006744961
1417.607031250  0.006799761
1417.610937500  0.006688813
1417.614843750  0.006740837
1417.618750000  0.006778035
1417.622656250  0.006732819
1417.626562500  0.006780116
1417.630468750  0.006791422
1417.634375000  0.006925997
1417.638281250  0.006827944
1417.642187500  0.006786208
1417.646093750  0.006665946
1417.650000000  0.006785871
1417.653906250  0.006750355
1417.657812500  0.006718561
1417.661718750  0.006748241
1417.665625000  0.006732108
1417.669531250  0.006680314
1417.673437500  0.006758549
1417.677343750  0.006705394
1417.681250000  0.006721599
1417.685156250  0.006758000
1417.689062500  0.006823156
1417.692968750  0.006719184
1417.696875000  0.006658245
1417.700781250  0.006685407
1417.704687500  0.006692272
1417.708593750  0.006699686
1417.712500000  0.006719151
1417.716406250  0.006717091
1417.720312500  0.006712650
1417.724218750  0.006806183
1417.728125000  0.006713819
1417.732031250  0.006620213
1417.735937500  0.006639976
1417.739843750  0.006694174
1417.743750000  0.006770214
1417.747656250  0.006678576
1417.751562500  0.006702386
1417.755468750  0.006697488
1417.759375000  0.006700317
1417.763281250  0.006649177
1417.767187500  0.006659335
1417.771093750  0.006780255
1417.775000000  0.006670887
1417.778906250  0.006690189
1417.782812500  0.006707873
1417.786718750  0.006638419
1417.790625000  0.006720406
1417.794531250  0.006712934
1417.798437500  0.006767052
1417.802343750  0.006595323
1417.806250000  0.006682237
1417.810156250  0.006663231
1417.814062500  0.006708404
1417.817968750  0.006727410
1417.821875000  0.006647992
1417.825781250  0.006667664
1417.829687500  0.006655527
1417.833593750  0.006684891
1417.837500000  0.006627757
1417.841406250  0.006637590
1417.845312500  0.006568214
1417.849218750  0.006617862
1417.853125000  0.006719666
1417.857031250  0.006652160
1417.860937500  0.006665626
1417.864843750  0.006675286
1417.868750000  0.006684708
1417.872656250  0.006649595
1417.876562500  0.006615510
1417.880468750  0.006597141
1417.884375000  0.006606669
1417.888281250  0.006621806
1417.892187500  0.006600210
1417.896093750  0.006587315
1417.900000000  0.006600662
1417.903906250  0.006653150
1417.907812500  0.006741519
1417.911718750  0.006636997
1417.915625000  0.006660907
1417.919531250  0.006616554
1417.923437500  0.006715719
1417.927343750  0.006611359
1417.931250000  0.006615459
1417.935156250  0.006620839
1417.939062500  0.006608243
1417.942968750  0.006588324
1417.946875000  0.006615655
1417.950781250  0.006598152
1417.954687500  0.006593700
1417.958593750  0.006632823
1417.962500000  0.006699973
1417.966406250  0.006643939
1417.970312500  0.006580381
1417.974218750  0.006612973
1417.978125000  0.006622361
1417.982031250  0.006602733
1417.985937500  0.006612708
1417.989843750  0.006565639
1417.993750000  0.006560413
1417.997656250  0.006576941
1418.001562500  0.006550083
1418.005468750  0.006517844
1418.009375000  0.006686236
1418.013281250  0.006546305
1418.017187500  0.006695179
1418.021093750  0.006555274
1418.025000000  0.006551108
1418.028906250  0.006545328
1418.032812500  0.006567888
1418.036718750  0.006531530
1418.040625000  0.006647922
1418.044531250  0.006582399
1418.048437500  0.006564744
1418.052343750  0.006563579
1418.056250000  0.006694660
1418.060156250  0.006590329
1418.064062500  0.006574280
1418.067968750  0.006597380
1418.071875000  0.006664283
1418.075781250  0.006602845
1418.079687500  0.006522416
1418.083593750  0.006551920
1418.087500000  0.006602237
1418.091406250  0.006580109
1418.095312500  0.006575381
1418.099218750  0.006525062
1418.103125000  0.006624142
1418.107031250  0.006620587
1418.110937500  0.006542993
1418.114843750  0.006528668
1418.118750000  0.006537545
1418.122656250  0.006590520
1418.126562500  0.006656239
1418.130468750  0.006530481
1418.134375000  0.006542505
1418.138281250  0.006580484
1418.142187500  0.006541471
1418.146093750  0.006517612
1418.150000000  0.006493406
1418.153906250  0.006633411
1418.157812500  0.006544366
1418.161718750  0.006533024
1418.165625000  0.006565604
1418.169531250  0.006567943
1418.173437500  0.006565091
1418.177343750  0.006513113
1418.181250000  0.006603445
1418.185156250  0.006590397
1418.189062500  0.006532576
1418.192968750  0.006569057
1418.196875000  0.006602209
1418.200781250  0.006628640
1418.204687500  0.006523570
1418.208593750  0.006544580
1418.212500000  0.006540874
1418.216406250  0.006523495
1418.220312500  0.006555698
1418.224218750  0.006552536
1418.228125000  0.006529311
1418.232031250  0.006514195
1418.235937500  0.006563590
1418.239843750  0.006551375
1418.243750000  0.006570334
1418.247656250  0.006624882
1418.251562500  0.006470583
1418.255468750  0.006541575
1418.259375000  0.006502726
1418.263281250  0.006575575
1418.267187500  0.006526929
1418.271093750  0.006503551
1418.275000000  0.006481836
1418.278906250  0.006519717
1418.282812500  0.006562653
1418.286718750  0.006526542
1418.290625000  0.006646396
1418.294531250  0.006559126
1418.298437500  0.006568747
1418.302343750  0.006496971
1418.306250000  0.006493535
1418.310156250  0.006559274
1418.314062500  0.006496358
1418.317968750  0.006534380
1418.321875000  0.006518446
1418.325781250  0.006545507
1418.329687500  0.006518291
1418.333593750  0.006536439
1418.337500000  0.006539701
1418.341406250  0.006548856
1418.345312500  0.006604031
1418.349218750  0.006513017
1418.353125000  0.006495710
1418.357031250  0.006535162
1418.360937500  0.006578535
1418.364843750  0.006571752
1418.368750000  0.006528538
1418.372656250  0.006521093
1418.376562500  0.006509516
1418.380468750  0.006503838
1418.384375000  0.006498555
1418.388281250  0.006527115
1418.392187500  0.006563401
1418.396093750  0.006577422
1418.400000000  0.006607279
1418.403906250  0.006494855
1418.407812500  0.006468499
1418.411718750  0.006495624
1418.415625000  0.006534954
1418.419531250  0.006593333
1418.423437500  0.006548441
1418.427343750  0.006545895
1418.431250000  0.006533329
1418.435156250  0.006486409
1418.439062500  0.006544139
1418.442968750  0.006546766
1418.446875000  0.006542840
1418.450781250  0.006493987
1418.454687500  0.006628140
1418.458593750  0.006567774
1418.462500000  0.006487292
1418.466406250  0.006545449
1418.470312500  0.006566871
1418.474218750  0.006535688
1418.478125000  0.006499632
1418.482031250  0.006524595
1418.485937500  0.006518841
1418.489843750  0.006524657
1418.493750000  0.006565295
1418.497656250  0.006497988
1418.501562500  0.006557340
1418.505468750  0.006502426
1418.509375000  0.006594808
1418.513281250  0.006539816
1418.517187500  0.006521252
1418.521093750  0.006551848
1418.525000000  0.006562960
1418.528906250  0.006518853
1418.532812500  0.006599496
1418.536718750  0.006522336
1418.540625000  0.006490273
1418.544531250  0.006562852
1418.548437500  0.006521930
1418.552343750  0.006550427
1418.556250000  0.006504127
1418.560156250  0.006558262
1418.564062500  0.006540900
1418.567968750  0.006523529
1418.571875000  0.006520386
1418.575781250  0.006587614
1418.579687500  0.006581592
1418.583593750  0.006574923
1418.587500000  0.006532690
1418.591406250  0.006525833
1418.595312500  0.006511203
1418.599218750  0.006526237
1418.603125000  0.006496455
1418.607031250  0.006573910
1418.610937500  0.006494590
1418.614843750  0.006514550
1418.618750000  0.006573690
1418.622656250  0.006557825
1418.626562500  0.006632576
1418.630468750  0.006615956
1418.634375000  0.006601849
1418.638281250  0.006518964
1418.642187500  0.006511725
1418.646093750  0.006580881
1418.650000000  0.006521115
1418.653906250  0.006515489
1418.657812500  0.006541375
1418.661718750  0.006466127
1418.665625000  0.006537628
1418.669531250  0.006502224
1418.673437500  0.006631870
1418.677343750  0.006585034
1418.681250000  0.006555472
1418.685156250  0.006489636
1418.689062500  0.006506897
1418.692968750  0.006494885
1418.696875000  0.006618440
1418.700781250  0.006488161
1418.704687500  0.006563174
1418.708593750  0.006591918
1418.712500000  0.006560779
1418.716406250  0.006544497
1418.720312500  0.006500858
1418.724218750  0.006605031
1418.728125000  0.006629570
1418.732031250  0.006558011
1418.735937500  0.006475328
1418.739843750  0.006533764
1418.743750000  0.006574952
1418.747656250  0.006555132
1418.751562500  0.006553373
1418.755468750  0.006542804
1418.759375000  0.006594919
1418.763281250  0.006510914
1418.767187500  0.006531483
1418.771093750  0.006579990
1418.775000000  0.006586033
1418.778906250  0.006503930
1418.782812500  0.006534201
1418.786718750  0.006564452
1418.790625000  0.006502009
1418.794531250  0.006616333
1418.798437500  0.006496676
1418.802343750  0.006548743
1418.806250000  0.006557579
1418.810156250  0.006496416
1418.814062500  0.006575263
1418.817968750  0.006587390
1418.821875000  0.006522251
1418.825781250  0.006502847
1418.829687500  0.006510924
1418.833593750  0.006539745
1418.837500000  0.006651838
1418.841406250  0.006572980
1418.845312500  0.006524134
1418.849218750  0.006563685
1418.853125000  0.006559867
1418.857031250  0.006561769
1418.860937500  0.006527751
1418.864843750  0.006569129
1418.868750000  0.006583724
1418.872656250  0.006540500
1418.876562500  0.006586969
1418.880468750  0.006537013
1418.884375000  0.006537460
1418.888281250  0.006521422
1418.892187500  0.006606295
1418.896093750  0.006536594
1418.900000000  0.006458330
1418.903906250  0.006596626
1418.907812500  0.006548877
1418.911718750  0.006577937
1418.915625000  0.006570553
1418.919531250  0.006551915
1418.923437500  0.006563916
1418.927343750  0.006560545
1418.931250000  0.006532486
1418.935156250  0.006581127
1418.939062500  0.006561044
1418.942968750  0.006497436
1418.946875000  0.006534455
1418.950781250  0.006528842
1418.954687500  0.006544847
1418.958593750  0.006580117
1418.962500000  0.006646508
1418.966406250  0.006532893
1418.970312500  0.006569827
1418.974218750  0.006485838
1418.978125000  0.006593299
1418.982031250  0.006469038
1418.985937500  0.006557686
1418.989843750  0.006564049
1418.993750000  0.006566289
1418.997656250  0.006503945
1419.001562500  0.006565828
1419.005468750  0.006561372
1419.009375000  0.006630242
1419.013281250  0.006571343
1419.017187500  0.006565046
1419.021093750  0.006569381
1419.025000000  0.006567197
1419.028906250  0.006543437
1419.032812500  0.006631381
1419.036718750  0.006586136
1419.040625000  0.006560659
1419.044531250  0.006584319
1419.048437500  0.006595637
1419.052343750  0.006645240
1419.056250000  0.006655825
1419.060156250  0.006613608
1419.064062500  0.006612900
1419.067968750  0.006587530
1419.071875000  0.006533850
1419.075781250  0.006508478
1419.079687500  0.006581018
1419.083593750  0.006642800
1419.087500000  0.006599378
1419.091406250  0.006560327
1419.095312500  0.006659287
1419.099218750  0.006586988
1419.103125000  0.006675042
1419.107031250  0.006574390
1419.110937500  0.006637832
1419.114843750  0.006575564
1419.118750000  0.006600656
1419.122656250  0.006588479
1419.126562500  0.006593288
1419.130468750  0.006543372
1419.134375000  0.006971993
1419.138281250  0.006581815
1419.142187500  0.006589125
1419.146093750  0.006573952
1419.150000000  0.006572110
1419.153906250  0.006611946
1419.157812500  0.006546039
1419.161718750  0.006560605
1419.165625000  0.006596683
1419.169531250  0.006556083
1419.173437500  0.006599272
1419.177343750  0.006567355
1419.181250000  0.006589551
1419.185156250  0.006564750
1419.189062500  0.006573550
1419.192968750  0.006584860
1419.196875000  0.006610571
1419.200781250  0.006708554
1419.204687500  0.006576872
1419.208593750  0.006587617
1419.212500000  0.006619900
1419.216406250  0.006572312
1419.220312500  0.006661248
1419.224218750  0.006613905
1419.228125000  0.006525873
1419.232031250  0.006577137
1419.235937500  0.006517587
1419.239843750  0.006562410
1419.243750000  0.006546720
1419.247656250  0.006622576
1419.251562500  0.006547851
1419.255468750  0.006580339
1419.259375000  0.006589833
1419.263281250  0.006599848
1419.267187500  0.006558147
1419.271093750  0.006634749
1419.275000000  0.006677365
1419.278906250  0.006585750
1419.282812500  0.006575040
1419.286718750  0.006582676
1419.290625000  0.006609770
1419.294531250  0.006698707
1419.298437500  0.006615540
1419.302343750  0.006547758
1419.306250000  0.006553906
1419.310156250  0.006625269
1419.314062500  0.006512108
1419.317968750  0.006635495
1419.321875000  0.006619381
1419.325781250  0.006561873
1419.329687500  0.006609285
1419.333593750  0.006612699
1419.337500000  0.006569144
1419.341406250  0.006614600
1419.345312500  0.006602357
1419.349218750  0.006559314
1419.353125000  0.006591280
1419.357031250  0.006542181
1419.360937500  0.006568892
1419.364843750  0.006574273
1419.368750000  0.006628505
1419.372656250  0.006563010
1419.376562500  0.006519466
1419.380468750  0.006578910
1419.384375000  0.006589710
1419.388281250  0.006665690
1419.392187500  0.006606874
1419.396093750  0.006606471
1419.400000000  0.006601523
1419.403906250  0.006631393
1419.407812500  0.006559853
1419.411718750  0.006589425
1419.415625000  0.006543119
1419.419531250  0.006647549
1419.423437500  0.006620644
1419.427343750  0.006562494
1419.431250000  0.006594783
1419.435156250  0.006661964
1419.439062500  0.006702110
1419.442968750  0.006545363
1419.446875000  0.006584208
1419.450781250  0.006617231
1419.454687500  0.006556138
1419.458593750  0.006579290
1419.462500000  0.006615538
1419.466406250  0.006597706
1419.470312500  0.006586516
1419.474218750  0.006559762
1419.478125000  0.006574528
1419.482031250  0.006606634
1419.485937500  0.006657597
1419.489843750  0.006611509
1419.493750000  0.006604910
1419.497656250  0.006634800
1419.501562500  0.006545699
1419.505468750  0.006591814
1419.509375000  0.006589057
1419.513281250  0.006613635
1419.517187500  0.006587403
1419.521093750  0.006597323
1419.525000000  0.006498276
1419.528906250  0.006561521
1419.532812500  0.006708404
1419.536718750  0.006535362
1419.540625000  0.006560191
1419.544531250  0.006573247
1419.548437500  0.006553099
1419.552343750  0.006639110
1419.556250000  0.006546141
1419.560156250  0.006603122
1419.564062500  0.006601164
1419.567968750  0.006586133
1419.571875000  0.006575883
1419.575781250  0.006570689
1419.579687500  0.006654635
1419.583593750  0.006616025
1419.587500000  0.006530113
1419.591406250  0.006578829
1419.595312500  0.006609344
1419.599218750  0.006555850
1419.603125000  0.006599842
1419.607031250  0.006611298
1419.610937500  0.006549478
1419.614843750  0.006526871
1419.618750000  0.006623306
1419.622656250  0.006538489
1419.626562500  0.006598388
1419.630468750  0.006624037
1419.634375000  0.006601922
1419.638281250  0.006610935
1419.642187500  0.006593672
1419.646093750  0.006581548
1419.650000000  0.006602088
1419.653906250  0.006536665
1419.657812500  0.006595227
1419.661718750  0.006625192
1419.665625000  0.006599843
1419.669531250  0.006592816
1419.673437500  0.006636782
1419.677343750  0.006618882
1419.681250000  0.006573371
1419.685156250  0.006645917
1419.689062500  0.006619369
1419.692968750  0.006568287
1419.696875000  0.006563426
1419.700781250  0.006656285
1419.704687500  0.006602298
1419.708593750  0.006543086
1419.712500000  0.006588161
1419.716406250  0.006610800
1419.720312500  0.006620834
1419.724218750  0.006671631
1419.728125000  0.006657311
1419.732031250  0.006609021
1419.735937500  0.006608621
1419.739843750  0.006617941
1419.743750000  0.006591803
1419.747656250  0.006673191
1419.751562500  0.006538817
1419.755468750  0.006624632
1419.759375000  0.006552530
1419.763281250  0.006626545
1419.767187500  0.006629907
1419.771093750  0.006686298
1419.775000000  0.006656661
1419.778906250  0.006650501
1419.782812500  0.006649596
1419.786718750  0.006591751
1419.790625000  0.006671710
1419.794531250  0.006588463
1419.798437500  0.006650788
1419.802343750  0.006615584
1419.806250000  0.006662154
1419.810156250  0.006654403
1419.814062500  0.006596462
1419.817968750  0.006660089
1419.821875000  0.006674087
1419.825781250  0.006603875
1419.829687500  0.006612707
1419.833593750  0.006629855
1419.837500000  0.006613614
1419.841406250  0.006640425
1419.845312500  0.006604888
1419.849218750  0.006704272
1419.853125000  0.006669343
1419.857031250  0.006646162
1419.860937500  0.006643963
1419.864843750  0.006666636
1419.868750000  0.006612539
1419.872656250  0.006642332
1419.876562500  0.006560577
1419.880468750  0.006706597
1419.884375000  0.006620585
1419.888281250  0.006704702
1419.892187500  0.006588115
1419.896093750  0.006623790
1419.900000000  0.006673463
1419.903906250  0.006621518
1419.907812500  0.006672703
1419.911718750  0.006718229
1419.915625000  0.006757277
1419.919531250  0.006670973
1419.923437500  0.006702738
1419.927343750  0.006616229
1419.931250000  0.006697458
1419.935156250  0.006654985
1419.939062500  0.006620055
1419.942968750  0.006631606
1419.946875000  0.006634318
1419.950781250  0.006704792
1419.954687500  0.006720333
1419.958593750  0.006674950
1419.962500000  0.006679052
1419.966406250  0.006586154
1419.970312500  0.006665573
1419.974218750  0.006658350
1419.978125000  0.006701187
1419.982031250  0.006706373
1419.985937500  0.006813525
1419.989843750  0.006874087
1419.993750000  0.006831933
1419.997656250  0.007504721
1420.001562500  0.008360463
1420.005468750  0.006831818
1420.009375000  0.006755479
1420.013281250  0.006679088
1420.017187500  0.006711885
1420.021093750  0.006723616
1420.025000000  0.006740752
1420.028906250  0.006623887
1420.032812500  0.006661945
1420.036718750  0.006690041
1420.040625000  0.006634868
1420.044531250  0.006724431
1420.048437500  0.006693409
1420.052343750  0.006662047
1420.056250000  0.006758063
1420.060156250  0.006664630
1420.064062500  0.006729142
1420.067968750  0.006726524
1420.071875000  0.006696738
1420.075781250  0.006693092
1420.079687500  0.006652118
1420.083593750  0.006704416
1420.087500000  0.006712116
1420.091406250  0.006662639
1420.095312500  0.006700743
1420.099218750  0.006716579
1420.103125000  0.006694992
1420.107031250  0.006697419
1420.110937500  0.006699665
1420.114843750  0.006711926
1420.118750000  0.006719460
1420.122656250  0.006717964
1420.126562500  0.006678052
1420.130468750  0.006733423
1420.134375000  0.006702955
1420.138281250  0.006703141
1420.142187500  0.006649338
1420.146093750  0.006651914
1420.150000000  0.006796850
1420.153906250  0.006696292
1420.157812500  0.006706623
1420.161718750  0.006754773
1420.165625000  0.006647787
1420.169531250  0.006729409
1420.173437500  0.006717942
1420.177343750  0.006657228
1420.181250000  0.006702542
1420.185156250  0.006657412
1420.189062500  0.006702125
1420.192968750  0.006740350
1420.196875000  0.006711933
1420.200781250  0.006746483
1420.204687500  0.006726154
1420.208593750  0.006744964
1420.212500000  0.006708662
1420.216406250  0.006694370
1420.220312500  0.006671337
1420.224218750  0.006717090
1420.228125000  0.006679946
1420.232031250  0.006727855
1420.235937500  0.006698910
1420.239843750  0.006702169
1420.243750000  0.006684467
1420.247656250  0.006742998
1420.251562500  0.006656298
1420.255468750  0.006698520
1420.259375000  0.006761263
1420.263281250  0.006757651
1420.267187500  0.006719436
1420.271093750  0.006710915
1420.275000000  0.006749747
1420.278906250  0.006765356
1420.282812500  0.006641484
1420.286718750  0.006718783
1420.290625000  0.006630648
1420.294531250  0.006820536
1420.298437500  0.006724776
1420.302343750  0.006722618
1420.306250000  0.006740570
1420.310156250  0.006721001
1420.314062500  0.006742824
1420.317968750  0.006770377
1420.321875000  0.006761320
1420.325781250  0.006735314
1420.329687500  0.006745041
1420.333593750  0.006710433
1420.337500000  0.006792155
1420.341406250  0.006842583
1420.345312500  0.006828519
1420.349218750  0.006771097
1420.353125000  0.006751134
1420.357031250  0.006743372
1420.360937500  0.006774899
1420.364843750  0.006860853
1420.368750000  0.006848484
1420.372656250  0.006866593
1420.376562500  0.006908068
1420.380468750  0.006876753
1420.384375000  0.006887469
1420.388281250  0.006940562
1420.392187500  0.006939929
1420.396093750  0.006864949
1420.400000000  0.007664343
1420.403906250  0.006866356
1420.407812500  0.006810286
1420.411718750  0.006928163
1420.415625000  0.006873625
1420.419531250  0.006856490
1420.423437500  0.006896011
1420.427343750  0.006948169
1420.431250000  0.006835017
1420.435156250  0.006911352
1420.439062500  0.006873250
1420.442968750  0.006859946
1420.446875000  0.006865872
1420.450781250  0.006812622
1420.454687500  0.006823357
1420.458593750  0.006786247
1420.462500000  0.006831966
1420.466406250  0.006826811
1420.470312500  0.006798342
1420.474218750  0.006795165
1420.478125000  0.006756923
1420.482031250  0.006761302
1420.485937500  0.006829227
1420.489843750  0.006812627
1420.493750000  0.006757365
1420.497656250  0.006734960
1420.501562500  0.006687368
1420.505468750  0.006781075
1420.509375000  0.006753781
1420.513281250  0.006822370
1420.517187500  0.006785097
1420.521093750  0.006791187
1420.525000000  0.006722946
1420.528906250  0.006765436
1420.532812500  0.006736795
1420.536718750  0.006726934
1420.540625000  0.006758517
1420.544531250  0.006700209
1420.548437500  0.006715121
1420.552343750  0.006721948
1420.556250000  0.006763196
1420.560156250  0.006760217
1420.564062500  0.006743702
1420.567968750  0.006699255
1420.571875000  0.006761924
1420.575781250  0.006769899
1420.579687500  0.006779408
1420.583593750  0.006728891
1420.587500000  0.006708497
1420.591406250  0.006729144
1420.595312500  0.006660757
1420.599218750  0.006657643
1420.603125000  0.006685419
1420.607031250  0.006732615
1420.610937500  0.006729053
1420.614843750  0.006692589
1420.618750000  0.006799450
1420.622656250  0.006790581
1420.626562500  0.006782212
1420.630468750  0.006667577
1420.634375000  0.006691788
1420.638281250  0.006718106
1420.642187500  0.006682413
1420.646093750  0.006728413
1420.650000000  0.006722014
1420.653906250  0.006737265
1420.657812500  0.006751919
1420.661718750  0.006740751
1420.665625000  0.006725549
1420.669531250  0.006719275
1420.673437500  0.006698078
1420.677343750  0.006765776
1420.681250000  0.006746740
1420.685156250  0.006656970
1420.689062500  0.006745943
1420.692968750  0.006662748
1420.696875000  0.006737147
1420.700781250  0.006724230
1420.704687500  0.006697468
1420.708593750  0.006699986
1420.712500000  0.006657759
1420.716406250  0.006686791
1420.720312500  0.006715111
1420.724218750  0.006767833
1420.728125000  0.006729197
1420.732031250  0.006744455
1420.735937500  0.006762166
1420.739843750  0.006730808
1420.743750000  0.006692502
1420.747656250  0.006769795
1420.751562500  0.006769928
1420.755468750  0.006755631
1420.759375000  0.006770518
1420.763281250  0.006765481
1420.767187500  0.006765888
1420.771093750  0.006741445
1420.775000000  0.006743941
1420.778906250  0.006721694
1420.782812500  0.006784324
1420.786718750  0.006749476
1420.790625000  0.006765374
1420.794531250  0.006712745
1420.798437500  0.006756481
1420.802343750  0.006739635
1420.806250000  0.006715209
1420.810156250  0.006745194
1420.814062500  0.006692028
1420.817968750  0.006767770
1420.821875000  0.006736258
1420.825781250  0.006727287
1420.829687500  0.006747842
1420.833593750  0.006743824
1420.837500000  0.006799846
1420.841406250  0.006814941
1420.845312500  0.006696908
1420.849218750  0.006746009
1420.853125000  0.006762717
1420.857031250  0.006681097
1420.860937500  0.006691413
1420.864843750  0.006757242
1420.868750000  0.006764157
1420.872656250  0.006791959
1420.876562500  0.006709441
1420.880468750  0.006724859
1420.884375000  0.006742947
1420.888281250  0.006777771
1420.892187500  0.006835084
1420.896093750  0.006719561
1420.900000000  0.006730985
1420.903906250  0.006756739
1420.907812500  0.006705647
1420.911718750  0.006807577
1420.915625000  0.006791502
1420.919531250  0.006760977
1420.923437500  0.006763121
1420.927343750  0.006780890
1420.931250000  0.006709294
1420.935156250  0.006729284
1420.939062500  0.006744965
1420.942968750  0.006775952
1420.946875000  0.006811604
1420.950781250  0.006754925
1420.954687500  0.006786998
1420.958593750  0.006719532
1420.962500000  0.006771086
1420.966406250  0.006712756
1420.970312500  0.006822296
1420.974218750  0.006770676
1420.978125000  0.006767269
1420.982031250  0.006829983
1420.985937500  0.006773157
1420.989843750  0.006805629
1420.993750000  0.006780593
1420.997656250  0.006758580
1421.001562500  0.006845724
1421.005468750  0.006837584
1421.009375000  0.006749623
1421.013281250  0.006850777
1421.017187500  0.006745255
1421.021093750  0.006808267
1421.025000000  0.006794472
1421.028906250  0.006798284
1421.032812500  0.006809534
1421.036718750  0.006824207
1421.040625000  0.006783332
1421.044531250  0.006771107
1421.048437500  0.006788629
1421.052343750  0.006785329
1421.056250000  0.006826028
1421.060156250  0.006752486
1421.064062500  0.006884556
1421.067968750  0.006783604
1421.071875000  0.006827930
1421.075781250  0.006853217
1421.079687500  0.006715132
1421.083593750  0.006864197
1421.087500000  0.006789871
1421.091406250  0.006902639
1421.095312500  0.006748588
1421.099218750  0.006811499
1421.103125000  0.006791754
1421.107031250  0.006849771
1421.110937500  0.006822388
1421.114843750  0.006783882
1421.118750000  0.006879026
1421.122656250  0.006812200
1421.126562500  0.006820741
1421.130468750  0.006797117
1421.134375000  0.006880640
1421.138281250  0.006829849
1421.142187500  0.006808688
1421.146093750  0.006795326
1421.150000000  0.006805998
1421.153906250  0.006794251
1421.157812500  0.006759433
1421.161718750  0.006762064
1421.165625000  0.006809773
1421.169531250  0.006849205
1421.173437500  0.006818413
1421.177343750  0.006891569
1421.181250000  0.006880495
1421.185156250  0.006871563
1421.189062500  0.006927645
1421.192968750  0.006861604
1421.196875000  0.006783839
1421.200781250  0.006885427
1421.204687500  0.006789040
1421.208593750  0.006860530
1421.212500000  0.006897534
1421.216406250  0.006827355
1421.220312500  0.006860754
1421.224218750  0.006865892
1421.228125000  0.006848221
1421.232031250  0.006897738
1421.235937500  0.006780214
1421.239843750  0.006904000
1421.243750000  0.006843788
1421.247656250  0.006855211
1421.251562500  0.006818057
1421.255468750  0.006857369
1421.259375000  0.006776427
1421.263281250  0.006860609
1421.267187500  0.006863462
1421.271093750  0.006821223
1421.275000000  0.006829850
1421.278906250  0.006845182
1421.282812500  0.006885446
1421.286718750  0.006940823
1421.290625000  0.006807386
1421.294531250  0.006904618
1421.298437500  0.006913214
1421.302343750  0.006836077
1421.306250000  0.006947669
1421.310156250  0.006849318
1421.314062500  0.006861459
1421.317968750  0.006819059
1421.321875000  0.006918824
1421.325781250  0.006860595
1421.329687500  0.006855029
1421.333593750  0.006862907
1421.337500000  0.006899443
1421.341406250  0.006912084
1421.345312500  0.006827433
1421.349218750  0.006879667
1421.353125000  0.006848906
1421.357031250  0.006845648
1421.360937500  0.006824844
1421.364843750  0.006915800
1421.368750000  0.006888054
1421.372656250  0.006928805
1421.376562500  0.006833567
1421.380468750  0.006850549
1421.384375000  0.006911204
1421.388281250  0.006898574
1421.392187500  0.006860275
1421.396093750  0.006914739
1421.400000000  0.006924913
1421.403906250  0.006936435
1421.407812500  0.006917412
1421.411718750  0.006934983
1421.415625000  0.006919801
1421.419531250  0.006861306
1421.423437500  0.006860991
1421.427343750  0.006900332
1421.431250000  0.006895658
1421.435156250  0.006893691
1421.439062500  0.006911855
1421.442968750  0.006791224
1421.446875000  0.006891979
1421.450781250  0.006854879
1421.454687500  0.006890312
1421.458593750  0.006939634
1421.462500000  0.006932482
1421.466406250  0.006829161
1421.470312500  0.006933604
1421.474218750  0.006888926
1421.478125000  0.006924683
1421.482031250  0.006859458
1421.485937500  0.006890418
1421.489843750  0.006840202
1421.493750000  0.006922279
1421.497656250  0.006857457
1421.501562500  0.006924361
1421.505468750  0.006961069
1421.509375000  0.006962594
1421.513281250  0.006981900
1421.517187500  0.006945080
1421.521093750  0.006918029
1421.525000000  0.006902656
1421.528906250  0.006876522
1421.532812500  0.007012949
1421.536718750  0.006938664
1421.540625000  0.006884369
1421.544531250  0.006982181
1421.548437500  0.006993390
1421.552343750  0.006939315
1421.556250000  0.006928617
1421.560156250  0.006943088
1421.564062500  0.006906522
1421.567968750  0.006902647
1421.571875000  0.006938620
1421.575781250  0.006988305
1421.579687500  0.006964152
1421.583593750  0.006961578
1421.587500000  0.006940848
1421.591406250  0.006951501
1421.595312500  0.006936848
1421.599218750  0.006902179
1421.603125000  0.006888008
1421.607031250  0.006940785
1421.610937500  0.006901925
1421.614843750  0.006948325
1421.618750000  0.007004981
1421.622656250  0.006923707
1421.626562500  0.006996009
1421.630468750  0.006932081
1421.634375000  0.006921537
1421.638281250  0.006980155
1421.642187500  0.006892343
1421.646093750  0.006891441
1421.650000000  0.006985256
1421.653906250  0.006966019
1421.657812500  0.006961639
1421.661718750  0.006853875
1421.665625000  0.006945553
1421.669531250  0.007041539
1421.673437500  0.006949061
1421.677343750  0.006938668
1421.681250000  0.006999667
1421.685156250  0.006893111
1421.689062500  0.006859504
1421.692968750  0.006967740
1421.696875000  0.006863784
1421.700781250  0.006976062
1421.704687500  0.006894975
1421.708593750  0.006983240
1421.712500000  0.006876778
1421.716406250  0.006929465
1421.720312500  0.006991073
1421.724218750  0.006950123
1421.728125000  0.006947685
1421.732031250  0.006957292
1421.735937500  0.006931703
1421.739843750  0.006978495
1421.743750000  0.006978874
1421.747656250  0.007022459
1421.751562500  0.006940448
1421.755468750  0.006968551
1421.759375000  0.006981690
1421.763281250  0.006997630
1421.767187500  0.006978307
1421.771093750  0.007039176
1421.775000000  0.007000380
1421.778906250  0.006975155
1421.782812500  0.007018978
1421.786718750  0.006953220
1421.790625000  0.006950999
1421.794531250  0.006980333
1421.798437500  0.007023376
1421.802343750  0.006950432
1421.806250000  0.006973067
1421.810156250  0.006999807
1421.814062500  0.006931615
1421.817968750  0.007035415
1421.821875000  0.006991864
1421.825781250  0.007012351
1421.829687500  0.006978231
1421.833593750  0.006966744
1421.837500000  0.007073479
1421.841406250  0.006969516
1421.845312500  0.006931687
1421.849218750  0.006959596
1421.853125000  0.007006122
1421.857031250  0.007052154
1421.860937500  0.006968368
1421.864843750  0.007053518
1421.868750000  0.007026595
1421.872656250  0.006945894
1421.876562500  0.006993751
1421.880468750  0.007030887
1421.884375000  0.007062355
1421.888281250  0.006953460
1421.892187500  0.007023533
1421.896093750  0.007006768
1421.900000000  0.007060715
1421.903906250  0.006956481
1421.907812500  0.007024093
1421.911718750  0.006994736
1421.915625000  0.007033064
1421.919531250  0.007022607
1421.923437500  0.007081581
1421.927343750  0.006977761
1421.931250000  0.007037553
1421.935156250  0.007062587
1421.939062500  0.007069064
1421.942968750  0.006969748
1421.946875000  0.007033560
1421.950781250  0.007003127
1421.954687500  0.006993578
1421.958593750  0.007114088
1421.962500000  0.007136657
1421.966406250  0.007047721
1421.970312500  0.007044177
1421.974218750  0.007079356
1421.978125000  0.007127012
1421.982031250  0.007058763
1421.985937500  0.007036736
1421.989843750  0.007098329
1421.993750000  0.007075231
1421.997656250  0.006989960
1422.001562500  0.007095533
1422.005468750  0.007018503
1422.009375000  0.007157531
1422.013281250  0.007095339
1422.017187500  0.007108045
1422.021093750  0.007065851
1422.025000000  0.007063772
1422.028906250  0.007052113
1422.032812500  0.007030414
1422.036718750  0.007053526
1422.040625000  0.007047826
1422.044531250  0.007005215
1422.048437500  0.007079842
1422.052343750  0.007052908
1422.056250000  0.007111465
1422.060156250  0.007065739
1422.064062500  0.007024048
1422.067968750  0.007077564
1422.071875000  0.007045811
1422.075781250  0.007092794
1422.079687500  0.007099867
1422.083593750  0.006993109
1422.087500000  0.007076834
1422.091406250  0.006998836
1422.095312500  0.007002206
1422.099218750  0.007061686
1422.103125000  0.007034723
1422.107031250  0.007063002
1422.110937500  0.007004042
1422.114843750  0.007037618
1422.118750000  0.007036446
1422.122656250  0.007037867
1422.126562500  0.007025651
1422.130468750  0.007121606
1422.134375000  0.007126805
1422.138281250  0.007113078
1422.142187500  0.007071572
1422.146093750  0.007142304
1422.150000000  0.007092731
1422.153906250  0.007395974
1422.157812500  0.007130352
1422.161718750  0.007145678
1422.165625000  0.007121149
1422.169531250  0.007112986
1422.173437500  0.007144655
1422.177343750  0.007204484
1422.181250000  0.007134157
1422.185156250  0.007153019
1422.189062500  0.007067895
1422.192968750  0.007215465
1422.196875000  0.007125036
1422.200781250  0.007282959
1422.204687500  0.007101520
1422.208593750  0.007186370
1422.212500000  0.007087404
1422.216406250  0.007115522
1422.220312500  0.007181800
1422.224218750  0.007166315
1422.228125000  0.007129168
1422.232031250  0.007186933
1422.235937500  0.007103439
1422.239843750  0.007183173
1422.243750000  0.007166121
1422.247656250  0.007210848
1422.251562500  0.007157037
1422.255468750  0.007132145
1422.259375000  0.007173056
1422.263281250  0.007082286
1422.267187500  0.007196408
1422.271093750  0.007125145
1422.275000000  0.007114838
1422.278906250  0.007195189
1422.282812500  0.007103987
1422.286718750  0.007107821
1422.290625000  0.007165414
1422.294531250  0.007142676
1422.298437500  0.007228761
1422.302343750  0.007114111
1422.306250000  0.007156428
1422.310156250  0.007148072
1422.314062500  0.007106669
1422.317968750  0.007113632
1422.321875000  0.007150973
1422.325781250  0.007076674
1422.329687500  0.007118139
1422.333593750  0.007099965
1422.337500000  0.007029841
1422.341406250  0.007195183
1422.345312500  0.007913001
1422.349218750  0.007094002
1422.353125000  0.007113095
1422.357031250  0.007125506
1422.360937500  0.007147355
1422.364843750  0.007137236
1422.368750000  0.007119783
1422.372656250  0.007119035
1422.376562500  0.007060391
1422.380468750  0.007140952
1422.384375000  0.007126226
1422.388281250  0.007191350
1422.392187500  0.007583322
1422.396093750  0.007154885
1422.400000000  0.007143071
1422.403906250  0.007177341
1422.407812500  0.007137576
1422.411718750  0.007111946
1422.415625000  0.007118479
1422.419531250  0.007187065
1422.423437500  0.007154797
1422.427343750  0.007128412
1422.431250000  0.007155706
1422.435156250  0.007114374
1422.439062500  0.007234583
1422.442968750  0.007234778
1422.446875000  0.007180001
1422.450781250  0.007158854
1422.454687500  0.007162464
1422.458593750  0.007178338
1422.462500000  0.007123922
1422.466406250  0.007077172
1422.470312500  0.007195978
1422.474218750  0.007221308
1422.478125000  0.007169617
1422.482031250  0.007206983
1422.485937500  0.007172187
1422.489843750  0.007144077
1422.493750000  0.007170955
1422.497656250  0.007178876
1422.501562500  0.007177751
1422.505468750  0.007125907
1422.509375000  0.007162882
1422.513281250  0.007154562
1422.517187500  0.007164168
1422.521093750  0.007212179
1422.525000000  0.007140009
1422.528906250  0.007220822
1422.532812500  0.007206853
1422.536718750  0.007393709
1422.540625000  0.007174766
1422.544531250  0.007194504
1422.548437500  0.007104490
1422.552343750  0.007228147
1422.556250000  0.007175002
1422.560156250  0.007160214
1422.564062500  0.007150478
1422.567968750  0.007171072
1422.571875000  0.007140896
1422.575781250  0.007228244
1422.579687500  0.007151003
1422.583593750  0.007351240
1422.587500000  0.007292201
1422.591406250  0.007195829
1422.595312500  0.007229343
1422.599218750  0.007190151
1422.603125000  0.007201520
1422.607031250  0.007217032
1422.610937500  0.007178287
1422.614843750  0.007146756
1422.618750000  0.007147881
1422.622656250  0.007224998
1422.626562500  0.007216266
1422.630468750  0.007172577
1422.634375000  0.007299184
1422.638281250  0.007150398
1422.642187500  0.007158540
1422.646093750  0.007154071
1422.650000000  0.007182669
1422.653906250  0.007148198
1422.657812500  0.007214148
1422.661718750  0.007145907
1422.665625000  0.007178869
1422.669531250  0.007160275
1422.673437500  0.007211895
1422.677343750  0.007244249
1422.681250000  0.007225071
1422.685156250  0.007192279
1422.689062500  0.007173399
1422.692968750  0.007211249
1422.696875000  0.007329171
1422.700781250  0.007256850
1422.704687500  0.007206855
1422.708593750  0.007150704
1422.712500000  0.007217336
1422.716406250  0.007198658
1422.720312500  0.007157214
1422.724218750  0.007229672
1422.728125000  0.007254843
1422.732031250  0.007222627
1422.735937500  0.007230632
1422.739843750  0.007214531
1422.743750000  0.007250955
1422.747656250  0.007153020
1422.751562500  0.007236711
1422.755468750  0.007185989
1422.759375000  0.007150603
1422.763281250  0.007211980
1422.767187500  0.007192069
1422.771093750  0.007228638
1422.775000000  0.007246110
1422.778906250  0.007191812
1422.782812500  0.007196157
1422.786718750  0.007202623
1422.790625000  0.007242216
1422.794531250  0.007172035
1422.798437500  0.007177186
1422.802343750  0.007250971
1422.806250000  0.007189119
1422.810156250  0.007223072
1422.814062500  0.007244851
1422.817968750  0.007207388
1422.821875000  0.007160541
1422.825781250  0.007191272
1422.829687500  0.007236926
1422.833593750  0.007231359
1422.837500000  0.007277726
1422.841406250  0.007179895
1422.845312500  0.007273162
1422.849218750  0.007222125
1422.853125000  0.007237575
1422.857031250  0.007201585
1422.860937500  0.007176657
1422.864843750  0.007213283
1422.868750000  0.007192310
1422.872656250  0.007240088
1422.876562500  0.007194586
1422.880468750  0.007134589
1422.884375000  0.007154128
1422.888281250  0.007154138
1422.892187500  0.007232997
1422.896093750  0.007214283
1422.900000000  0.007190691
1422.903906250  0.007146249
1422.907812500  0.007190967
1422.911718750  0.007152281
1422.915625000  0.007258929
1422.919531250  0.007201659
1422.923437500  0.007179187
1422.927343750  0.007206271
1422.931250000  0.007181457
1422.935156250  0.007202614
1422.939062500  0.007250807
1422.942968750  0.007214852
1422.946875000  0.007192232
1422.950781250  0.007188759
1422.954687500  0.007083800
1422.958593750  0.007214850
1422.962500000  0.007188360
1422.966406250  0.007166504
1422.970312500  0.007229890
1422.974218750  0.007279731
1422.978125000  0.007240327
1422.982031250  0.007194144
1422.985937500  0.007194589
1422.989843750  0.007236595
1422.993750000  0.007255474
1422.997656250  0.007226628
1423.001562500  0.007216743
1423.005468750  0.007175165
1423.009375000  0.007264273
1423.013281250  0.007214359
1423.017187500  0.007336416
1423.021093750  0.007259002
1423.025000000  0.007265893
1423.028906250  0.007254236
1423.032812500  0.007278424
1423.036718750  0.007252510
1423.040625000  0.007235371
1423.044531250  0.007250294
1423.048437500  0.007248084
1423.052343750  0.007264943
1423.056250000  0.007263081
1423.060156250  0.007259911
1423.064062500  0.007324666
1423.067968750  0.007217329
1423.071875000  0.007324941
1423.075781250  0.007226236
1423.079687500  0.007261317
1423.083593750  0.007281750
1423.087500000  0.007224628
1423.091406250  0.007282817
1423.095312500  0.007202192
1423.099218750  0.007225940
1423.103125000  0.007308402
1423.107031250  0.007283996
1423.110937500  0.007213969
1423.114843750  0.007277143
1423.118750000  0.007265916
1423.122656250  0.007213397
1423.126562500  0.007223402
1423.130468750  0.007278699
1423.134375000  0.007301897
1423.138281250  0.007243280
1423.142187500  0.007314052
1423.146093750  0.007270314
1423.150000000  0.007261068
1423.153906250  0.007272834
1423.157812500  0.007251737
1423.161718750  0.007226133
1423.165625000  0.007308211
1423.169531250  0.007316288
1423.173437500  0.007291151
1423.177343750  0.007289088
1423.181250000  0.007350751
1423.185156250  0.007305444
1423.189062500  0.007300900
1423.192968750  0.007243700
1423.196875000  0.007298226
1423.200781250  0.007336289
1423.204687500  0.007262515
1423.208593750  0.007360472
1423.212500000  0.007267980
1423.216406250  0.007336071
1423.220312500  0.007304522
1423.224218750  0.007351118
1423.228125000  0.007323110
1423.232031250  0.007280277
1423.235937500  0.007368545
1423.239843750  0.007370305
1423.243750000  0.007348558
1423.247656250  0.007354456
1423.251562500  0.007335488
1423.255468750  0.007319580
1423.259375000  0.007345268
1423.263281250  0.007283603
1423.267187500  0.007316642
1423.271093750  0.007350253
1423.275000000  0.007373849
1423.278906250  0.007369813
1423.282812500  0.007352966
1423.286718750  0.007385691
1423.290625000  0.007368076
1423.294531250  0.007353704
1423.298437500  0.007350829
1423.302343750  0.007393350
1423.306250000  0.007357837
1423.310156250  0.007403446
1423.314062500  0.007339971
1423.317968750  0.007303110
1423.321875000  0.007364916
1423.325781250  0.007351429
1423.329687500  0.007436500
1423.333593750  0.007357142
1423.337500000  0.007387577
1423.341406250  0.007380191
1423.345312500  0.007342310
1423.349218750  0.007344706
1423.353125000  0.007380088
1423.357031250  0.007378793
1423.360937500  0.007354534
1423.364843750  0.007399105
1423.368750000  0.007417278
1423.372656250  0.007316673
1423.376562500  0.007417246
1423.380468750  0.007353324
1423.384375000  0.007356866
1423.388281250  0.007409359
1423.392187500  0.007417245
1423.396093750  0.007364867
1423.400000000  0.007387798
1423.403906250  0.007341080
1423.407812500  0.007351247
1423.411718750  0.007409684
1423.415625000  0.007395221
1423.419531250  0.007400736
1423.423437500  0.007439679
1423.427343750  0.007471344
1423.431250000  0.007439396
1423.435156250  0.007417143
1423.439062500  0.007423070
1423.442968750  0.007431040
1423.446875000  0.007470097
1423.450781250  0.007401974
1423.454687500  0.007480242
1423.458593750  0.007486688
1423.462500000  0.007473305
1423.466406250  0.007503984
1423.470312500  0.007424273
1423.474218750  0.007500083
1423.478125000  0.007434115
1423.482031250  0.007441799
1423.485937500  0.007486269
1423.489843750  0.007514345
1423.493750000  0.007467257
1423.497656250  0.007503880
1423.501562500  0.007478993
1423.505468750  0.007486585
1423.509375000  0.007527413
1423.513281250  0.007520918
1423.517187500  0.007429074
1423.521093750  0.007445005
1423.525000000  0.007436158
1423.528906250  0.007569932
1423.532812500  0.007541413
1423.536718750  0.007476451
1423.540625000  0.007467117
1423.544531250  0.007488129
1423.548437500  0.007515034
1423.552343750  0.007590415
1423.556250000  0.007493805
1423.560156250  0.007539723
1423.564062500  0.007530932
1423.567968750  0.007515559
1423.571875000  0.007524442
1423.575781250  0.007582648
1423.579687500  0.007590612
1423.583593750  0.007566876
1423.587500000  0.007544832
1423.591406250  0.007639561
1423.595312500  0.007463306
1423.599218750  0.007540422
1423.603125000  0.007456799
1423.607031250  0.007551764
1423.610937500  0.007558142
1423.614843750  0.007512839
1423.618750000  0.007537869
1423.622656250  0.007492486
1423.626562500  0.007542487
1423.630468750  0.007542709
1423.634375000  0.007529876
1423.638281250  0.007560169
1423.642187500  0.007467305
1423.646093750  0.007564435
1423.650000000  0.007527680
1423.653906250  0.007611802
1423.657812500  0.007570963
1423.661718750  0.007591948
1423.665625000  0.007585099
1423.669531250  0.007576747
1423.673437500  0.007600928
1423.677343750  0.007672481
1423.681250000  0.007619419
1423.685156250  0.007577967
1423.689062500  0.007673743
1423.692968750  0.007660157
1423.696875000  0.007670846
1423.700781250  0.007630173
1423.704687500  0.007580763
1423.708593750  0.007616715
1423.712500000  0.007751294
1423.716406250  0.007715373
1423.720312500  0.007640107
1423.724218750  0.007721737
1423.728125000  0.007765814
1423.732031250  0.007704018
1423.735937500  0.007630372
1423.739843750  0.007669728
1423.743750000  0.007643856
1423.747656250  0.007652129
1423.751562500  0.007624818
1423.755468750  0.007609407
1423.759375000  0.007726882
1423.763281250  0.007681361
1423.767187500  0.007699504
1423.771093750  0.007716814
1423.775000000  0.007755026
1423.778906250  0.007750132
1423.782812500  0.007747866
1423.786718750  0.007672056
1423.790625000  0.007682830
1423.794531250  0.007745692
1423.798437500  0.007662690
1423.802343750  0.007757088
1423.806250000  0.007697610
1423.810156250  0.007703343
1423.814062500  0.007754997
1423.817968750  0.007776838
1423.821875000  0.007687592
1423.825781250  0.007798859
1423.829687500  0.007688641
1423.833593750  0.007734664
1423.837500000  0.007717701
1423.841406250  0.007675689
1423.845312500  0.007815306
1423.849218750  0.007779472
1423.853125000  0.007746221
1423.857031250  0.007808031
1423.860937500  0.007730724
1423.864843750  0.007783939
1423.868750000  0.007792775
1423.872656250  0.007775997
1423.876562500  0.007717269
1423.880468750  0.007782868
1423.884375000  0.007787963
1423.888281250  0.007764108
1423.892187500  0.007752057
1423.896093750  0.007763792
1423.900000000  0.007759545
1423.903906250  0.007875490
1423.907812500  0.007813153
1423.911718750  0.007822877
1423.915625000  0.007811268
1423.919531250  0.007800235
1423.923437500  0.007908887
1423.927343750  0.007839517
1423.931250000  0.007824451
1423.935156250  0.007896666
1423.939062500  0.007891085
1423.942968750  0.007751803
1423.946875000  0.007773671
1423.950781250  0.007819788
1423.954687500  0.007834950
1423.958593750  0.007889783
1423.962500000  0.007830426
1423.966406250  0.007884210
1423.970312500  0.007827912
1423.974218750  0.007866386
1423.978125000  0.007919086
1423.982031250  0.007920387
1423.985937500  0.008399087
1423.989843750  0.008373629
1423.993750000  0.007974393
1423.997656250  0.008009752
1424.001562500  0.008016689
1424.005468750  0.007921838
1424.009375000  0.008154475
1424.013281250  0.007876122
1424.017187500  0.007973896
1424.021093750  0.007952758
1424.025000000  0.007925750
1424.028906250  0.008033922
1424.032812500  0.007942752
1424.036718750  0.007992859
1424.040625000  0.007938668
1424.044531250  0.007935147
1424.048437500  0.007946347
1424.052343750  0.007924655
1424.056250000  0.008010103
1424.060156250  0.007925112
1424.064062500  0.007971132
1424.067968750  0.007999124
1424.071875000  0.008012205
1424.075781250  0.008005578
1424.079687500  0.007991027
1424.083593750  0.007949061
1424.087500000  0.007914367
1424.091406250  0.007953390
1424.095312500  0.008033934
1424.099218750  0.007962455
1424.103125000  0.008039008
1424.107031250  0.008068873
1424.110937500  0.007950453
1424.114843750  0.008007614
1424.118750000  0.008062161
1424.122656250  0.008026440
1424.126562500  0.007981419
1424.130468750  0.007961657
1424.134375000  0.007972189
1424.138281250  0.007967944
1424.142187500  0.007963619
1424.146093750  0.007956239
1424.150000000  0.008026284
1424.153906250  0.008155349
1424.157812500  0.007915693
1424.161718750  0.008036028
1424.165625000  0.007991416
1424.169531250  0.007947823
1424.173437500  0.008112563
1424.177343750  0.008018961
1424.181250000  0.007959607
1424.185156250  0.008080889
1424.189062500  0.008004846
1424.192968750  0.008047753
1424.196875000  0.007974517
1424.200781250  0.008590642
1424.204687500  0.008030333
1424.208593750  0.008049451
1424.212500000  0.008089339
1424.216406250  0.008044288
1424.220312500  0.007965304
1424.224218750  0.008106708
1424.228125000  0.008040131
1424.232031250  0.008033979
1424.235937500  0.008055057
1424.239843750  0.008089330
1424.243750000  0.008112693
1424.247656250  0.008441447
1424.251562500  0.008172988
1424.255468750  0.008092727
1424.259375000  0.008061278
1424.263281250  0.008133500
1424.267187500  0.008140421
1424.271093750  0.008009553
1424.275000000  0.008056747
1424.278906250  0.007971755
1424.282812500  0.008043585
1424.286718750  0.008026752
1424.290625000  0.008085160
1424.294531250  0.008029598
1424.298437500  0.008166413
1424.302343750  0.008041219
1424.306250000  0.007978687
1424.310156250  0.008047298
1424.314062500  0.008040338
1424.317968750  0.008041496
1424.321875000  0.008048629
1424.325781250  0.008021127
1424.329687500  0.007988179
1424.333593750  0.008045687
1424.337500000  0.007931626
1424.341406250  0.008046983
1424.345312500  0.008036781
1424.349218750  0.008050379
1424.353125000  0.007964874
1424.357031250  0.008024254
1424.360937500  0.008055949
1424.364843750  0.007914423
1424.368750000  0.008015365
1424.372656250  0.008101756
1424.376562500  0.008081885
1424.380468750  0.008043919
1424.384375000  0.007986149
1424.388281250  0.008076153
1424.392187500  0.008220940
1424.396093750  0.008033928

