1000(10000)
1416.400000000  0.008126224
1416.403906250  0.008093027
1416.407812500  0.008125018
1416.411718750  0.008162659
1416.415625000  0.008206427
1416.419531250  0.008088800
1416.423437500  0.008194128
1416.427343750  0.008246108
1416.431250000  0.008127751
1416.435156250  0.008038092
1416.439062500  0.008199018
1416.442968750  0.008147367
1416.446875000  0.008072667
1416.450781250  0.008095044
1416.454687500  0.008110874
1416.458593750  0.008238221
1416.462500000  0.008132397
1416.466406250  0.008117843
1416.470312500  0.008095996
1416.474218750  0.008110668
1416.478125000  0.008033596
1416.482031250  0.008297513
1416.485937500  0.008179718
1416.489843750  0.008200113
1416.493750000  0.008041327
1416.497656250  0.008076751
1416.501562500  0.008043471
1416.505468750  0.008119558
1416.509375000  0.008031021
1416.513281250  0.008143121
1416.517187500  0.008089667
1416.521093750  0.008018829
1416.525000000  0.008107760
1416.528906250  0.008036569
1416.532812500  0.008230564
1416.536718750  0.008260781
1416.540625000  0.008093626
1416.544531250  0.008080738
1416.548437500  0.008070601
1416.552343750  0.008008171
1416.556250000  0.008085436
1416.560156250  0.008097439
1416.564062500  0.008058766
1416.567968750  0.008018990
1416.571875000  0.008008994
1416.575781250  0.007994185
1416.579687500  0.008120729
1416.583593750  0.008175533
1416.587500000  0.008169469
1416.591406250  0.008170484
1416.595312500  0.008073625
1416.599218750  0.008096482
1416.603125000  0.008073813
1416.607031250  0.008012676
1416.610937500  0.008020487
1416.614843750  0.007981923
1416.618750000  0.007966428
1416.622656250  0.008039730
1416.626562500  0.008066618
1416.630468750  0.008003708
1416.634375000  0.008106900
1416.638281250  0.008062371
1416.642187500  0.008088894
1416.646093750  0.008594786
1416.650000000  0.008436351
1416.653906250  0.008244025
1416.657812500  0.008097705
1416.661718750  0.008052942
1416.665625000  0.007975397
1416.669531250  0.008023769
1416.673437500  0.008042064
1416.677343750  0.007984385
1416.681250000  0.007923842
1416.685156250  0.007898436
1416.689062500  0.008010509
1416.692968750  0.007981279
1416.696875000  0.008045304
1416.700781250  0.008406809
1416.704687500  0.008138394
1416.708593750  0.008001048
1416.712500000  0.008016126
1416.716406250  0.008028911
1416.720312500  0.007920132
1416.724218750  0.008057370
1416.728125000  0.007946754
1416.732031250  0.007916569
1416.735937500  0.007921195
1416.739843750  0.007874119
1416.743750000  0.007838688
1416.747656250  0.007971511
1416.751562500  0.008082620
1416.755468750  0.009018106
1416.759375000  0.008245899
1416.763281250  0.007992354
1416.767187500  0.007980897
1416.771093750  0.008051387
1416.775000000  0.007949940
1416.778906250  0.007944683
1416.782812500  0.007948072
1416.786718750  0.007893566
1416.790625000  0.007889828
1416.794531250  0.007935613
1416.798437500  0.007957134
1416.802343750  0.007960855
1416.806250000  0.008221962
1416.810156250  0.010901452
1416.814062500  0.009284022
1416.817968750  0.008283473
1416.821875000  0.008028469
1416.825781250  0.007950526
1416.829687500  0.007912863
1416.833593750  0.007929472
1416.837500000  0.008086816
1416.841406250  0.008072760
1416.845312500  0.007952615
1416.849218750  0.007999631
1416.853125000  0.008222932
1416.857031250  0.008290669
1416.860937500  0.009319025
1416.864843750  0.017871224
1416.868750000  0.013856993
1416.872656250  0.008874598
1416.876562500  0.008285312
1416.880468750  0.008033274
1416.884375000  0.007975070
1416.888281250  0.007865454
1416.892187500  0.007946602
1416.896093750  0.007940779
1416.900000000  0.007882372
1416.903906250  0.007902248
1416.907812500  0.007845420
1416.911718750  0.008053202
1416.915625000  0.008187729
1416.919531250  0.010847493
1416.923437500  0.009473556
1416.927343750  0.007954269
1416.931250000  0.007866925
1416.935156250  0.007833561
1416.939062500  0.007816778
1416.942968750  0.007755472
1416.946875000  0.007803904
1416.950781250  0.007712849
1416.954687500  0.007726646
1416.958593750  0.007643569
1416.962500000  0.007794475
1416.966406250  0.007779781
1416.970312500  0.007888906
1416.974218750  0.008887887
1416.978125000  0.008384312
1416.982031250  0.007775459
1416.985937500  0.007712127
1416.989843750  0.007676602
1416.993750000  0.007798375
1416.997656250  0.007993346
1417.001562500  0.008505229
1417.005468750  0.007796307
1417.009375000  0.007801650
1417.013281250  0.007616382
1417.017187500  0.007714745
1417.021093750  0.007719720
1417.025000000  0.007858492
1417.028906250  0.008645403
1417.032812500  0.008361134
1417.036718750  0.007698230
1417.040625000  0.007559164
1417.044531250  0.007681625
1417.048437500  0.007594366
1417.052343750  0.007555301
1417.056250000  0.007694922
1417.060156250  0.007587166
1417.064062500  0.007593392
1417.067968750  0.007587912
1417.071875000  0.007650244
1417.075781250  0.007687429
1417.079687500  0.007850754
1417.083593750  0.008434327
1417.087500000  0.008263192
1417.091406250  0.007688698
1417.095312500  0.007608834
1417.099218750  0.007574863
1417.103125000  0.007588923
1417.107031250  0.007526258
1417.110937500  0.007531299
1417.114843750  0.007572099
1417.118750000  0.007458349
1417.122656250  0.007435408
1417.126562500  0.007424973
1417.130468750  0.007505137
1417.134375000  0.007544518
1417.138281250  0.007818600
1417.142187500  0.007829224
1417.146093750  0.007496724
1417.150000000  0.007494980
1417.153906250  0.007446527
1417.157812500  0.007426742
1417.161718750  0.007508888
1417.165625000  0.007444825
1417.169531250  0.007421620
1417.173437500  0.007389372
1417.177343750  0.007355607
1417.181250000  0.007387928
1417.185156250  0.007463214
1417.189062500  0.007513604
1417.192968750  0.007686481
1417.196875000  0.007670330
1417.200781250  0.007406850
1417.204687500  0.007344192
1417.208593750  0.007349384
1417.212500000  0.007351695
1417.216406250  0.007347553
1417.220312500  0.007338439
1417.224218750  0.007291537
1417.228125000  0.007279119
1417.232031250  0.007291262
1417.235937500  0.007356925
1417.239843750  0.007333966
1417.243750000  0.007439825
1417.247656250  0.007571470
1417.251562500  0.007525833
1417.255468750  0.007389547
1417.259375000  0.007321399
1417.263281250  0.007280125
1417.267187500  0.007283597
1417.271093750  0.007290253
1417.275000000  0.007330553
1417.278906250  0.007346843
1417.282812500  0.007222138
1417.286718750  0.007249698
1417.290625000  0.007367547
1417.294531250  0.007355825
1417.298437500  0.007308340
1417.302343750  0.007375276
1417.306250000  0.007408186
1417.310156250  0.007202502
1417.314062500  0.007241721
1417.317968750  0.007255097
1417.321875000  0.007280306
1417.325781250  0.007276241
1417.329687500  0.007280981
1417.333593750  0.007263980
1417.337500000  0.007222534
1417.341406250  0.007304747
1417.345312500  0.007225091
1417.349218750  0.007197775
1417.353125000  0.007251836
1417.357031250  0.007309889
1417.360937500  0.007268236
1417.364843750  0.007184225
1417.368750000  0.007124785
1417.372656250  0.007295565
1417.376562500  0.007258764
1417.380468750  0.007217596
1417.384375000  0.007248298
1417.388281250  0.007272233
1417.392187500  0.007249385
1417.396093750  0.007185813
1417.400000000  0.007154784
1417.403906250  0.007197276
1417.407812500  0.007276760
1417.411718750  0.007200849
1417.415625000  0.007270216
1417.419531250  0.007101307
1417.423437500  0.007159159
1417.427343750  0.007189884
1417.431250000  0.007171282
1417.435156250  0.007139723
1417.439062500  0.007240566
1417.442968750  0.007169340
1417.446875000  0.007106748
1417.450781250  0.007115431
1417.454687500  0.007172144
1417.458593750  0.007120657
1417.462500000  0.007115288
1417.466406250  0.007222981
1417.470312500  0.007219314
1417.474218750  0.007138969
1417.478125000  0.007147217
1417.482031250  0.007201400
1417.485937500  0.007181671
1417.489843750  0.007168076
1417.493750000  0.007120001
1417.497656250  0.007115497
1417.501562500  0.007133275
1417.505468750  0.007155672
1417.509375000  0.007061696
1417.513281250  0.007119493
1417.517187500  0.007038793
1417.521093750  0.007108249
1417.525000000  0.007187805
1417.528906250  0.007152565
1417.532812500  0.007173335
1417.536718750  0.007129734
1417.540625000  0.007128572
1417.544531250  0.007030504
1417.548437500  0.007106985
1417.552343750  0.007111922
1417.556250000  0.007177926
1417.560156250  0.007123300
1417.564062500  0.007062382
1417.567968750  0.007081357
1417.571875000  0.007048041
1417.575781250  0.007086299
1417.579687500  0.007245935
1417.583593750  0.007125596
1417.587500000  0.007135359
1417.591406250  0.007062036
1417.595312500  0.007085591
1417.599218750  0.007090827
1417.603125000  0.007054786
1417.607031250  0.007080651
1417.610937500  0.007054742
1417.614843750  0.007080508
1417.618750000  0.007086131
1417.622656250  0.007022550
1417.626562500  0.007101535
1417.630468750  0.007114679
1417.634375000  0.007112123
1417.638281250  0.007052636
1417.642187500  0.007006195
1417.646093750  0.007032010
1417.650000000  0.007083609
1417.653906250  0.007000588
1417.657812500  0.007038998
1417.661718750  0.006996281
1417.665625000  0.007021598
1417.669531250  0.006982354
1417.673437500  0.007037203
1417.677343750  0.007093028
1417.681250000  0.007041835
1417.685156250  0.007002242
1417.689062500  0.007139407
1417.692968750  0.007074324
1417.696875000  0.007002971
1417.700781250  0.006976226
1417.704687500  0.006947333
1417.708593750  0.007028141
1417.712500000  0.007061817
1417.716406250  0.007082537
1417.720312500  0.006985807
1417.724218750  0.007070991
1417.728125000  0.007024074
1417.732031250  0.007020227
1417.735937500  0.007068402
1417.739843750  0.007054037
1417.743750000  0.007069212
1417.747656250  0.006982154
1417.751562500  0.006965752
1417.755468750  0.006953581
1417.759375000  0.006944056
1417.763281250  0.006978239
1417.767187500  0.007020134
1417.771093750  0.006984694
1417.775000000  0.007000674
1417.778906250  0.006948719
1417.782812500  0.006972905
1417.786718750  0.006980005
1417.790625000  0.006979799
1417.794531250  0.006916171
1417.798437500  0.006970925
1417.802343750  0.007035638
1417.806250000  0.006981526
1417.810156250  0.006911006
1417.814062500  0.006946322
1417.817968750  0.007026333
1417.821875000  0.006933082
1417.825781250  0.007011159
1417.829687500  0.006940212
1417.833593750  0.006955957
1417.837500000  0.006966957
1417.841406250  0.006883485
1417.845312500  0.007018892
1417.849218750  0.006940367
1417.853125000  0.007013492
1417.857031250  0.006978894
1417.860937500  0.006969400
1417.864843750  0.007006914
1417.868750000  0.006978222
1417.872656250  0.006901379
1417.876562500  0.006957516
1417.880468750  0.006996736
1417.884375000  0.006967889
1417.888281250  0.006895583
1417.892187500  0.006906514
1417.896093750  0.006895781
1417.900000000  0.006944988
1417.903906250  0.006924438
1417.907812500  0.006897492
1417.911718750  0.006937890
1417.915625000  0.006952978
1417.919531250  0.006917475
1417.923437500  0.006829090
1417.927343750  0.006944840
1417.931250000  0.006948949
1417.935156250  0.006921615
1417.939062500  0.006903610
1417.942968750  0.006953496
1417.946875000  0.006905541
1417.950781250  0.006863444
1417.954687500  0.006895610
1417.958593750  0.006890574
1417.962500000  0.007110869
1417.966406250  0.006916658
1417.970312500  0.006940659
1417.974218750  0.006972137
1417.978125000  0.006932796
1417.982031250  0.006906373
1417.985937500  0.006928164
1417.989843750  0.006887139
1417.993750000  0.006939773
1417.997656250  0.006907139
1418.001562500  0.006846227
1418.005468750  0.006898206
1418.009375000  0.006940598
1418.013281250  0.006893074
1418.017187500  0.006951637
1418.021093750  0.006855617
1418.025000000  0.006914516
1418.028906250  0.006802707
1418.032812500  0.006896720
1418.036718750  0.006899400
1418.040625000  0.006879588
1418.044531250  0.006871274
1418.048437500  0.006869452
1418.052343750  0.006949432
1418.056250000  0.006932972
1418.060156250  0.006867500
1418.064062500  0.006922128
1418.067968750  0.006878047
1418.071875000  0.006964617
1418.075781250  0.006862217
1418.079687500  0.006921561
1418.083593750  0.006940619
1418.087500000  0.006759263
1418.091406250  0.006908114
1418.095312500  0.006901564
1418.099218750  0.006799300
1418.103125000  0.006935698
1418.107031250  0.006920657
1418.110937500  0.006902435
1418.114843750  0.006930719
1418.118750000  0.006858329
1418.122656250  0.006873785
1418.126562500  0.007022140
1418.130468750  0.006886467
1418.134375000  0.006913402
1418.138281250  0.006953974
1418.142187500  0.006886274
1418.146093750  0.006862274
1418.150000000  0.006919562
1418.153906250  0.006860577
1418.157812500  0.006829542
1418.161718750  0.006895679
1418.165625000  0.006867533
1418.169531250  0.006873772
1418.173437500  0.006840064
1418.177343750  0.006876518
1418.181250000  0.006941780
1418.185156250  0.006827966
1418.189062500  0.006883480
1418.192968750  0.006861533
1418.196875000  0.006841524
1418.200781250  0.006899342
1418.204687500  0.006889210
1418.208593750  0.006802917
1418.212500000  0.006881753
1418.216406250  0.006843056
1418.220312500  0.006806047
1418.224218750  0.006853971
1418.228125000  0.006916281
1418.232031250  0.006855843
1418.235937500  0.006912975
1418.239843750  0.006800892
1418.243750000  0.006875407
1418.247656250  0.006920723
1418.251562500  0.006840671
1418.255468750  0.006859675
1418.259375000  0.006785080
1418.263281250  0.006802721
1418.267187500  0.006860875
1418.271093750  0.006877952
1418.275000000  0.006863505
1418.278906250  0.006817667
1418.282812500  0.006859272
1418.286718750  0.006799503
1418.290625000  0.006891556
1418.294531250  0.006931837
1418.298437500  0.006863809
1418.302343750  0.006807784
1418.306250000  0.006899558
1418.310156250  0.006938758
1418.314062500  0.006830015
1418.317968750  0.006844028
1418.321875000  0.006871063
1418.325781250  0.006776125
1418.329687500  0.006831165
1418.333593750  0.006908529
1418.337500000  0.006881214
1418.341406250  0.006906509
1418.345312500  0.006921335
1418.349218750  0.006844860
1418.353125000  0.006803486
1418.357031250  0.006852100
1418.360937500  0.006860873
1418.364843750  0.006857258
1418.368750000  0.006893135
1418.372656250  0.006971205
1418.376562500  0.006826805
1418.380468750  0.006872909
1418.384375000  0.006846910
1418.388281250  0.006837859
1418.392187500  0.006922747
1418.396093750  0.006853599
1418.400000000  0.006922847
1418.403906250  0.006897464
1418.407812500  0.006825117
1418.411718750  0.006917288
1418.415625000  0.006864323
1418.419531250  0.006813760
1418.423437500  0.006865064
1418.427343750  0.006872422
1418.431250000  0.006866032
1418.435156250  0.006864350
1418.439062500  0.006855071
1418.442968750  0.006776377
1418.446875000  0.006901949
1418.450781250  0.006880073
1418.454687500  0.006878720
1418.458593750  0.006812827
1418.462500000  0.006850927
1418.466406250  0.006840358
1418.470312500  0.006836216
1418.474218750  0.006823957
1418.478125000  0.006823364
1418.482031250  0.006830023
1418.485937500  0.006973643
1418.489843750  0.006866494
1418.493750000  0.006882879
1418.497656250  0.006849780
1418.501562500  0.006814593
1418.505468750  0.006841476
1418.509375000  0.006889780
1418.513281250  0.006826979
1418.517187500  0.006795560
1418.521093750  0.006873997
1418.525000000  0.006853933
1418.528906250  0.006820400
1418.532812500  0.006938163
1418.536718750  0.006897975
1418.540625000  0.006885501
1418.544531250  0.006859901
1418.548437500  0.006817416
1418.552343750  0.006820530
1418.556250000  0.006793967
1418.560156250  0.006821984
1418.564062500  0.006868096
1418.567968750  0.006876176
1418.571875000  0.006845465
1418.575781250  0.006844412
1418.579687500  0.006979881
1418.583593750  0.006902049
1418.587500000  0.006852075
1418.591406250  0.006942747
1418.595312500  0.006867922
1418.599218750  0.006815827
1418.603125000  0.006875868
1418.607031250  0.006872743
1418.610937500  0.006842923
1418.614843750  0.006756999
1418.618750000  0.006962008
1418.622656250  0.006828388
1418.626562500  0.006870109
1418.630468750  0.006824240
1418.634375000  0.006853484
1418.638281250  0.006843924
1418.642187500  0.006879591
1418.646093750  0.006729525
1418.650000000  0.006858176
1418.653906250  0.006803920
1418.657812500  0.006855980
1418.661718750  0.006851198
1418.665625000  0.006923847
1418.669531250  0.006890440
1418.673437500  0.006890330
1418.677343750  0.006945739
1418.681250000  0.006908235
1418.685156250  0.006874852
1418.689062500  0.006825762
1418.692968750  0.006905892
1418.696875000  0.006835834
1418.700781250  0.006808077
1418.704687500  0.006780435
1418.708593750  0.006855314
1418.712500000  0.006822712
1418.716406250  0.006836832
1418.720312500  0.006885848
1418.724218750  0.006890618
1418.728125000  0.006965976
1418.732031250  0.006882633
1418.735937500  0.006843010
1418.739843750  0.006868768
1418.743750000  0.006857762
1418.747656250  0.006891672
1418.751562500  0.006818017
1418.755468750  0.006846676
1418.759375000  0.006826801
1418.763281250  0.006884318
1418.767187500  0.006870675
1418.771093750  0.006958403
1418.775000000  0.006896579
1418.778906250  0.006868338
1418.782812500  0.006945720
1418.786718750  0.006908490
1418.790625000  0.006828065
1418.794531250  0.006849400
1418.798437500  0.006896953
1418.802343750  0.006817706
1418.806250000  0.006846524
1418.810156250  0.006838310
1418.814062500  0.006817143
1418.817968750  0.006890934
1418.821875000  0.006881035
1418.825781250  0.006873402
1418.829687500  0.006864454
1418.833593750  0.006858402
1418.837500000  0.006882487
1418.841406250  0.006854090
1418.845312500  0.006858448
1418.849218750  0.006925645
1418.853125000  0.006889144
1418.857031250  0.006890003
1418.860937500  0.006886850
1418.864843750  0.006934453
1418.868750000  0.006867303
1418.872656250  0.006878484
1418.876562500  0.006891651
1418.880468750  0.006899737
1418.884375000  0.006824800
1418.888281250  0.006825826
1418.892187500  0.006949187
1418.896093750  0.006857866
1418.900000000  0.006901985
1418.903906250  0.006803748
1418.907812500  0.006879307
1418.911718750  0.006907163
1418.915625000  0.006943842
1418.919531250  0.006944146
1418.923437500  0.006899065
1418.927343750  0.006866335
1418.931250000  0.006857702
1418.935156250  0.006870926
1418.939062500  0.006862620
1418.942968750  0.006883581
1418.946875000  0.006885225
1418.950781250  0.006925993
1418.954687500  0.006877666
1418.958593750  0.006839166
1418.962500000  0.006978712
1418.966406250  0.006786068
1418.970312500  0.006922083
1418.974218750  0.006917858
1418.978125000  0.006852190
1418.982031250  0.006869641
1418.985937500  0.006829829
1418.989843750  0.006846537
1418.993750000  0.006901632
1418.997656250  0.006843726
1419.001562500  0.007002630
1419.005468750  0.006936138
1419.009375000  0.006991066
1419.013281250  0.006948321
1419.017187500  0.006893979
1419.021093750  0.006871481
1419.025000000  0.006938886
1419.028906250  0.006871553
1419.032812500  0.006824692
1419.036718750  0.006878268
1419.040625000  0.006876926
1419.044531250  0.006865312
1419.048437500  0.006889865
1419.052343750  0.006875254
1419.056250000  0.006934975
1419.060156250  0.006928002
1419.064062500  0.006897702
1419.067968750  0.006898532
1419.071875000  0.006863700
1419.075781250  0.006935088
1419.079687500  0.006984264
1419.083593750  0.006883377
1419.087500000  0.006916863
1419.091406250  0.006868604
1419.095312500  0.006908881
1419.099218750  0.006953028
1419.103125000  0.006921303
1419.107031250  0.006944198
1419.110937500  0.006993905
1419.114843750  0.006931845
1419.118750000  0.006952633
1419.122656250  0.006959935
1419.126562500  0.006918006
1419.130468750  0.006960811
1419.134375000  0.008034898
1419.138281250  0.006957341
1419.142187500  0.006928714
1419.146093750  0.006970516
1419.150000000  0.006952389
1419.153906250  0.007011161
1419.157812500  0.006941814
1419.161718750  0.007002128
1419.165625000  0.006891423
1419.169531250  0.006942904
1419.173437500  0.006891253
1419.177343750  0.006933366
1419.181250000  0.006963311
1419.185156250  0.006904943
1419.189062500  0.006874791
1419.192968750  0.007019311
1419.196875000  0.006946700
1419.200781250  0.007017057
1419.204687500  0.006987450
1419.208593750  0.006946845
1419.212500000  0.006955467
1419.216406250  0.006983353
1419.220312500  0.006991051
1419.224218750  0.006969655
1419.228125000  0.006908004
1419.232031250  0.006946953
1419.235937500  0.006975282
1419.239843750  0.006986013
1419.243750000  0.006997598
1419.247656250  0.006922909
1419.251562500  0.006950980
1419.255468750  0.006906467
1419.259375000  0.006997818
1419.263281250  0.006964702
1419.267187500  0.006919747
1419.271093750  0.006986139
1419.275000000  0.006977456
1419.278906250  0.007000891
1419.282812500  0.006923269
1419.286718750  0.006902370
1419.290625000  0.006939572
1419.294531250  0.007018499
1419.298437500  0.006961870
1419.302343750  0.006961451
1419.306250000  0.006987798
1419.310156250  0.006930216
1419.314062500  0.006933231
1419.317968750  0.006961318
1419.321875000  0.007001209
1419.325781250  0.007008514
1419.329687500  0.006968791
1419.333593750  0.006963519
1419.337500000  0.006929778
1419.341406250  0.006991787
1419.345312500  0.007019372
1419.349218750  0.006940042
1419.353125000  0.006970502
1419.357031250  0.006918217
1419.360937500  0.006993676
1419.364843750  0.006929099
1419.368750000  0.006911858
1419.372656250  0.006942155
1419.376562500  0.007015403
1419.380468750  0.006970317
1419.384375000  0.006985117
1419.388281250  0.006986207
1419.392187500  0.007047986
1419.396093750  0.006965993
1419.400000000  0.006941953
1419.403906250  0.007012042
1419.407812500  0.006963753
1419.411718750  0.007036165
1419.415625000  0.006899924
1419.419531250  0.006990735
1419.423437500  0.006996909
1419.427343750  0.006988330
1419.431250000  0.006925929
1419.435156250  0.006985745
1419.439062500  0.006930961
1419.442968750  0.006974057
1419.446875000  0.006959347
1419.450781250  0.007018554
1419.454687500  0.006974957
1419.458593750  0.006917017
1419.462500000  0.007018500
1419.466406250  0.007039669
1419.470312500  0.007009695
1419.474218750  0.006969815
1419.478125000  0.006924752
1419.482031250  0.007002460
1419.485937500  0.007022913
1419.489843750  0.006911555
1419.493750000  0.006974004
1419.497656250  0.006954190
1419.501562500  0.006997802
1419.505468750  0.006935525
1419.509375000  0.006969691
1419.513281250  0.007046386
1419.517187500  0.006949826
1419.521093750  0.006989240
1419.525000000  0.006970129
1419.528906250  0.006924760
1419.532812500  0.006940824
1419.536718750  0.007001306
1419.540625000  0.006935143
1419.544531250  0.006899954
1419.548437500  0.006938135
1419.552343750  0.006964519
1419.556250000  0.007042081
1419.560156250  0.007057330
1419.564062500  0.006960686
1419.567968750  0.006896331
1419.571875000  0.007012674
1419.575781250  0.006943675
1419.579687500  0.006951177
1419.583593750  0.006943686
1419.587500000  0.006933520
1419.591406250  0.006982207
1419.595312500  0.006984221
1419.599218750  0.006959670
1419.603125000  0.006976004
1419.607031250  0.007066966
1419.610937500  0.007008590
1419.614843750  0.007001718
1419.618750000  0.006948097
1419.622656250  0.006952168
1419.626562500  0.007037604
1419.630468750  0.006982713
1419.634375000  0.006971692
1419.638281250  0.007002910
1419.642187500  0.007016726
1419.646093750  0.007019367
1419.650000000  0.007002640
1419.653906250  0.007004769
1419.657812500  0.007037282
1419.661718750  0.006908299
1419.665625000  0.007050410
1419.669531250  0.006959178
1419.673437500  0.007037580
1419.677343750  0.007047104
1419.681250000  0.007045361
1419.685156250  0.007031390
1419.689062500  0.006974700
1419.692968750  0.007048211
1419.696875000  0.007018197
1419.700781250  0.007041334
1419.704687500  0.006970724
1419.708593750  0.007073033
1419.712500000  0.007032247
1419.716406250  0.007069422
1419.720312500  0.007014452
1419.724218750  0.006977193
1419.728125000  0.006943182
1419.732031250  0.006995906
1419.735937500  0.007045936
1419.739843750  0.007015210
1419.743750000  0.006964041
1419.747656250  0.006989794
1419.751562500  0.007015794
1419.755468750  0.007062603
1419.759375000  0.006985209
1419.763281250  0.007011275
1419.767187500  0.007083882
1419.771093750  0.007148915
1419.775000000  0.007091324
1419.778906250  0.007044883
1419.782812500  0.007041385
1419.786718750  0.007033760
1419.790625000  0.007004780
1419.794531250  0.007016550
1419.798437500  0.007034005
1419.802343750  0.006996756
1419.806250000  0.006988569
1419.810156250  0.007013171
1419.814062500  0.007042414
1419.817968750  0.007150489
1419.821875000  0.007086102
1419.825781250  0.007065356
1419.829687500  0.007094019
1419.833593750  0.007025693
1419.837500000  0.007052438
1419.841406250  0.006996025
1419.845312500  0.006972553
1419.849218750  0.007027450
1419.853125000  0.007065993
1419.857031250  0.007059233
1419.860937500  0.007000017
1419.864843750  0.007082608
1419.868750000  0.007056977
1419.872656250  0.007059568
1419.876562500  0.007089377
1419.880468750  0.007048760
1419.884375000  0.007024373
1419.888281250  0.007073265
1419.892187500  0.007021601
1419.896093750  0.007082758
1419.900000000  0.007075974
1419.903906250  0.007055210
1419.907812500  0.007017668
1419.911718750  0.007060759
1419.915625000  0.007150990
1419.919531250  0.007042227
1419.923437500  0.007043849
1419.927343750  0.007094579
1419.931250000  0.007054157
1419.935156250  0.007110468
1419.939062500  0.007067858
1419.942968750  0.007033033
1419.946875000  0.007077909
1419.950781250  0.007017147
1419.954687500  0.007110865
1419.958593750  0.007059683
1419.962500000  0.007088171
1419.966406250  0.007134538
1419.970312500  0.007163485
1419.974218750  0.007140147
1419.978125000  0.007121986
1419.982031250  0.007106036
1419.985937500  0.007133995
1419.989843750  0.007130942
1419.993750000  0.007152798
1419.997656250  0.007250989
1420.001562500  0.007382359
1420.005468750  0.007100347
1420.009375000  0.007101214
1420.013281250  0.007118364
1420.017187500  0.007032206
1420.021093750  0.007065978
1420.025000000  0.007047050
1420.028906250  0.007000334
1420.032812500  0.007045038
1420.036718750  0.007045982
1420.040625000  0.007118061
1420.044531250  0.007060457
1420.048437500  0.007067666
1420.052343750  0.007093261
1420.056250000  0.007187331
1420.060156250  0.007063142
1420.064062500  0.007087822
1420.067968750  0.007054421
1420.071875000  0.007066966
1420.075781250  0.007068663
1420.079687500  0.007087707
1420.083593750  0.007109142
1420.087500000  0.007070187
1420.091406250  0.007053920
1420.095312500  0.007041407
1420.099218750  0.007124388
1420.103125000  0.007127487
1420.107031250  0.007119571
1420.110937500  0.007125732
1420.114843750  0.007127069
1420.118750000  0.007103726
1420.122656250  0.007050582
1420.126562500  0.007118406
1420.130468750  0.007120645
1420.134375000  0.007108061
1420.138281250  0.007077593
1420.142187500  0.007117985
1420.146093750  0.007048343
1420.150000000  0.007166061
1420.153906250  0.007179556
1420.157812500  0.007092132
1420.161718750  0.007032604
1420.165625000  0.007033214
1420.169531250  0.007096734
1420.173437500  0.007125397
1420.177343750  0.007105867
1420.181250000  0.007084532
1420.185156250  0.007124686
1420.189062500  0.007140010
1420.192968750  0.007089964
1420.196875000  0.007069934
1420.200781250  0.007106957
1420.204687500  0.007138555
1420.208593750  0.007146619
1420.212500000  0.007134074
1420.216406250  0.007131044
1420.220312500  0.007123230
1420.224218750  0.007088926
1420.228125000  0.007172515
1420.232031250  0.007049857
1420.235937500  0.007064826
1420.239843750  0.007105253
1420.243750000  0.007155028
1420.247656250  0.007135519
1420.251562500  0.007091204
1420.255468750  0.007114994
1420.259375000  0.007140115
1420.263281250  0.007157101
1420.267187500  0.007134003
1420.271093750  0.007094155
1420.275000000  0.007115487
1420.278906250  0.007112899
1420.282812500  0.007135818
1420.286718750  0.007132733
1420.290625000  0.007110298
1420.294531250  0.007124233
1420.298437500  0.007154894
1420.302343750  0.007164944
1420.306250000  0.007134380
1420.310156250  0.007162529
1420.314062500  0.007154439
1420.317968750  0.007144929
1420.321875000  0.007145347
1420.325781250  0.007182619
1420.329687500  0.007226475
1420.333593750  0.007189537
1420.337500000  0.007150405
1420.341406250  0.007276015
1420.345312500  0.007177369
1420.349218750  0.007163016
1420.353125000  0.007248320
1420.357031250  0.007246717
1420.360937500  0.007194366
1420.364843750  0.007281837
1420.368750000  0.007252116
1420.372656250  0.007305584
1420.376562500  0.007316076
1420.380468750  0.007307929
1420.384375000  0.007306315
1420.388281250  0.007354148
1420.392187500  0.007370406
1420.396093750  0.007317174
1420.400000000  0.007777418
1420.403906250  0.007343681
1420.407812500  0.007300081
1420.411718750  0.007345736
1420.415625000  0.007332692
1420.419531250  0.007299437
1420.423437500  0.007324813
1420.427343750  0.007279443
1420.431250000  0.007283477
1420.435156250  0.007287703
1420.439062500  0.007311671
1420.442968750  0.007302283
1420.446875000  0.007229430
1420.450781250  0.007204403
1420.454687500  0.007169880
1420.458593750  0.007273653
1420.462500000  0.007200939
1420.466406250  0.007170842
1420.470312500  0.007196470
1420.474218750  0.007230286
1420.478125000  0.007201003
1420.482031250  0.007246447
1420.485937500  0.007200617
1420.489843750  0.007126972
1420.493750000  0.007193868
1420.497656250  0.007177167
1420.501562500  0.007188119
1420.505468750  0.007178045
1420.509375000  0.007167160
1420.513281250  0.007209964
1420.517187500  0.007193248
1420.521093750  0.007247480
1420.525000000  0.007226489
1420.528906250  0.007257743
1420.532812500  0.007278577
1420.536718750  0.007196759
1420.540625000  0.007098875
1420.544531250  0.007196743
1420.548437500  0.007174710
1420.552343750  0.007093474
1420.556250000  0.007184292
1420.560156250  0.007151467
1420.564062500  0.007157048
1420.567968750  0.007185975
1420.571875000  0.007193369
1420.575781250  0.007166363
1420.579687500  0.007161068
1420.583593750  0.007261963
1420.587500000  0.007262612
1420.591406250  0.007139748
1420.595312500  0.007173055
1420.599218750  0.007165117
1420.603125000  0.007210836
1420.607031250  0.007172584
1420.610937500  0.007211705
1420.614843750  0.007162644
1420.618750000  0.007205080
1420.622656250  0.007221575
1420.626562500  0.007269761
1420.630468750  0.007208162
1420.634375000  0.007181658
1420.638281250  0.007160376
1420.642187500  0.007161510
1420.646093750  0.007162685
1420.650000000  0.007209277
1420.653906250  0.007229348
1420.657812500  0.007151327
1420.661718750  0.007228752
1420.665625000  0.007214363
1420.669531250  0.007256685
1420.673437500  0.007220188
1420.677343750  0.007238759
1420.681250000  0.007226961
1420.685156250  0.007216310
1420.689062500  0.007264548
1420.692968750  0.007149163
1420.696875000  0.007245591
1420.700781250  0.007260255
1420.704687500  0.007228162
1420.708593750  0.007253645
1420.712500000  0.007272748
1420.716406250  0.007186703
1420.720312500  0.007242416
1420.724218750  0.007240813
1420.728125000  0.007236446
1420.732031250  0.007235430
1420.735937500  0.007275934
1420.739843750  0.007264895
1420.743750000  0.007203022
1420.747656250  0.007265286
1420.751562500  0.007234617
1420.755468750  0.007254807
1420.759375000  0.007212896
1420.763281250  0.007203415
1420.767187500  0.007236179
1420.771093750  0.007301068
1420.775000000  0.007205617
1420.778906250  0.007197369
1420.782812500  0.007216971
1420.786718750  0.007193510
1420.790625000  0.007215732
1420.794531250  0.007276416
1420.798437500  0.007227224
1420.802343750  0.007217959
1420.806250000  0.007315064
1420.810156250  0.007302113
1420.814062500  0.007244539
1420.817968750  0.007345092
1420.821875000  0.007251607
1420.825781250  0.007259957
1420.829687500  0.007264749
1420.833593750  0.007182320
1420.837500000  0.007188172
1420.841406250  0.007276908
1420.845312500  0.007284897
1420.849218750  0.007317333
1420.853125000  0.007336429
1420.857031250  0.007271157
1420.860937500  0.007258822
1420.864843750  0.007305890
1420.868750000  0.007302813
1420.872656250  0.007241096
1420.876562500  0.007313348
1420.880468750  0.007341037
1420.884375000  0.007242056
1420.888281250  0.007257996
1420.892187500  0.007318928
1420.896093750  0.007242338
1420.900000000  0.007252978
1420.903906250  0.007203948
1420.907812500  0.007267168
1420.911718750  0.007368786
1420.915625000  0.007280295
1420.919531250  0.007296491
1420.923437500  0.007304443
1420.927343750  0.007301932
1420.931250000  0.007311548
1420.935156250  0.007337273
1420.939062500  0.007278592
1420.942968750  0.007328433
1420.946875000  0.007373468
1420.950781250  0.007267788
1420.954687500  0.007328314
1420.958593750  0.007362621
1420.962500000  0.007396666
1420.966406250  0.007333369
1420.970312500  0.007341518
1420.974218750  0.007331584
1420.978125000  0.007340664
1420.982031250  0.007303526
1420.985937500  0.007318365
1420.989843750  0.007354421
1420.993750000  0.007341399
1420.997656250  0.007320690
1421.001562500  0.007310331
1421.005468750  0.007288981
1421.009375000  0.007296732
1421.013281250  0.007332508
1421.017187500  0.007365993
1421.021093750  0.007368792
1421.025000000  0.007308621
1421.028906250  0.007355692
1421.032812500  0.007339245
1421.036718750  0.007308841
1421.040625000  0.007309210
1421.044531250  0.007319013
1421.048437500  0.007309758
1421.052343750  0.007368564
1421.056250000  0.007347652
1421.060156250  0.007359996
1421.064062500  0.007290291
1421.067968750  0.007296863
1421.071875000  0.007393196
1421.075781250  0.007345934
1421.079687500  0.007359462
1421.083593750  0.007280713
1421.087500000  0.007366830
1421.091406250  0.007407484
1421.095312500  0.007370257
1421.099218750  0.007356826
1421.103125000  0.007334998
1421.107031250  0.007397631
1421.110937500  0.007371475
1421.114843750  0.007376830
1421.118750000  0.007353233
1421.122656250  0.007404282
1421.126562500  0.007411933
1421.130468750  0.007387965
1421.134375000  0.007379328
1421.138281250  0.007359338
1421.142187500  0.007434595
1421.146093750  0.007385920
1421.150000000  0.007357834
1421.153906250  0.007422657
1421.157812500  0.007428790
1421.161718750  0.007382051
1421.165625000  0.007354028
1421.169531250  0.007376207
1421.173437500  0.007356340
1421.177343750  0.007387201
1421.181250000  0.007440623
1421.185156250  0.007359868
1421.189062500  0.007376973
1421.192968750  0.007402227
1421.196875000  0.007366287
1421.200781250  0.007403556
1421.204687500  0.007456041
1421.208593750  0.007440867
1421.212500000  0.007356585
1421.216406250  0.007413983
1421.220312500  0.007441953
1421.224218750  0.007386701
1421.228125000  0.007394595
1421.232031250  0.007403356
1421.235937500  0.007390926
1421.239843750  0.007400670
1421.243750000  0.007424682
1421.247656250  0.007415412
1421.251562500  0.007414604
1421.255468750  0.007364285
1421.259375000  0.007552303
1421.263281250  0.007408174
1421.267187500  0.007425156
1421.271093750  0.007427099
1421.275000000  0.007407774
1421.278906250  0.007380552
1421.282812500  0.007420615
1421.286718750  0.007437095
1421.290625000  0.007449549
1421.294531250  0.007479007
1421.298437500  0.007521433
1421.302343750  0.007450546
1421.306250000  0.007436488
1421.310156250  0.007537104
1421.314062500  0.007478895
1421.317968750  0.007440371
1421.321875000  0.007439869
1421.325781250  0.007445630
1421.329687500  0.007460039
1421.333593750  0.007464722
1421.337500000  0.007491900
1421.341406250  0.007455862
1421.345312500  0.007461132
1421.349218750  0.007479231
1421.353125000  0.007423124
1421.357031250  0.007508309
1421.360937500  0.007480763
1421.364843750  0.007406691
1421.368750000  0.007473864
1421.372656250  0.007452592
1421.376562500  0.007529565
1421.380468750  0.007514525
1421.384375000  0.007528248
1421.388281250  0.007545825
1421.392187500  0.007456478
1421.396093750  0.007483127
1421.400000000  0.007500623
1421.403906250  0.007661272
1421.407812500  0.007438586
1421.411718750  0.007467454
1421.415625000  0.007527207
1421.419531250  0.007471505
1421.423437500  0.007503095
1421.427343750  0.007599532
1421.431250000  0.007532682
1421.435156250  0.007514942
1421.439062500  0.007525079
1421.442968750  0.007576269
1421.446875000  0.007439659
1421.450781250  0.007557911
1421.454687500  0.007524119
1421.458593750  0.007569331
1421.462500000  0.007471780
1421.466406250  0.007551477
1421.470312500  0.007515850
1421.474218750  0.007541273
1421.478125000  0.007573057
1421.482031250  0.007490435
1421.485937500  0.007563345
1421.489843750  0.007493342
1421.493750000  0.007606912
1421.497656250  0.007586183
1421.501562500  0.007534025
1421.505468750  0.007510438
1421.509375000  0.007545255
1421.513281250  0.007460095
1421.517187500  0.007596091
1421.521093750  0.007573347
1421.525000000  0.007539247
1421.528906250  0.007608446
1421.532812500  0.007570884
1421.536718750  0.007560037
1421.540625000  0.007595834
1421.544531250  0.007517785
1421.548437500  0.007549709
1421.552343750  0.007575818
1421.556250000  0.007506499
1421.560156250  0.007554091
1421.564062500  0.007618534
1421.567968750  0.007520643
1421.571875000  0.007551567
1421.575781250  0.007600477
1421.579687500  0.007553868
1421.583593750  0.007595954
1421.587500000  0.007630220
1421.591406250  0.007559071
1421.595312500  0.007561158
1421.599218750  0.007545735
1421.603125000  0.007530667
1421.607031250  0.007554399
1421.610937500  0.007547866
1421.614843750  0.007525161
1421.618750000  0.007516133
1421.622656250  0.007520128
1421.626562500  0.007579978
1421.630468750  0.007643244
1421.634375000  0.007565284
1421.638281250  0.007565379
1421.642187500  0.007500175
1421.646093750  0.007557741
1421.650000000  0.007570335
1421.653906250  0.007563321
1421.657812500  0.007536164
1421.661718750  0.007513162
1421.665625000  0.007430673
1421.669531250  0.007575709
1421.673437500  0.007552671
1421.677343750  0.007566704
1421.681250000  0.007552772
1421.685156250  0.007509880
1421.689062500  0.007580531
1421.692968750  0.007592492
1421.696875000  0.007542314
1421.700781250  0.007622487
1421.704687500  0.007484556
1421.708593750  0.007515599
1421.712500000  0.007591408
1421.716406250  0.007554579
1421.720312500  0.007624062
1421.724218750  0.007590091
1421.728125000  0.007562269
1421.732031250  0.007534021
1421.735937500  0.007610377
1421.739843750  0.007508829
1421.743750000  0.007565438
1421.747656250  0.007549528
1421.751562500  0.007573230
1421.755468750  0.007614019
1421.759375000  0.007612146
1421.763281250  0.007529065
1421.767187500  0.007540917
1421.771093750  0.007547836
1421.775000000  0.007573697
1421.778906250  0.007586662
1421.782812500  0.007521467
1421.786718750  0.007512771
1421.790625000  0.007527162
1421.794531250  0.007556955
1421.798437500  0.007583692
1421.802343750  0.007549209
1421.806250000  0.007547434
1421.810156250  0.007561337
1421.814062500  0.007608332
1421.817968750  0.007624511
1421.821875000  0.007483073
1421.825781250  0.007460975
1421.829687500  0.007540948
1421.833593750  0.007562559
1421.837500000  0.007623974
1421.841406250  0.007572816
1421.845312500  0.007594530
1421.849218750  0.007621405
1421.853125000  0.007478904
1421.857031250  0.007615676
1421.860937500  0.007573349
1421.864843750  0.007588766
1421.868750000  0.007543860
1421.872656250  0.007571869
1421.876562500  0.007443196
1421.880468750  0.007568249
1421.884375000  0.007561646
1421.888281250  0.007546048
1421.892187500  0.007582856
1421.896093750  0.007547180
1421.900000000  0.007541136
1421.903906250  0.007564827
1421.907812500  0.007571941
1421.911718750  0.007527744
1421.915625000  0.007645567
1421.919531250  0.007617487
1421.923437500  0.007630587
1421.927343750  0.007617117
1421.931250000  0.007583774
1421.935156250  0.007551910
1421.939062500  0.007559849
1421.942968750  0.007606669
1421.946875000  0.007525981
1421.950781250  0.007588394
1421.954687500  0.007616021
1421.958593750  0.007567828
1421.962500000  0.007619414
1421.966406250  0.007595982
1421.970312500  0.007614962
1421.974218750  0.007607883
1421.978125000  0.007575553
1421.982031250  0.007603802
1421.985937500  0.007512718
1421.989843750  0.007546636
1421.993750000  0.007584478
1421.997656250  0.007605569
1422.001562500  0.007578449
1422.005468750  0.007595326
1422.009375000  0.007610617
1422.013281250  0.007594104
1422.017187500  0.007615280
1422.021093750  0.007574892
1422.025000000  0.007544291
1422.028906250  0.007556697
1422.032812500  0.007633918
1422.036718750  0.007545233
1422.040625000  0.007604652
1422.044531250  0.007657181
1422.048437500  0.007612406
1422.052343750  0.007602216
1422.056250000  0.007573799
1422.060156250  0.007640971
1422.064062500  0.007551671
1422.067968750  0.007556609
1422.071875000  0.007558627
1422.075781250  0.007579317
1422.079687500  0.007615446
1422.083593750  0.007638256
1422.087500000  0.007586219
1422.091406250  0.007523012
1422.095312500  0.007563859
1422.099218750  0.007615302
1422.103125000  0.007619807
1422.107031250  0.007558398
1422.110937500  0.007632158
1422.114843750  0.007642233
1422.118750000  0.007597810
1422.122656250  0.007502788
1422.126562500  0.007596889
1422.130468750  0.007629049
1422.134375000  0.007549856
1422.138281250  0.007617122
1422.142187500  0.007544587
1422.146093750  0.007601996
1422.150000000  0.007585764
1422.153906250  0.007780558
1422.157812500  0.007620474
1422.161718750  0.007644438
1422.165625000  0.007644554
1422.169531250  0.007607271
1422.173437500  0.007641919
1422.177343750  0.007626048
1422.181250000  0.007661762
1422.185156250  0.007634717
1422.189062500  0.007591814
1422.192968750  0.007637720
1422.196875000  0.007658234
1422.200781250  0.007734191
1422.204687500  0.007651713
1422.208593750  0.007642863
1422.212500000  0.007662341
1422.216406250  0.007575190
1422.220312500  0.007603431
1422.224218750  0.007565476
1422.228125000  0.007543054
1422.232031250  0.007584659
1422.235937500  0.007693787
1422.239843750  0.007594440
1422.243750000  0.007556127
1422.247656250  0.007595992
1422.251562500  0.007488522
1422.255468750  0.007569820
1422.259375000  0.007548093
1422.263281250  0.007606750
1422.267187500  0.007609602
1422.271093750  0.007588184
1422.275000000  0.007560733
1422.278906250  0.007606590
1422.282812500  0.007581940
1422.286718750  0.007630491
1422.290625000  0.007596970
1422.294531250  0.007596898
1422.298437500  0.007643104
1422.302343750  0.007533227
1422.306250000  0.007577574
1422.310156250  0.007601796
1422.314062500  0.007582646
1422.317968750  0.007561296
1422.321875000  0.007561912
1422.325781250  0.007558950
1422.329687500  0.007532133
1422.333593750  0.007550666
1422.337500000  0.007567534
1422.341406250  0.007577955
1422.345312500  0.008010712
1422.349218750  0.007537153
1422.353125000  0.007530375
1422.357031250  0.007539973
1422.360937500  0.007532660
1422.364843750  0.007538212
1422.368750000  0.007614776
1422.372656250  0.007540514
1422.376562500  0.007585291
1422.380468750  0.007582652
1422.384375000  0.007565868
1422.388281250  0.007549640
1422.392187500  0.007830007
1422.396093750  0.007673919
1422.400000000  0.007675082
1422.403906250  0.007556385
1422.407812500  0.007479630
1422.411718750  0.007608138
1422.415625000  0.007593313
1422.419531250  0.007632694
1422.423437500  0.007518895
1422.427343750  0.007578821
1422.431250000  0.007508792
1422.435156250  0.007591317
1422.439062500  0.007620893
1422.442968750  0.007590215
1422.446875000  0.007599568
1422.450781250  0.007602548
1422.454687500  0.007609564
1422.458593750  0.007560276
1422.462500000  0.007559044
1422.466406250  0.007581593
1422.470312500  0.007610276
1422.474218750  0.007548964
1422.478125000  0.007572921
1422.482031250  0.007577425
1422.485937500  0.007580229
1422.489843750  0.007564287
1422.493750000  0.007585656
1422.497656250  0.007581604
1422.501562500  0.007546818
1422.505468750  0.007623766
1422.509375000  0.007594353
1422.513281250  0.007553433
1422.517187500  0.007534503
1422.521093750  0.007566586
1422.525000000  0.007641325
1422.528906250  0.007592931
1422.532812500  0.007612619
1422.536718750  0.007707012
1422.540625000  0.007592422
1422.544531250  0.007580183
1422.548437500  0.007631661
1422.552343750  0.007627539
1422.556250000  0.007646971
1422.560156250  0.007579712
1422.564062500  0.007574684
1422.567968750  0.007622916
1422.571875000  0.007590914
1422.575781250  0.007595259
1422.579687500  0.007626638
1422.583593750  0.007675229
1422.587500000  0.007743969
1422.591406250  0.007571500
1422.595312500  0.007574881
1422.599218750  0.007620223
1422.603125000  0.007641296
1422.607031250  0.007565528
1422.610937500  0.007609174
1422.614843750  0.007557864
1422.618750000  0.007608386
1422.622656250  0.007587794
1422.626562500  0.007665142
1422.630468750  0.007608927
1422.634375000  0.007586554
1422.638281250  0.007573121
1422.642187500  0.007620325
1422.646093750  0.007560632
1422.650000000  0.007568182
1422.653906250  0.007634668
1422.657812500  0.007554180
1422.661718750  0.007632803
1422.665625000  0.007662357
1422.669531250  0.007633913
1422.673437500  0.007669510
1422.677343750  0.007624396
1422.681250000  0.007660559
1422.685156250  0.007554946
1422.689062500  0.007564905
1422.692968750  0.007574345
1422.696875000  0.007659093
1422.700781250  0.007658352
1422.704687500  0.007561965
1422.708593750  0.007595556
1422.712500000  0.007664576
1422.716406250  0.007693280
1422.720312500  0.007644473
1422.724218750  0.007622126
1422.728125000  0.007631223
1422.732031250  0.007620709
1422.735937500  0.007603014
1422.739843750  0.007713266
1422.743750000  0.007538983
1422.747656250  0.007692987
1422.751562500  0.007587998
1422.755468750  0.007643407
1422.759375000  0.007682612
1422.763281250  0.007582909
1422.767187500  0.007636652
1422.771093750  0.007708524
1422.775000000  0.007677826
1422.778906250  0.007677400
1422.782812500  0.007598859
1422.786718750  0.007618160
1422.790625000  0.007528579
1422.794531250  0.007663135
1422.798437500  0.007677034
1422.802343750  0.007670623
1422.806250000  0.007717387
1422.810156250  0.007596979
1422.814062500  0.007616286
1422.817968750  0.007629436
1422.821875000  0.007647731
1422.825781250  0.007626188
1422.829687500  0.007647615
1422.833593750  0.007594998
1422.837500000  0.007657384
1422.841406250  0.007572345
1422.845312500  0.007610014
1422.849218750  0.007639318
1422.853125000  0.007670436
1422.857031250  0.007581624
1422.860937500  0.007600198
1422.864843750  0.007671160
1422.868750000  0.007598107
1422.872656250  0.007662053
1422.876562500  0.007702353
1422.880468750  0.007586815
1422.884375000  0.007577230
1422.888281250  0.007581054
1422.892187500  0.007567304
1422.896093750  0.007631042
1422.900000000  0.007571101
1422.903906250  0.007636127
1422.907812500  0.007554864
1422.911718750  0.007609062
1422.915625000  0.007587481
1422.919531250  0.007651863
1422.923437500  0.007557159
1422.927343750  0.007568059
1422.931250000  0.007681827
1422.935156250  0.007600149
1422.939062500  0.007560351
1422.942968750  0.007602123
1422.946875000  0.007596408
1422.950781250  0.007641398
1422.954687500  0.007563555
1422.958593750  0.007665691
1422.962500000  0.007606934
1422.966406250  0.007610387
1422.970312500  0.007633970
1422.974218750  0.007648169
1422.978125000  0.007697115
1422.982031250  0.007637893
1422.985937500  0.007674315
1422.989843750  0.007637517
1422.993750000  0.007548341
1422.997656250  0.007606886
1423.001562500  0.007738826
1423.005468750  0.007657323
1423.009375000  0.007710088
1423.013281250  0.007643972
1423.017187500  0.007670796
1423.021093750  0.007666989
1423.025000000  0.007686928
1423.028906250  0.007652775
1423.032812500  0.007619480
1423.036718750  0.007616152
1423.040625000  0.007564222
1423.044531250  0.007668838
1423.048437500  0.007648013
1423.052343750  0.007700522
1423.056250000  0.007746455
1423.060156250  0.007645412
1423.064062500  0.007597533
1423.067968750  0.007631639
1423.071875000  0.007596680
1423.075781250  0.007681379
1423.079687500  0.007613124
1423.083593750  0.007622929
1423.087500000  0.007614163
1423.091406250  0.007596276
1423.095312500  0.007592103
1423.099218750  0.007592015
1423.103125000  0.007614428
1423.107031250  0.007669131
1423.110937500  0.007591523
1423.114843750  0.007628900
1423.118750000  0.007504196
1423.122656250  0.007663612
1423.126562500  0.007577174
1423.130468750  0.007686839
1423.134375000  0.007568560
1423.138281250  0.007616761
1423.142187500  0.007579476
1423.146093750  0.007581260
1423.150000000  0.007627992
1423.153906250  0.007668830
1423.157812500  0.007656903
1423.161718750  0.007639197
1423.165625000  0.007656625
1423.169531250  0.007567002
1423.173437500  0.007647298
1423.177343750  0.007598564
1423.181250000  0.007640295
1423.185156250  0.007704058
1423.189062500  0.007578524
1423.192968750  0.007646171
1423.196875000  0.007601225
1423.200781250  0.007680192
1423.204687500  0.007669836
1423.208593750  0.007584689
1423.212500000  0.007599459
1423.216406250  0.007629273
1423.220312500  0.007623044
1423.224218750  0.007663777
1423.228125000  0.007623868
1423.232031250  0.007650732
1423.235937500  0.007681055
1423.239843750  0.007656764
1423.243750000  0.007661874
1423.247656250  0.007702984
1423.251562500  0.007664914
1423.255468750  0.007657964
1423.259375000  0.007702237
1423.263281250  0.007682547
1423.267187500  0.007624925
1423.271093750  0.007664378
1423.275000000  0.007635275
1423.278906250  0.007698717
1423.282812500  0.007651701
1423.286718750  0.007633044
1423.290625000  0.007590681
1423.294531250  0.007710328
1423.298437500  0.007592759
1423.302343750  0.007636627
1423.306250000  0.007724286
1423.310156250  0.007650033
1423.314062500  0.007694388
1423.317968750  0.007660932
1423.321875000  0.007652041
1423.325781250  0.007618052
1423.329687500  0.007669065
1423.333593750  0.007656385
1423.337500000  0.007664590
1423.341406250  0.007702746
1423.345312500  0.007668229
1423.349218750  0.007680765
1423.353125000  0.007651325
1423.357031250  0.007698610
1423.360937500  0.007698986
1423.364843750  0.007634675
1423.368750000  0.007672167
1423.372656250  0.007672871
1423.376562500  0.007726700
1423.380468750  0.007683377
1423.384375000  0.007615056
1423.388281250  0.007634616
1423.392187500  0.007704265
1423.396093750  0.007659654
1423.400000000  0.007710389
1423.403906250  0.007660921
1423.407812500  0.007704914
1423.411718750  0.007699136
1423.415625000  0.007686720
1423.419531250  0.007694380
1423.423437500  0.007753013
1423.427343750  0.007661884
1423.431250000  0.007642769
1423.435156250  0.007720054
1423.439062500  0.007748460
1423.442968750  0.007821344
1423.446875000  0.007697457
1423.450781250  0.007705144
1423.454687500  0.007690276
1423.458593750  0.007645132
1423.462500000  0.007678493
1423.466406250  0.007620073
1423.470312500  0.007676052
1423.474218750  0.007716995
1423.478125000  0.007715144
1423.482031250  0.007718763
1423.485937500  0.007828901
1423.489843750  0.007673198
1423.493750000  0.007623004
1423.497656250  0.007768724
1423.501562500  0.007689070
1423.505468750  0.007760593
1423.509375000  0.007734513
1423.513281250  0.007664890
1423.517187500  0.007615135
1423.521093750  0.007695975
1423.525000000  0.007717678
1423.528906250  0.007751717
1423.532812500  0.007641906
1423.536718750  0.007733613
1423.540625000  0.007776877
1423.544531250  0.007703122
1423.548437500  0.007747586
1423.552343750  0.007764823
1423.556250000  0.007721395
1423.560156250  0.007709755
1423.564062500  0.007693269
1423.567968750  0.007710925
1423.571875000  0.007688699
1423.575781250  0.007646003
1423.579687500  0.007762080
1423.583593750  0.007709325
1423.587500000  0.007760020
1423.591406250  0.007627004
1423.595312500  0.007752307
1423.599218750  0.007815614
1423.603125000  0.007768294
1423.607031250  0.007785096
1423.610937500  0.007786904
1423.614843750  0.007779522
1423.618750000  0.007749573
1423.622656250  0.007768849
1423.626562500  0.007729520
1423.630468750  0.007796949
1423.634375000  0.007839292
1423.638281250  0.007759910
1423.642187500  0.007729397
1423.646093750  0.007801165
1423.650000000  0.007760476
1423.653906250  0.007823191
1423.657812500  0.007752733
1423.661718750  0.007643285
1423.665625000  0.007767935
1423.669531250  0.007873286
1423.673437500  0.007775911
1423.677343750  0.007756650
1423.681250000  0.007798039
1423.685156250  0.007843450
1423.689062500  0.007777200
1423.692968750  0.007744152
1423.696875000  0.007831080
1423.700781250  0.007801178
1423.704687500  0.007739741
1423.708593750  0.007824431
1423.712500000  0.007825783
1423.716406250  0.007858509
1423.720312500  0.007760310
1423.724218750  0.007930307
1423.728125000  0.007849584
1423.732031250  0.007792722
1423.735937500  0.007860090
1423.739843750  0.007834025
1423.743750000  0.007808255
1423.747656250  0.007760996
1423.751562500  0.007835123
1423.755468750  0.007789548
1423.759375000  0.007743025
1423.763281250  0.007780478
1423.767187500  0.007877249
1423.771093750  0.007891758
1423.775000000  0.007856589
1423.778906250  0.007836444
1423.782812500  0.007831981
1423.786718750  0.007843881
1423.790625000  0.007854820
1423.794531250  0.007879790
1423.798437500  0.007920942
1423.802343750  0.007884384
1423.806250000  0.007836518
1423.810156250  0.007891911
1423.814062500  0.007875472
1423.817968750  0.007925166
1423.821875000  0.007894871
1423.825781250  0.007883208
1423.829687500  0.007886682
1423.833593750  0.007850173
1423.837500000  0.007879270
1423.841406250  0.007865555
1423.845312500  0.007935826
1423.849218750  0.007809958
1423.853125000  0.007786954
1423.857031250  0.007865783
1423.860937500  0.007851577
1423.864843750  0.007876952
1423.868750000  0.007918732
1423.872656250  0.007890215
1423.876562500  0.007920642
1423.880468750  0.007924760
1423.884375000  0.007919559
1423.888281250  0.007897960
1423.892187500  0.007871566
1423.896093750  0.007887441
1423.900000000  0.007961251
1423.903906250  0.007938476
1423.907812500  0.007874263
1423.911718750  0.007866111
1423.915625000  0.007922375
1423.919531250  0.007827997
1423.923437500  0.007847980
1423.927343750  0.007938863
1423.931250000  0.007922148
1423.935156250  0.007921214
1423.939062500  0.007992395
1423.942968750  0.007911180
1423.946875000  0.007906112
1423.950781250  0.007876899
1423.954687500  0.007927663
1423.958593750  0.007932530
1423.962500000  0.008000823
1423.966406250  0.007924848
1423.970312500  0.007949351
1423.974218750  0.008014665
1423.978125000  0.007969620
1423.982031250  0.007993810
1423.985937500  0.007995435
1423.989843750  0.008112677
1423.993750000  0.008039812
1423.997656250  0.008058109
1424.001562500  0.008169340
1424.005468750  0.008005438
1424.009375000  0.008089412
1424.013281250  0.008002366
1424.017187500  0.008036045
1424.021093750  0.008032557
1424.025000000  0.008001872
1424.028906250  0.007936162
1424.032812500  0.007988095
1424.036718750  0.008024721
1424.040625000  0.007954836
1424.044531250  0.008053984
1424.048437500  0.007985178
1424.052343750  0.008005831
1424.056250000  0.008100910
1424.060156250  0.008068725
1424.064062500  0.008055497
1424.067968750  0.007989917
1424.071875000  0.007986127
1424.075781250  0.008078935
1424.079687500  0.008088325
1424.083593750  0.008070385
1424.087500000  0.008072181
1424.091406250  0.008115706
1424.095312500  0.008102825
1424.099218750  0.008084743
1424.103125000  0.008103943
1424.107031250  0.008063644
1424.110937500  0.007996091
1424.114843750  0.008104591
1424.118750000  0.008090804
1424.122656250  0.008072401
1424.126562500  0.007991932
1424.130468750  0.008086182
1424.134375000  0.008071264
1424.138281250  0.008036756
1424.142187500  0.008104921
1424.146093750  0.008097294
1424.150000000  0.008175796
1424.153906250  0.008242210
1424.157812500  0.008011688
1424.161718750  0.008108193
1424.165625000  0.008043446
1424.169531250  0.008120398
1424.173437500  0.008034858
1424.177343750  0.008134066
1424.181250000  0.008142157
1424.185156250  0.008116262
1424.189062500  0.008209628
1424.192968750  0.008105049
1424.196875000  0.008044955
1424.200781250  0.008459629
1424.204687500  0.008149115
1424.208593750  0.008102524
1424.212500000  0.008086539
1424.216406250  0.008229327
1424.220312500  0.008049279
1424.224218750  0.008227703
1424.228125000  0.008088590
1424.232031250  0.008085948
1424.235937500  0.008124508
1424.239843750  0.008162001
1424.243750000  0.008216639
1424.247656250  0.008302770
1424.251562500  0.008271977
1424.255468750  0.008173567
1424.259375000  0.008145248
1424.263281250  0.008219627
1424.267187500  0.008193671
1424.271093750  0.008247356
1424.275000000  0.008117977
1424.278906250  0.008087611
1424.282812500  0.008149941
1424.286718750  0.008159065
1424.290625000  0.008224162
1424.294531250  0.008235446
1424.298437500  0.008149437
1424.302343750  0.008136587
1424.306250000  0.008147007
1424.310156250  0.008101743
1424.314062500  0.008119969
1424.317968750  0.008157364
1424.321875000  0.008212039
1424.325781250  0.008124586
1424.329687500  0.008091608
1424.333593750  0.008138111
1424.337500000  0.008145496
1424.341406250  0.008209443
1424.345312500  0.008164066
1424.349218750  0.008052010
1424.353125000  0.008108436
1424.357031250  0.008187233
1424.360937500  0.008080892
1424.364843750  0.008085746
1424.368750000  0.008119420
1424.372656250  0.008190393
1424.376562500  0.008118455
1424.380468750  0.008148378
1424.384375000  0.008115872
1424.388281250  0.008253916
1424.392187500  0.008170683
1424.396093750  0.008109565

