2000(10000)
1416.400000000  0.008472662
1416.403906250  0.008416369
1416.407812500  0.008367048
1416.411718750  0.008470805
1416.415625000  0.008488110
1416.419531250  0.008411049
1416.423437500  0.008471385
1416.427343750  0.008601619
1416.431250000  0.008428881
1416.435156250  0.008435227
1416.439062500  0.008509483
1416.442968750  0.008553650
1416.446875000  0.008483442
1416.450781250  0.008496489
1416.454687500  0.008440394
1416.458593750  0.008430270
1416.462500000  0.008469929
1416.466406250  0.008445105
1416.470312500  0.008439383
1416.474218750  0.008346974
1416.478125000  0.008472910
1416.482031250  0.008725562
1416.485937500  0.008553009
1416.489843750  0.008457916
1416.493750000  0.008394977
1416.497656250  0.008335298
1416.501562500  0.008457080
1416.505468750  0.008415375
1416.509375000  0.008402171
1416.513281250  0.008386050
1416.517187500  0.008363603
1416.521093750  0.008424732
1416.525000000  0.008418369
1416.528906250  0.008428500
1416.532812500  0.008444671
1416.536718750  0.008608175
1416.540625000  0.008381824
1416.544531250  0.008374720
1416.548437500  0.008419950
1416.552343750  0.008459530
1416.556250000  0.008438036
1416.560156250  0.008349297
1416.564062500  0.008387759
1416.567968750  0.008420452
1416.571875000  0.008364793
1416.575781250  0.008365268
1416.579687500  0.008418420
1416.583593750  0.008421399
1416.587500000  0.008393866
1416.591406250  0.008620381
1416.595312500  0.008491246
1416.599218750  0.008422124
1416.603125000  0.008410772
1416.607031250  0.008358671
1416.610937500  0.008372285
1416.614843750  0.008297949
1416.618750000  0.008390845
1416.622656250  0.008386926
1416.626562500  0.008390432
1416.630468750  0.008468326
1416.634375000  0.008489082
1416.638281250  0.008410835
1416.642187500  0.008511812
1416.646093750  0.009240415
1416.650000000  0.008941624
1416.653906250  0.008736453
1416.657812500  0.008521465
1416.661718750  0.008556499
1416.665625000  0.008498916
1416.669531250  0.008282718
1416.673437500  0.008419966
1416.677343750  0.008472105
1416.681250000  0.008282839
1416.685156250  0.008348039
1416.689062500  0.008321471
1416.692968750  0.008361177
1416.696875000  0.008378219
1416.700781250  0.009153248
1416.704687500  0.008603018
1416.708593750  0.008394923
1416.712500000  0.008325604
1416.716406250  0.008300733
1416.720312500  0.008165539
1416.724218750  0.008314054
1416.728125000  0.008219586
1416.732031250  0.008231376
1416.735937500  0.008236951
1416.739843750  0.008273936
1416.743750000  0.008361398
1416.747656250  0.008256786
1416.751562500  0.008524187
1416.755468750  0.009645096
1416.759375000  0.008737981
1416.763281250  0.008336188
1416.767187500  0.008361961
1416.771093750  0.008355557
1416.775000000  0.008217165
1416.778906250  0.008327196
1416.782812500  0.008296940
1416.786718750  0.008287752
1416.790625000  0.008229866
1416.794531250  0.008229027
1416.798437500  0.008307701
1416.802343750  0.008428053
1416.806250000  0.008788454
1416.810156250  0.012341429
1416.814062500  0.009998697
1416.817968750  0.008786623
1416.821875000  0.008388467
1416.825781250  0.008413990
1416.829687500  0.008331458
1416.833593750  0.008289495
1416.837500000  0.008490021
1416.841406250  0.008470986
1416.845312500  0.008426869
1416.849218750  0.008557758
1416.853125000  0.008699291
1416.857031250  0.009234488
1416.860937500  0.010881356
1416.864843750  0.025679371
1416.868750000  0.017776322
1416.872656250  0.010212393
1416.876562500  0.009006047
1416.880468750  0.008693956
1416.884375000  0.008395093
1416.888281250  0.008387597
1416.892187500  0.008459208
1416.896093750  0.008408019
1416.900000000  0.008227853
1416.903906250  0.008211196
1416.907812500  0.008299516
1416.911718750  0.008461761
1416.915625000  0.008721621
1416.919531250  0.012170190
1416.923437500  0.010140008
1416.927343750  0.008495432
1416.931250000  0.008175599
1416.935156250  0.008152717
1416.939062500  0.008087730
1416.942968750  0.008044260
1416.946875000  0.008122127
1416.950781250  0.008039467
1416.954687500  0.007985169
1416.958593750  0.008109658
1416.962500000  0.008199596
1416.966406250  0.008156170
1416.970312500  0.008347548
1416.974218750  0.009705332
1416.978125000  0.008925736
1416.982031250  0.008210223
1416.985937500  0.008016999
1416.989843750  0.008026345
1416.993750000  0.008075792
1416.997656250  0.008332218
1417.001562500  0.008803574
1417.005468750  0.007973399
1417.009375000  0.008137265
1417.013281250  0.007971909
1417.017187500  0.007970815
1417.021093750  0.008018070
1417.025000000  0.008221735
1417.028906250  0.009096021
1417.032812500  0.008781590
1417.036718750  0.008003397
1417.040625000  0.007958660
1417.044531250  0.007902818
1417.048437500  0.007947053
1417.052343750  0.007928043
1417.056250000  0.007956982
1417.060156250  0.007960352
1417.064062500  0.007971197
1417.067968750  0.007944584
1417.071875000  0.008045329
1417.075781250  0.008182425
1417.079687500  0.008562016
1417.083593750  0.009244763
1417.087500000  0.008857188
1417.091406250  0.008055431
1417.095312500  0.008009338
1417.099218750  0.007952928
1417.103125000  0.008030559
1417.107031250  0.007893506
1417.110937500  0.007845985
1417.114843750  0.007877824
1417.118750000  0.007814457
1417.122656250  0.007806416
1417.126562500  0.007878946
1417.130468750  0.007805658
1417.134375000  0.007965073
1417.138281250  0.008322204
1417.142187500  0.008148605
1417.146093750  0.007843952
1417.150000000  0.007856303
1417.153906250  0.007854602
1417.157812500  0.007731643
1417.161718750  0.007781037
1417.165625000  0.007841119
1417.169531250  0.007722408
1417.173437500  0.007718673
1417.177343750  0.007792369
1417.181250000  0.007764535
1417.185156250  0.007768940
1417.189062500  0.007702619
1417.192968750  0.008069856
1417.196875000  0.008105664
1417.200781250  0.007806713
1417.204687500  0.007783984
1417.208593750  0.007694510
1417.212500000  0.007670954
1417.216406250  0.007662508
1417.220312500  0.007734226
1417.224218750  0.007669869
1417.228125000  0.007649206
1417.232031250  0.007668779
1417.235937500  0.007701818
1417.239843750  0.007640520
1417.243750000  0.007706994
1417.247656250  0.007906122
1417.251562500  0.007904629
1417.255468750  0.007625020
1417.259375000  0.007621724
1417.263281250  0.007609290
1417.267187500  0.007634950
1417.271093750  0.007560237
1417.275000000  0.007664041
1417.278906250  0.007643262
1417.282812500  0.007628397
1417.286718750  0.007584996
1417.290625000  0.007590885
1417.294531250  0.007642664
1417.298437500  0.007638891
1417.302343750  0.007719827
1417.306250000  0.007826803
1417.310156250  0.007572507
1417.314062500  0.007585641
1417.317968750  0.007570151
1417.321875000  0.007552589
1417.325781250  0.007551622
1417.329687500  0.007554576
1417.333593750  0.007512300
1417.337500000  0.007582735
1417.341406250  0.007646636
1417.345312500  0.007653724
1417.349218750  0.007539202
1417.353125000  0.007580866
1417.357031250  0.007640464
1417.360937500  0.007755028
1417.364843750  0.007500775
1417.368750000  0.007531756
1417.372656250  0.007620019
1417.376562500  0.007525015
1417.380468750  0.007488200
1417.384375000  0.007553016
1417.388281250  0.007580820
1417.392187500  0.007552410
1417.396093750  0.007544152
1417.400000000  0.007491613
1417.403906250  0.007546435
1417.407812500  0.007601738
1417.411718750  0.007530242
1417.415625000  0.007629531
1417.419531250  0.007529552
1417.423437500  0.007501404
1417.427343750  0.007489241
1417.431250000  0.007524612
1417.435156250  0.007538636
1417.439062500  0.007498836
1417.442968750  0.007525069
1417.446875000  0.007515495
1417.450781250  0.007422520
1417.454687500  0.007492693
1417.458593750  0.007535583
1417.462500000  0.007440994
1417.466406250  0.007452127
1417.470312500  0.007622774
1417.474218750  0.007429579
1417.478125000  0.007467506
1417.482031250  0.007486544
1417.485937500  0.007533264
1417.489843750  0.007422654
1417.493750000  0.007415241
1417.497656250  0.007409851
1417.501562500  0.007406797
1417.505468750  0.007434358
1417.509375000  0.007509059
1417.513281250  0.007438919
1417.517187500  0.007434472
1417.521093750  0.007485272
1417.525000000  0.007488329
1417.528906250  0.007388163
1417.532812500  0.007424956
1417.536718750  0.007431019
1417.540625000  0.007370693
1417.544531250  0.007457877
1417.548437500  0.007428035
1417.552343750  0.007405712
1417.556250000  0.007391618
1417.560156250  0.007399731
1417.564062500  0.007351329
1417.567968750  0.007422232
1417.571875000  0.007460674
1417.575781250  0.007412404
1417.579687500  0.007439969
1417.583593750  0.007410678
1417.587500000  0.007414768
1417.591406250  0.007420314
1417.595312500  0.007401906
1417.599218750  0.007353897
1417.603125000  0.007445530
1417.607031250  0.007369976
1417.610937500  0.007309358
1417.614843750  0.007393462
1417.618750000  0.007420055
1417.622656250  0.007365394
1417.626562500  0.007393905
1417.630468750  0.007396093
1417.634375000  0.007485023
1417.638281250  0.007364895
1417.642187500  0.007394645
1417.646093750  0.007388121
1417.650000000  0.007448167
1417.653906250  0.007347190
1417.657812500  0.007315773
1417.661718750  0.007373408
1417.665625000  0.007272379
1417.669531250  0.007339610
1417.673437500  0.007306649
1417.677343750  0.007354031
1417.681250000  0.007389955
1417.685156250  0.007325274
1417.689062500  0.007545137
1417.692968750  0.007313300
1417.696875000  0.007393189
1417.700781250  0.007254963
1417.704687500  0.007390036
1417.708593750  0.007253214
1417.712500000  0.007348506
1417.716406250  0.007295961
1417.720312500  0.007253389
1417.724218750  0.007395754
1417.728125000  0.007330412
1417.732031250  0.007235844
1417.735937500  0.007325325
1417.739843750  0.007310957
1417.743750000  0.007410192
1417.747656250  0.007307326
1417.751562500  0.007238542
1417.755468750  0.007343861
1417.759375000  0.007375873
1417.763281250  0.007282279
1417.767187500  0.007340078
1417.771093750  0.007327094
1417.775000000  0.007310042
1417.778906250  0.007213749
1417.782812500  0.007329260
1417.786718750  0.007271822
1417.790625000  0.007363301
1417.794531250  0.007301942
1417.798437500  0.007415270
1417.802343750  0.007335100
1417.806250000  0.007252208
1417.810156250  0.007292674
1417.814062500  0.007284982
1417.817968750  0.007303243
1417.821875000  0.007299379
1417.825781250  0.007268783
1417.829687500  0.007316301
1417.833593750  0.007241637
1417.837500000  0.007262892
1417.841406250  0.007254902
1417.845312500  0.007262729
1417.849218750  0.007229981
1417.853125000  0.007307925
1417.857031250  0.007237006
1417.860937500  0.007281200
1417.864843750  0.007266366
1417.868750000  0.007312427
1417.872656250  0.007271557
1417.876562500  0.007243699
1417.880468750  0.007313566
1417.884375000  0.007300856
1417.888281250  0.007253059
1417.892187500  0.007296208
1417.896093750  0.007309801
1417.900000000  0.007178805
1417.903906250  0.007210300
1417.907812500  0.007365724
1417.911718750  0.007243619
1417.915625000  0.007226793
1417.919531250  0.007194384
1417.923437500  0.007183606
1417.927343750  0.007190458
1417.931250000  0.007218166
1417.935156250  0.007263271
1417.939062500  0.007315411
1417.942968750  0.007254600
1417.946875000  0.007167683
1417.950781250  0.007230497
1417.954687500  0.007210165
1417.958593750  0.007257286
1417.962500000  0.007312520
1417.966406250  0.007273835
1417.970312500  0.007250343
1417.974218750  0.007217410
1417.978125000  0.007234253
1417.982031250  0.007230852
1417.985937500  0.007187651
1417.989843750  0.007244885
1417.993750000  0.007271411
1417.997656250  0.007248046
1418.001562500  0.007172222
1418.005468750  0.007234478
1418.009375000  0.007275539
1418.013281250  0.007208912
1418.017187500  0.007285959
1418.021093750  0.007235432
1418.025000000  0.007234093
1418.028906250  0.007242975
1418.032812500  0.007257038
1418.036718750  0.007169290
1418.040625000  0.007144929
1418.044531250  0.007203424
1418.048437500  0.007202539
1418.052343750  0.007166168
1418.056250000  0.007281229
1418.060156250  0.007201944
1418.064062500  0.007168481
1418.067968750  0.007208643
1418.071875000  0.007291456
1418.075781250  0.007143343
1418.079687500  0.007160839
1418.083593750  0.007246570
1418.087500000  0.007197174
1418.091406250  0.007183919
1418.095312500  0.007136243
1418.099218750  0.007212689
1418.103125000  0.007220983
1418.107031250  0.007286251
1418.110937500  0.007244047
1418.114843750  0.007113457
1418.118750000  0.007151927
1418.122656250  0.007264161
1418.126562500  0.007294454
1418.130468750  0.007165489
1418.134375000  0.007168199
1418.138281250  0.007145762
1418.142187500  0.007209697
1418.146093750  0.007168374
1418.150000000  0.007195470
1418.153906250  0.007309886
1418.157812500  0.007160458
1418.161718750  0.007200274
1418.165625000  0.007141229
1418.169531250  0.007117406
1418.173437500  0.007126069
1418.177343750  0.007145348
1418.181250000  0.007255760
1418.185156250  0.007191225
1418.189062500  0.007081888
1418.192968750  0.007228753
1418.196875000  0.007102615
1418.200781250  0.007179107
1418.204687500  0.007189789
1418.208593750  0.007171684
1418.212500000  0.007128968
1418.216406250  0.007194725
1418.220312500  0.007133503
1418.224218750  0.007216448
1418.228125000  0.007193006
1418.232031250  0.007148652
1418.235937500  0.007204947
1418.239843750  0.007204928
1418.243750000  0.007096786
1418.247656250  0.007220357
1418.251562500  0.007140391
1418.255468750  0.007199762
1418.259375000  0.007190863
1418.263281250  0.007173908
1418.267187500  0.007173126
1418.271093750  0.007168093
1418.275000000  0.007117396
1418.278906250  0.007081437
1418.282812500  0.007165083
1418.286718750  0.007177091
1418.290625000  0.007324865
1418.294531250  0.007236766
1418.298437500  0.007135800
1418.302343750  0.007163800
1418.306250000  0.007143057
1418.310156250  0.007197471
1418.314062500  0.007148314
1418.317968750  0.007151594
1418.321875000  0.007093341
1418.325781250  0.007091696
1418.329687500  0.007124944
1418.333593750  0.007169020
1418.337500000  0.007163203
1418.341406250  0.007178178
1418.345312500  0.007199531
1418.349218750  0.007147060
1418.353125000  0.007169190
1418.357031250  0.007089604
1418.360937500  0.007126271
1418.364843750  0.007085272
1418.368750000  0.007183176
1418.372656250  0.007160082
1418.376562500  0.007172355
1418.380468750  0.007190830
1418.384375000  0.007198635
1418.388281250  0.007148016
1418.392187500  0.007192383
1418.396093750  0.007196999
1418.400000000  0.007237197
1418.403906250  0.007150148
1418.407812500  0.007165532
1418.411718750  0.007165031
1418.415625000  0.007127811
1418.419531250  0.007148026
1418.423437500  0.007149631
1418.427343750  0.007060505
1418.431250000  0.007137060
1418.435156250  0.007084430
1418.439062500  0.007155070
1418.442968750  0.007176069
1418.446875000  0.007204672
1418.450781250  0.007184501
1418.454687500  0.007153806
1418.458593750  0.007189058
1418.462500000  0.007146192
1418.466406250  0.007193920
1418.470312500  0.007126269
1418.474218750  0.007187196
1418.478125000  0.007139027
1418.482031250  0.007113495
1418.485937500  0.007165085
1418.489843750  0.007146036
1418.493750000  0.007163651
1418.497656250  0.007192580
1418.501562500  0.007166652
1418.505468750  0.007215456
1418.509375000  0.007189013
1418.513281250  0.007153364
1418.517187500  0.007166950
1418.521093750  0.007156938
1418.525000000  0.007067845
1418.528906250  0.007193916
1418.532812500  0.007257694
1418.536718750  0.007142051
1418.540625000  0.007162104
1418.544531250  0.007144615
1418.548437500  0.007072771
1418.552343750  0.007136180
1418.556250000  0.007143864
1418.560156250  0.007121225
1418.564062500  0.007194569
1418.567968750  0.007161869
1418.571875000  0.007156969
1418.575781250  0.007158027
1418.579687500  0.007208757
1418.583593750  0.007175419
1418.587500000  0.007142274
1418.591406250  0.007179025
1418.595312500  0.007154415
1418.599218750  0.007139455
1418.603125000  0.007181760
1418.607031250  0.007144586
1418.610937500  0.007188878
1418.614843750  0.007150799
1418.618750000  0.007237244
1418.622656250  0.007137413
1418.626562500  0.007144330
1418.630468750  0.007151020
1418.634375000  0.007170674
1418.638281250  0.007143702
1418.642187500  0.007142858
1418.646093750  0.007209305
1418.650000000  0.007173699
1418.653906250  0.007159725
1418.657812500  0.007208281
1418.661718750  0.007147406
1418.665625000  0.007162616
1418.669531250  0.007257811
1418.673437500  0.007228835
1418.677343750  0.007259701
1418.681250000  0.007083091
1418.685156250  0.007161329
1418.689062500  0.007117061
1418.692968750  0.007192233
1418.696875000  0.007139876
1418.700781250  0.007222743
1418.704687500  0.007123500
1418.708593750  0.007166527
1418.712500000  0.007155826
1418.716406250  0.007155517
1418.720312500  0.007284552
1418.724218750  0.007254567
1418.728125000  0.007228256
1418.732031250  0.007249446
1418.735937500  0.007206302
1418.739843750  0.007158393
1418.743750000  0.007158264
1418.747656250  0.007105266
1418.751562500  0.007201680
1418.755468750  0.007145947
1418.759375000  0.007175064
1418.763281250  0.007165532
1418.767187500  0.007198702
1418.771093750  0.007181307
1418.775000000  0.007171788
1418.778906250  0.007171678
1418.782812500  0.007162863
1418.786718750  0.007196215
1418.790625000  0.007146830
1418.794531250  0.007131211
1418.798437500  0.007145895
1418.802343750  0.007150153
1418.806250000  0.007170127
1418.810156250  0.007161847
1418.814062500  0.007183354
1418.817968750  0.007223629
1418.821875000  0.007224004
1418.825781250  0.007155690
1418.829687500  0.007163331
1418.833593750  0.007179125
1418.837500000  0.007185660
1418.841406250  0.007212353
1418.845312500  0.007073030
1418.849218750  0.007153182
1418.853125000  0.007213311
1418.857031250  0.007113091
1418.860937500  0.007194199
1418.864843750  0.007155036
1418.868750000  0.007108797
1418.872656250  0.007175786
1418.876562500  0.007145031
1418.880468750  0.007208144
1418.884375000  0.007134040
1418.888281250  0.007178003
1418.892187500  0.007259982
1418.896093750  0.007252896
1418.900000000  0.007204552
1418.903906250  0.007142796
1418.907812500  0.007206744
1418.911718750  0.007148011
1418.915625000  0.007204344
1418.919531250  0.007124498
1418.923437500  0.007183051
1418.927343750  0.007140413
1418.931250000  0.007212204
1418.935156250  0.007188475
1418.939062500  0.007169579
1418.942968750  0.007204480
1418.946875000  0.007239695
1418.950781250  0.007184430
1418.954687500  0.007201024
1418.958593750  0.007199465
1418.962500000  0.007245785
1418.966406250  0.007162276
1418.970312500  0.007190391
1418.974218750  0.007187278
1418.978125000  0.007142390
1418.982031250  0.007115919
1418.985937500  0.007190843
1418.989843750  0.007191546
1418.993750000  0.007083645
1418.997656250  0.007203320
1419.001562500  0.007203568
1419.005468750  0.007241868
1419.009375000  0.007219064
1419.013281250  0.007172089
1419.017187500  0.007197728
1419.021093750  0.007121575
1419.025000000  0.007161052
1419.028906250  0.007179108
1419.032812500  0.007186369
1419.036718750  0.007227845
1419.040625000  0.007188226
1419.044531250  0.007229080
1419.048437500  0.007193083
1419.052343750  0.007162554
1419.056250000  0.007396086
1419.060156250  0.007235941
1419.064062500  0.007170681
1419.067968750  0.007159997
1419.071875000  0.007133067
1419.075781250  0.007180296
1419.079687500  0.007212296
1419.083593750  0.007208939
1419.087500000  0.007227449
1419.091406250  0.007134858
1419.095312500  0.007173045
1419.099218750  0.007234458
1419.103125000  0.007230735
1419.107031250  0.007174754
1419.110937500  0.007222339
1419.114843750  0.007188218
1419.118750000  0.007172101
1419.122656250  0.007192175
1419.126562500  0.007193557
1419.130468750  0.007239689
1419.134375000  0.008894845
1419.138281250  0.007198954
1419.142187500  0.007253738
1419.146093750  0.007176845
1419.150000000  0.007223801
1419.153906250  0.007206684
1419.157812500  0.007199997
1419.161718750  0.007188893
1419.165625000  0.007207387
1419.169531250  0.007248231
1419.173437500  0.007195828
1419.177343750  0.007204266
1419.181250000  0.007148272
1419.185156250  0.007224623
1419.189062500  0.007221214
1419.192968750  0.007156667
1419.196875000  0.007196822
1419.200781250  0.007209526
1419.204687500  0.007214049
1419.208593750  0.007182743
1419.212500000  0.007166315
1419.216406250  0.007236198
1419.220312500  0.007204714
1419.224218750  0.007248238
1419.228125000  0.007196303
1419.232031250  0.007179801
1419.235937500  0.007218807
1419.239843750  0.007164169
1419.243750000  0.007256811
1419.247656250  0.007237348
1419.251562500  0.007147691
1419.255468750  0.007159958
1419.259375000  0.007126365
1419.263281250  0.007222938
1419.267187500  0.007235946
1419.271093750  0.007117949
1419.275000000  0.007216350
1419.278906250  0.007199906
1419.282812500  0.007120393
1419.286718750  0.007103459
1419.290625000  0.007210384
1419.294531250  0.007150278
1419.298437500  0.007184612
1419.302343750  0.007163280
1419.306250000  0.007171982
1419.310156250  0.007198615
1419.314062500  0.007220924
1419.317968750  0.007240188
1419.321875000  0.007160753
1419.325781250  0.007204895
1419.329687500  0.007226712
1419.333593750  0.007230598
1419.337500000  0.007187524
1419.341406250  0.007189210
1419.345312500  0.007185097
1419.349218750  0.007196602
1419.353125000  0.007309635
1419.357031250  0.007176369
1419.360937500  0.007163322
1419.364843750  0.007203012
1419.368750000  0.007250254
1419.372656250  0.007171801
1419.376562500  0.007232380
1419.380468750  0.007257765
1419.384375000  0.007216329
1419.388281250  0.007266126
1419.392187500  0.007200526
1419.396093750  0.007200275
1419.400000000  0.007155437
1419.403906250  0.007175602
1419.407812500  0.007190324
1419.411718750  0.007164329
1419.415625000  0.007168276
1419.419531250  0.007170659
1419.423437500  0.007137686
1419.427343750  0.007231130
1419.431250000  0.007169698
1419.435156250  0.007162762
1419.439062500  0.007274384
1419.442968750  0.007168698
1419.446875000  0.007191652
1419.450781250  0.007133996
1419.454687500  0.007144676
1419.458593750  0.007188927
1419.462500000  0.007161458
1419.466406250  0.007262970
1419.470312500  0.007151389
1419.474218750  0.007258539
1419.478125000  0.007146753
1419.482031250  0.007218409
1419.485937500  0.007223417
1419.489843750  0.007253742
1419.493750000  0.007186011
1419.497656250  0.007262823
1419.501562500  0.007172244
1419.505468750  0.007186667
1419.509375000  0.007221784
1419.513281250  0.007225888
1419.517187500  0.007203803
1419.521093750  0.007121666
1419.525000000  0.007174036
1419.528906250  0.007110429
1419.532812500  0.007206485
1419.536718750  0.007143693
1419.540625000  0.007110824
1419.544531250  0.007201574
1419.548437500  0.007112972
1419.552343750  0.007186209
1419.556250000  0.007241153
1419.560156250  0.007153798
1419.564062500  0.007189976
1419.567968750  0.007150889
1419.571875000  0.007194573
1419.575781250  0.007180753
1419.579687500  0.007272821
1419.583593750  0.007143642
1419.587500000  0.007127056
1419.591406250  0.007189138
1419.595312500  0.007206968
1419.599218750  0.007215492
1419.603125000  0.007206535
1419.607031250  0.007178044
1419.610937500  0.007166486
1419.614843750  0.007239093
1419.618750000  0.007194639
1419.622656250  0.007203685
1419.626562500  0.007201828
1419.630468750  0.007181274
1419.634375000  0.007167503
1419.638281250  0.007262357
1419.642187500  0.007208232
1419.646093750  0.007149377
1419.650000000  0.007074046
1419.653906250  0.007174350
1419.657812500  0.007243138
1419.661718750  0.007154003
1419.665625000  0.007229582
1419.669531250  0.007197044
1419.673437500  0.007175725
1419.677343750  0.007195766
1419.681250000  0.007239899
1419.685156250  0.007209070
1419.689062500  0.007183602
1419.692968750  0.007190563
1419.696875000  0.007158944
1419.700781250  0.007177765
1419.704687500  0.007179873
1419.708593750  0.007207947
1419.712500000  0.007195351
1419.716406250  0.007255544
1419.720312500  0.007172267
1419.724218750  0.007222636
1419.728125000  0.007196902
1419.732031250  0.007195287
1419.735937500  0.007186628
1419.739843750  0.007175232
1419.743750000  0.007184329
1419.747656250  0.007164359
1419.751562500  0.007253792
1419.755468750  0.007221993
1419.759375000  0.007116275
1419.763281250  0.007187860
1419.767187500  0.007193918
1419.771093750  0.007251448
1419.775000000  0.007201764
1419.778906250  0.007203259
1419.782812500  0.007227715
1419.786718750  0.007189567
1419.790625000  0.007210918
1419.794531250  0.007226555
1419.798437500  0.007230624
1419.802343750  0.007177947
1419.806250000  0.007161986
1419.810156250  0.007166275
1419.814062500  0.007214134
1419.817968750  0.007178128
1419.821875000  0.007208406
1419.825781250  0.007198233
1419.829687500  0.007193396
1419.833593750  0.007177945
1419.837500000  0.007212086
1419.841406250  0.007191775
1419.845312500  0.007194375
1419.849218750  0.007241205
1419.853125000  0.007197306
1419.857031250  0.007240336
1419.860937500  0.007225200
1419.864843750  0.007193530
1419.868750000  0.007230177
1419.872656250  0.007214526
1419.876562500  0.007230644
1419.880468750  0.007267804
1419.884375000  0.007159539
1419.888281250  0.007283423
1419.892187500  0.007213524
1419.896093750  0.007182185
1419.900000000  0.007224253
1419.903906250  0.007178059
1419.907812500  0.007139161
1419.911718750  0.007170326
1419.915625000  0.007224666
1419.919531250  0.007201129
1419.923437500  0.007118293
1419.927343750  0.007194549
1419.931250000  0.007278176
1419.935156250  0.007223924
1419.939062500  0.007252336
1419.942968750  0.007259351
1419.946875000  0.007191764
1419.950781250  0.007229723
1419.954687500  0.007204727
1419.958593750  0.007334645
1419.962500000  0.007187548
1419.966406250  0.007280659
1419.970312500  0.007195486
1419.974218750  0.007216750
1419.978125000  0.007212732
1419.982031250  0.007222816
1419.985937500  0.007284444
1419.989843750  0.007416019
1419.993750000  0.007340348
1419.997656250  0.007441647
1420.001562500  0.007684161
1420.005468750  0.007247708
1420.009375000  0.007248307
1420.013281250  0.007351499
1420.017187500  0.007187439
1420.021093750  0.007166859
1420.025000000  0.007215582
1420.028906250  0.007222063
1420.032812500  0.007194332
1420.036718750  0.007248196
1420.040625000  0.007237194
1420.044531250  0.007298911
1420.048437500  0.007229095
1420.052343750  0.007249771
1420.056250000  0.007232651
1420.060156250  0.007281366
1420.064062500  0.007310793
1420.067968750  0.007190466
1420.071875000  0.007256293
1420.075781250  0.007243518
1420.079687500  0.007360654
1420.083593750  0.007250592
1420.087500000  0.007216911
1420.091406250  0.007153863
1420.095312500  0.007309848
1420.099218750  0.007260888
1420.103125000  0.007355721
1420.107031250  0.007317156
1420.110937500  0.007216390
1420.114843750  0.007250710
1420.118750000  0.007253077
1420.122656250  0.007251315
1420.126562500  0.007236442
1420.130468750  0.007222993
1420.134375000  0.007233526
1420.138281250  0.007249618
1420.142187500  0.007278098
1420.146093750  0.007255596
1420.150000000  0.007261069
1420.153906250  0.007324887
1420.157812500  0.007240313
1420.161718750  0.007163903
1420.165625000  0.007275351
1420.169531250  0.007304779
1420.173437500  0.007253316
1420.177343750  0.007290470
1420.181250000  0.007276650
1420.185156250  0.007211072
1420.189062500  0.007214502
1420.192968750  0.007247540
1420.196875000  0.007317722
1420.200781250  0.007353753
1420.204687500  0.007310205
1420.208593750  0.007309140
1420.212500000  0.007225566
1420.216406250  0.007282106
1420.220312500  0.007310893
1420.224218750  0.007226055
1420.228125000  0.007266721
1420.232031250  0.007288117
1420.235937500  0.007249998
1420.239843750  0.007257531
1420.243750000  0.007367383
1420.247656250  0.007253387
1420.251562500  0.007371284
1420.255468750  0.007321750
1420.259375000  0.007274605
1420.263281250  0.007264630
1420.267187500  0.007244171
1420.271093750  0.007312562
1420.275000000  0.007294972
1420.278906250  0.007299018
1420.282812500  0.007289523
1420.286718750  0.007318347
1420.290625000  0.007237896
1420.294531250  0.007340852
1420.298437500  0.007245262
1420.302343750  0.007265008
1420.306250000  0.007238486
1420.310156250  0.007327169
1420.314062500  0.007352015
1420.317968750  0.007329593
1420.321875000  0.007347381
1420.325781250  0.007270865
1420.329687500  0.007350691
1420.333593750  0.007319956
1420.337500000  0.007322008
1420.341406250  0.007353889
1420.345312500  0.007426339
1420.349218750  0.007396856
1420.353125000  0.007379114
1420.357031250  0.007363396
1420.360937500  0.007484358
1420.364843750  0.007398564
1420.368750000  0.007434623
1420.372656250  0.007432548
1420.376562500  0.007356371
1420.380468750  0.007497788
1420.384375000  0.007523681
1420.388281250  0.007539423
1420.392187500  0.007474229
1420.396093750  0.007453235
1420.400000000  0.007763329
1420.403906250  0.007485973
1420.407812500  0.007532547
1420.411718750  0.007477433
1420.415625000  0.007406894
1420.419531250  0.007441457
1420.423437500  0.007452489
1420.427343750  0.007436587
1420.431250000  0.007461779
1420.435156250  0.007420031
1420.439062500  0.007400630
1420.442968750  0.007461037
1420.446875000  0.007367016
1420.450781250  0.007381949
1420.454687500  0.007334254
1420.458593750  0.007450022
1420.462500000  0.007347064
1420.466406250  0.007364636
1420.470312500  0.007361482
1420.474218750  0.007298366
1420.478125000  0.007358326
1420.482031250  0.007359230
1420.485937500  0.007391824
1420.489843750  0.007318968
1420.493750000  0.007393796
1420.497656250  0.007336236
1420.501562500  0.007337939
1420.505468750  0.007363991
1420.509375000  0.007306162
1420.513281250  0.007350950
1420.517187500  0.007353654
1420.521093750  0.007256932
1420.525000000  0.007311721
1420.528906250  0.007270168
1420.532812500  0.007328568
1420.536718750  0.007292191
1420.540625000  0.007301448
1420.544531250  0.007276143
1420.548437500  0.007350204
1420.552343750  0.007262023
1420.556250000  0.007247421
1420.560156250  0.007337660
1420.564062500  0.007340019
1420.567968750  0.007299192
1420.571875000  0.007259519
1420.575781250  0.007332688
1420.579687500  0.007336191
1420.583593750  0.007302013
1420.587500000  0.007323322
1420.591406250  0.007234468
1420.595312500  0.007315036
1420.599218750  0.007312963
1420.603125000  0.007326965
1420.607031250  0.007349873
1420.610937500  0.007319534
1420.614843750  0.007339650
1420.618750000  0.007266310
1420.622656250  0.007305498
1420.626562500  0.007354403
1420.630468750  0.007342197
1420.634375000  0.007330800
1420.638281250  0.007311498
1420.642187500  0.007292264
1420.646093750  0.007324286
1420.650000000  0.007294850
1420.653906250  0.007271050
1420.657812500  0.007323762
1420.661718750  0.007221239
1420.665625000  0.007261884
1420.669531250  0.007331576
1420.673437500  0.007378809
1420.677343750  0.007291788
1420.681250000  0.007285288
1420.685156250  0.007281024
1420.689062500  0.007287415
1420.692968750  0.007325489
1420.696875000  0.007301455
1420.700781250  0.007311739
1420.704687500  0.007290219
1420.708593750  0.007338982
1420.712500000  0.007275108
1420.716406250  0.007279143
1420.720312500  0.007336878
1420.724218750  0.007375342
1420.728125000  0.007356191
1420.732031250  0.007255087
1420.735937500  0.007299479
1420.739843750  0.007342720
1420.743750000  0.007256158
1420.747656250  0.007325204
1420.751562500  0.007275968
1420.755468750  0.007298639
1420.759375000  0.007297895
1420.763281250  0.007270032
1420.767187500  0.007281006
1420.771093750  0.007360688
1420.775000000  0.007266170
1420.778906250  0.007288038
1420.782812500  0.007278539
1420.786718750  0.007338487
1420.790625000  0.007242824
1420.794531250  0.007329541
1420.798437500  0.007335466
1420.802343750  0.007347627
1420.806250000  0.007298670
1420.810156250  0.007350658
1420.814062500  0.007354674
1420.817968750  0.007389545
1420.821875000  0.007258197
1420.825781250  0.007281596
1420.829687500  0.007291354
1420.833593750  0.007319187
1420.837500000  0.007244818
1420.841406250  0.007310251
1420.845312500  0.007269877
1420.849218750  0.007275041
1420.853125000  0.007227697
1420.857031250  0.007316600
1420.860937500  0.007332798
1420.864843750  0.007289173
1420.868750000  0.007341979
1420.872656250  0.007293722
1420.876562500  0.007274651
1420.880468750  0.007293158
1420.884375000  0.007332475
1420.888281250  0.007214522
1420.892187500  0.007317554
1420.896093750  0.007305928
1420.900000000  0.007275459
1420.903906250  0.007325704
1420.907812500  0.007349809
1420.911718750  0.007361307
1420.915625000  0.007251614
1420.919531250  0.007364842
1420.923437500  0.007373004
1420.927343750  0.007342003
1420.931250000  0.007331699
1420.935156250  0.007292310
1420.939062500  0.007327548
1420.942968750  0.007327550
1420.946875000  0.007268360
1420.950781250  0.007245676
1420.954687500  0.007315946
1420.958593750  0.007341734
1420.962500000  0.007378224
1420.966406250  0.007311877
1420.970312500  0.007406648
1420.974218750  0.007332429
1420.978125000  0.007281476
1420.982031250  0.007332081
1420.985937500  0.007305669
1420.989843750  0.007356918
1420.993750000  0.007302245
1420.997656250  0.007354152
1421.001562500  0.007261196
1421.005468750  0.007294890
1421.009375000  0.007262926
1421.013281250  0.007305108
1421.017187500  0.007365930
1421.021093750  0.007349722
1421.025000000  0.007284843
1421.028906250  0.007365030
1421.032812500  0.007307225
1421.036718750  0.007233427
1421.040625000  0.007282537
1421.044531250  0.007279106
1421.048437500  0.007302838
1421.052343750  0.007391155
1421.056250000  0.007335202
1421.060156250  0.007355157
1421.064062500  0.007336495
1421.067968750  0.007359237
1421.071875000  0.007362894
1421.075781250  0.007307657
1421.079687500  0.007332086
1421.083593750  0.007340129
1421.087500000  0.007276154
1421.091406250  0.007300060
1421.095312500  0.007238881
1421.099218750  0.007327002
1421.103125000  0.007324540
1421.107031250  0.007259839
1421.110937500  0.007327802
1421.114843750  0.007285198
1421.118750000  0.007285499
1421.122656250  0.007335934
1421.126562500  0.007296392
1421.130468750  0.007304989
1421.134375000  0.007298208
1421.138281250  0.007360839
1421.142187500  0.007320507
1421.146093750  0.007306873
1421.150000000  0.007313104
1421.153906250  0.007370458
1421.157812500  0.007384592
1421.161718750  0.007353918
1421.165625000  0.007331534
1421.169531250  0.007305255
1421.173437500  0.007318077
1421.177343750  0.007352559
1421.181250000  0.007330044
1421.185156250  0.007313722
1421.189062500  0.007275297
1421.192968750  0.007385477
1421.196875000  0.007468178
1421.200781250  0.007335876
1421.204687500  0.007355220
1421.208593750  0.007314844
1421.212500000  0.007372046
1421.216406250  0.007328918
1421.220312500  0.007335136
1421.224218750  0.007362668
1421.228125000  0.007329731
1421.232031250  0.007313453
1421.235937500  0.007379050
1421.239843750  0.007272405
1421.243750000  0.007346946
1421.247656250  0.007350068
1421.251562500  0.007345539
1421.255468750  0.007302074
1421.259375000  0.007371881
1421.263281250  0.007294599
1421.267187500  0.007316009
1421.271093750  0.007376151
1421.275000000  0.007426699
1421.278906250  0.007361101
1421.282812500  0.007280700
1421.286718750  0.007325125
1421.290625000  0.007368547
1421.294531250  0.007400932
1421.298437500  0.007381125
1421.302343750  0.007381552
1421.306250000  0.007414016
1421.310156250  0.007348141
1421.314062500  0.007331398
1421.317968750  0.007371492
1421.321875000  0.007365850
1421.325781250  0.007367896
1421.329687500  0.007360427
1421.333593750  0.007321172
1421.337500000  0.007302883
1421.341406250  0.007390717
1421.345312500  0.007368695
1421.349218750  0.007317785
1421.353125000  0.007419235
1421.357031250  0.007410147
1421.360937500  0.007382400
1421.364843750  0.007365204
1421.368750000  0.007367278
1421.372656250  0.007358682
1421.376562500  0.007326072
1421.380468750  0.007379056
1421.384375000  0.007413259
1421.388281250  0.007423969
1421.392187500  0.007431344
1421.396093750  0.007469376
1421.400000000  0.007437660
1421.403906250  0.007683449
1421.407812500  0.007453415
1421.411718750  0.007372738
1421.415625000  0.007396750
1421.419531250  0.007436889
1421.423437500  0.007417042
1421.427343750  0.007391161
1421.431250000  0.007493837
1421.435156250  0.007446964
1421.439062500  0.007442175
1421.442968750  0.007415502
1421.446875000  0.007436613
1421.450781250  0.007431747
1421.454687500  0.007371097
1421.458593750  0.007421453
1421.462500000  0.007456987
1421.466406250  0.007446228
1421.470312500  0.007452829
1421.474218750  0.007393669
1421.478125000  0.007392683
1421.482031250  0.007452535
1421.485937500  0.007413291
1421.489843750  0.007372411
1421.493750000  0.007512658
1421.497656250  0.007453476
1421.501562500  0.007402518
1421.505468750  0.007353390
1421.509375000  0.007414864
1421.513281250  0.007423506
1421.517187500  0.007427402
1421.521093750  0.007418653
1421.525000000  0.007438194
1421.528906250  0.007455510
1421.532812500  0.007451121
1421.536718750  0.007426780
1421.540625000  0.007524043
1421.544531250  0.007440359
1421.548437500  0.007536582
1421.552343750  0.007542722
1421.556250000  0.007500111
1421.560156250  0.007489139
1421.564062500  0.007478194
1421.567968750  0.007470217
1421.571875000  0.007433224
1421.575781250  0.007453477
1421.579687500  0.007519688
1421.583593750  0.007496463
1421.587500000  0.007485248
1421.591406250  0.007460417
1421.595312500  0.007465964
1421.599218750  0.007397034
1421.603125000  0.007482218
1421.607031250  0.007451456
1421.610937500  0.007416873
1421.614843750  0.007415118
1421.618750000  0.007482647
1421.622656250  0.007518809
1421.626562500  0.007511946
1421.630468750  0.007467165
1421.634375000  0.007475092
1421.638281250  0.007478238
1421.642187500  0.007442963
1421.646093750  0.007426313
1421.650000000  0.007517701
1421.653906250  0.007466227
1421.657812500  0.007530187
1421.661718750  0.007450595
1421.665625000  0.007449297
1421.669531250  0.007448135
1421.673437500  0.007552522
1421.677343750  0.007514738
1421.681250000  0.007495337
1421.685156250  0.007565599
1421.689062500  0.007542550
1421.692968750  0.007467989
1421.696875000  0.007484471
1421.700781250  0.007506272
1421.704687500  0.007511490
1421.708593750  0.007484004
1421.712500000  0.007467264
1421.716406250  0.007490280
1421.720312500  0.007546744
1421.724218750  0.007500257
1421.728125000  0.007503814
1421.732031250  0.007485175
1421.735937500  0.007463890
1421.739843750  0.007521780
1421.743750000  0.007465784
1421.747656250  0.007482942
1421.751562500  0.007564126
1421.755468750  0.007489338
1421.759375000  0.007523785
1421.763281250  0.007408518
1421.767187500  0.007558816
1421.771093750  0.007546420
1421.775000000  0.007506649
1421.778906250  0.007468341
1421.782812500  0.007628270
1421.786718750  0.007541980
1421.790625000  0.007589383
1421.794531250  0.007548084
1421.798437500  0.007509024
1421.802343750  0.007511599
1421.806250000  0.007494601
1421.810156250  0.007503755
1421.814062500  0.007461890
1421.817968750  0.007528982
1421.821875000  0.007540240
1421.825781250  0.007500076
1421.829687500  0.007510508
1421.833593750  0.007522452
1421.837500000  0.007477449
1421.841406250  0.007529441
1421.845312500  0.007537372
1421.849218750  0.007589140
1421.853125000  0.007572346
1421.857031250  0.007538466
1421.860937500  0.007507751
1421.864843750  0.007633807
1421.868750000  0.007560923
1421.872656250  0.007544814
1421.876562500  0.007548784
1421.880468750  0.007556858
1421.884375000  0.007499875
1421.888281250  0.007519386
1421.892187500  0.007554172
1421.896093750  0.007590709
1421.900000000  0.007501858
1421.903906250  0.007554523
1421.907812500  0.007616530
1421.911718750  0.007619685
1421.915625000  0.007467331
1421.919531250  0.007486458
1421.923437500  0.007614830
1421.927343750  0.007580479
1421.931250000  0.007591424
1421.935156250  0.007573174
1421.939062500  0.007586160
1421.942968750  0.007475652
1421.946875000  0.007583709
1421.950781250  0.007626206
1421.954687500  0.007523379
1421.958593750  0.007537292
1421.962500000  0.007558440
1421.966406250  0.007571174
1421.970312500  0.007546977
1421.974218750  0.007578184
1421.978125000  0.007583047
1421.982031250  0.007541523
1421.985937500  0.007573989
1421.989843750  0.007546499
1421.993750000  0.007533798
1421.997656250  0.007595797
1422.001562500  0.007617371
1422.005468750  0.007613104
1422.009375000  0.007574608
1422.013281250  0.007513952
1422.017187500  0.007563510
1422.021093750  0.007557309
1422.025000000  0.007638573
1422.028906250  0.007596092
1422.032812500  0.007590506
1422.036718750  0.007518608
1422.040625000  0.007582484
1422.044531250  0.007552145
1422.048437500  0.007523840
1422.052343750  0.007550004
1422.056250000  0.007599756
1422.060156250  0.007545914
1422.064062500  0.007575706
1422.067968750  0.007579649
1422.071875000  0.007578956
1422.075781250  0.007533206
1422.079687500  0.007574569
1422.083593750  0.007514717
1422.087500000  0.007575335
1422.091406250  0.007555405
1422.095312500  0.007544512
1422.099218750  0.007581287
1422.103125000  0.007627628
1422.107031250  0.007581465
1422.110937500  0.007537950
1422.114843750  0.007567029
1422.118750000  0.007603987
1422.122656250  0.007730967
1422.126562500  0.007577218
1422.130468750  0.007574888
1422.134375000  0.007655946
1422.138281250  0.007589203
1422.142187500  0.007643746
1422.146093750  0.007589250
1422.150000000  0.007575558
1422.153906250  0.007670331
1422.157812500  0.007613787
1422.161718750  0.007566932
1422.165625000  0.007571567
1422.169531250  0.007612013
1422.173437500  0.007657359
1422.177343750  0.007588361
1422.181250000  0.007522258
1422.185156250  0.007647831
1422.189062500  0.007577928
1422.192968750  0.007553446
1422.196875000  0.007607480
1422.200781250  0.007623153
1422.204687500  0.007553234
1422.208593750  0.007585681
1422.212500000  0.007573981
1422.216406250  0.007647896
1422.220312500  0.007611791
1422.224218750  0.007594916
1422.228125000  0.007574211
1422.232031250  0.007582181
1422.235937500  0.007574588
1422.239843750  0.007574354
1422.243750000  0.007670973
1422.247656250  0.007569952
1422.251562500  0.007583470
1422.255468750  0.007585741
1422.259375000  0.007538306
1422.263281250  0.007601172
1422.267187500  0.007588998
1422.271093750  0.007563564
1422.275000000  0.007577264
1422.278906250  0.007585159
1422.282812500  0.007621213
1422.286718750  0.007626533
1422.290625000  0.007511420
1422.294531250  0.007524222
1422.298437500  0.007624523
1422.302343750  0.007564066
1422.306250000  0.007510559
1422.310156250  0.007558471
1422.314062500  0.007570733
1422.317968750  0.007595125
1422.321875000  0.007530069
1422.325781250  0.007619321
1422.329687500  0.007560961
1422.333593750  0.007583752
1422.337500000  0.007597880
1422.341406250  0.007583412
1422.345312500  0.007863354
1422.349218750  0.007497692
1422.353125000  0.007592096
1422.357031250  0.007480678
1422.360937500  0.007528554
1422.364843750  0.007569830
1422.368750000  0.007513059
1422.372656250  0.007558255
1422.376562500  0.007554507
1422.380468750  0.007529784
1422.384375000  0.007633156
1422.388281250  0.007568981
1422.392187500  0.007872486
1422.396093750  0.007577453
1422.400000000  0.007591285
1422.403906250  0.007554469
1422.407812500  0.007578353
1422.411718750  0.007631017
1422.415625000  0.007602139
1422.419531250  0.007553170
1422.423437500  0.007646395
1422.427343750  0.007536023
1422.431250000  0.007563608
1422.435156250  0.007656609
1422.439062500  0.007527130
1422.442968750  0.007526814
1422.446875000  0.007629463
1422.450781250  0.007522614
1422.454687500  0.007527481
1422.458593750  0.007630325
1422.462500000  0.007562161
1422.466406250  0.007576979
1422.470312500  0.007573480
1422.474218750  0.007582014
1422.478125000  0.007488111
1422.482031250  0.007527940
1422.485937500  0.007578029
1422.489843750  0.007569778
1422.493750000  0.007511197
1422.497656250  0.007583832
1422.501562500  0.007589742
1422.505468750  0.007530921
1422.509375000  0.007617070
1422.513281250  0.007614268
1422.517187500  0.007535293
1422.521093750  0.007652203
1422.525000000  0.007509681
1422.528906250  0.007560050
1422.532812500  0.007634295
1422.536718750  0.007666372
1422.540625000  0.007554116
1422.544531250  0.007569300
1422.548437500  0.007522697
1422.552343750  0.007626797
1422.556250000  0.007662360
1422.560156250  0.007540008
1422.564062500  0.007602254
1422.567968750  0.007635833
1422.571875000  0.007642081
1422.575781250  0.007632329
1422.579687500  0.007627756
1422.583593750  0.007634522
1422.587500000  0.007717084
1422.591406250  0.007636476
1422.595312500  0.007563634
1422.599218750  0.007715587
1422.603125000  0.007606646
1422.607031250  0.007632788
1422.610937500  0.007632423
1422.614843750  0.007524233
1422.618750000  0.007647646
1422.622656250  0.007583068
1422.626562500  0.007603915
1422.630468750  0.007549551
1422.634375000  0.007682162
1422.638281250  0.007570089
1422.642187500  0.007595179
1422.646093750  0.007618579
1422.650000000  0.007530521
1422.653906250  0.007583547
1422.657812500  0.007569515
1422.661718750  0.007593961
1422.665625000  0.007591648
1422.669531250  0.007596138
1422.673437500  0.007633847
1422.677343750  0.007628523
1422.681250000  0.007596067
1422.685156250  0.007633609
1422.689062500  0.007616502
1422.692968750  0.007643778
1422.696875000  0.007605328
1422.700781250  0.007608648
1422.704687500  0.007614684
1422.708593750  0.007671486
1422.712500000  0.007643663
1422.716406250  0.007563932
1422.720312500  0.007593200
1422.724218750  0.007560907
1422.728125000  0.007540945
1422.732031250  0.007529139
1422.735937500  0.007635492
1422.739843750  0.007657448
1422.743750000  0.007609810
1422.747656250  0.007614070
1422.751562500  0.007686550
1422.755468750  0.007639134
1422.759375000  0.007567953
1422.763281250  0.007614506
1422.767187500  0.007618230
1422.771093750  0.007642462
1422.775000000  0.007648116
1422.778906250  0.007629033
1422.782812500  0.007600728
1422.786718750  0.007540175
1422.790625000  0.007510236
1422.794531250  0.007640181
1422.798437500  0.007555972
1422.802343750  0.007577725
1422.806250000  0.007529470
1422.810156250  0.007546292
1422.814062500  0.007625283
1422.817968750  0.007618107
1422.821875000  0.007525509
1422.825781250  0.007586756
1422.829687500  0.007580194
1422.833593750  0.007570715
1422.837500000  0.007576931
1422.841406250  0.007598945
1422.845312500  0.007549761
1422.849218750  0.007527529
1422.853125000  0.007650077
1422.857031250  0.007558982
1422.860937500  0.007555159
1422.864843750  0.007587480
1422.868750000  0.007629781
1422.872656250  0.007569062
1422.876562500  0.007609156
1422.880468750  0.007577669
1422.884375000  0.007567733
1422.888281250  0.007647804
1422.892187500  0.007562160
1422.896093750  0.007622806
1422.900000000  0.007545689
1422.903906250  0.007599549
1422.907812500  0.007496598
1422.911718750  0.007583991
1422.915625000  0.007608167
1422.919531250  0.007474260
1422.923437500  0.007523724
1422.927343750  0.007567999
1422.931250000  0.007660462
1422.935156250  0.007664798
1422.939062500  0.007599750
1422.942968750  0.007580308
1422.946875000  0.007664040
1422.950781250  0.007656915
1422.954687500  0.007553584
1422.958593750  0.007615544
1422.962500000  0.007535593
1422.966406250  0.007694970
1422.970312500  0.007574037
1422.974218750  0.007623824
1422.978125000  0.007663384
1422.982031250  0.007678059
1422.985937500  0.007606437
1422.989843750  0.007626784
1422.993750000  0.007599546
1422.997656250  0.007676703
1423.001562500  0.007702924
1423.005468750  0.007715131
1423.009375000  0.007633323
1423.013281250  0.007618125
1423.017187500  0.007688263
1423.021093750  0.007615075
1423.025000000  0.007677702
1423.028906250  0.007633794
1423.032812500  0.007610984
1423.036718750  0.007619678
1423.040625000  0.007637675
1423.044531250  0.007639202
1423.048437500  0.007606776
1423.052343750  0.007679188
1423.056250000  0.007643494
1423.060156250  0.007670453
1423.064062500  0.007631664
1423.067968750  0.007605969
1423.071875000  0.007657905
1423.075781250  0.007621656
1423.079687500  0.007661930
1423.083593750  0.007679733
1423.087500000  0.007702454
1423.091406250  0.007674425
1423.095312500  0.007627411
1423.099218750  0.007655290
1423.103125000  0.007629183
1423.107031250  0.007592756
1423.110937500  0.007611038
1423.114843750  0.007626982
1423.118750000  0.007629604
1423.122656250  0.007646855
1423.126562500  0.007667034
1423.130468750  0.007659074
1423.134375000  0.007679140
1423.138281250  0.007659694
1423.142187500  0.007663292
1423.146093750  0.007632927
1423.150000000  0.007602133
1423.153906250  0.007674484
1423.157812500  0.007675432
1423.161718750  0.007588404
1423.165625000  0.007637997
1423.169531250  0.007680106
1423.173437500  0.007692766
1423.177343750  0.007681515
1423.181250000  0.007771499
1423.185156250  0.007772742
1423.189062500  0.007676488
1423.192968750  0.007706252
1423.196875000  0.007724694
1423.200781250  0.007729298
1423.204687500  0.007653506
1423.208593750  0.007610956
1423.212500000  0.007740243
1423.216406250  0.007651570
1423.220312500  0.007702070
1423.224218750  0.007666278
1423.228125000  0.007598974
1423.232031250  0.007650813
1423.235937500  0.007655423
1423.239843750  0.007643405
1423.243750000  0.007566512
1423.247656250  0.007776708
1423.251562500  0.007725900
1423.255468750  0.007730127
1423.259375000  0.007636942
1423.263281250  0.007680321
1423.267187500  0.007694023
1423.271093750  0.007645476
1423.275000000  0.007604970
1423.278906250  0.007713528
1423.282812500  0.007641360
1423.286718750  0.007754500
1423.290625000  0.007781369
1423.294531250  0.007796597
1423.298437500  0.007745720
1423.302343750  0.007692819
1423.306250000  0.007721043
1423.310156250  0.007663718
1423.314062500  0.007775483
1423.317968750  0.007773811
1423.321875000  0.007695638
1423.325781250  0.007775334
1423.329687500  0.007730270
1423.333593750  0.007691632
1423.337500000  0.007749550
1423.341406250  0.007811174
1423.345312500  0.007705379
1423.349218750  0.007725535
1423.353125000  0.007707329
1423.357031250  0.007729188
1423.360937500  0.007783131
1423.364843750  0.007711151
1423.368750000  0.007764320
1423.372656250  0.007738411
1423.376562500  0.007732010
1423.380468750  0.007736418
1423.384375000  0.007806322
1423.388281250  0.007764617
1423.392187500  0.007729206
1423.396093750  0.007762562
1423.400000000  0.007735901
1423.403906250  0.007797197
1423.407812500  0.007798936
1423.411718750  0.007721301
1423.415625000  0.007764908
1423.419531250  0.007746477
1423.423437500  0.007830836
1423.427343750  0.007725371
1423.431250000  0.007812085
1423.435156250  0.007779817
1423.439062500  0.007823048
1423.442968750  0.007824672
1423.446875000  0.007838426
1423.450781250  0.007811922
1423.454687500  0.007808847
1423.458593750  0.007775920
1423.462500000  0.007792805
1423.466406250  0.007824595
1423.470312500  0.007754730
1423.474218750  0.007819633
1423.478125000  0.007845785
1423.482031250  0.007841794
1423.485937500  0.007820758
1423.489843750  0.007784446
1423.493750000  0.007762632
1423.497656250  0.007789007
1423.501562500  0.007748652
1423.505468750  0.007784956
1423.509375000  0.007830603
1423.513281250  0.007755817
1423.517187500  0.007828944
1423.521093750  0.007853115
1423.525000000  0.007877356
1423.528906250  0.007808941
1423.532812500  0.007858798
1423.536718750  0.007831594
1423.540625000  0.007824140
1423.544531250  0.007946884
1423.548437500  0.007816109
1423.552343750  0.007833736
1423.556250000  0.007888922
1423.560156250  0.007925829
1423.564062500  0.007848985
1423.567968750  0.007810064
1423.571875000  0.007826181
1423.575781250  0.007859143
1423.579687500  0.007889951
1423.583593750  0.007862040
1423.587500000  0.007869306
1423.591406250  0.007842476
1423.595312500  0.007872488
1423.599218750  0.007872857
1423.603125000  0.007874478
1423.607031250  0.007843329
1423.610937500  0.007872972
1423.614843750  0.007916938
1423.618750000  0.007868965
1423.622656250  0.007888752
1423.626562500  0.008010815
1423.630468750  0.007917119
1423.634375000  0.007927013
1423.638281250  0.007893575
1423.642187500  0.007893687
1423.646093750  0.007912564
1423.650000000  0.007922559
1423.653906250  0.007967190
1423.657812500  0.007919028
1423.661718750  0.008013911
1423.665625000  0.007961286
1423.669531250  0.007949584
1423.673437500  0.007985710
1423.677343750  0.007901387
1423.681250000  0.007980586
1423.685156250  0.008008304
1423.689062500  0.007901453
1423.692968750  0.007923793
1423.696875000  0.007983806
1423.700781250  0.007935495
1423.704687500  0.008024761
1423.708593750  0.008011408
1423.712500000  0.007977086
1423.716406250  0.007994120
1423.720312500  0.007976927
1423.724218750  0.007976876
1423.728125000  0.007972419
1423.732031250  0.008098419
1423.735937500  0.008040742
1423.739843750  0.007957213
1423.743750000  0.008006999
1423.747656250  0.007984713
1423.751562500  0.008018543
1423.755468750  0.008002811
1423.759375000  0.007943863
1423.763281250  0.007990134
1423.767187500  0.008013679
1423.771093750  0.008099441
1423.775000000  0.008020006
1423.778906250  0.007995765
1423.782812500  0.008041344
1423.786718750  0.008022776
1423.790625000  0.007918455
1423.794531250  0.008065851
1423.798437500  0.007945614
1423.802343750  0.008075011
1423.806250000  0.008198319
1423.810156250  0.008131480
1423.814062500  0.008066086
1423.817968750  0.008109780
1423.821875000  0.007983680
1423.825781250  0.008113764
1423.829687500  0.008057255
1423.833593750  0.008085931
1423.837500000  0.008057998
1423.841406250  0.008054378
1423.845312500  0.008068753
1423.849218750  0.008106251
1423.853125000  0.008026000
1423.857031250  0.008067652
1423.860937500  0.008099574
1423.864843750  0.008062901
1423.868750000  0.008164899
1423.872656250  0.008071644
1423.876562500  0.008144982
1423.880468750  0.008139847
1423.884375000  0.008117180
1423.888281250  0.008148442
1423.892187500  0.008049610
1423.896093750  0.008097251
1423.900000000  0.008133007
1423.903906250  0.008127280
1423.907812500  0.008116910
1423.911718750  0.008145048
1423.915625000  0.008237906
1423.919531250  0.008078193
1423.923437500  0.008063450
1423.927343750  0.008184023
1423.931250000  0.008090865
1423.935156250  0.008150411
1423.939062500  0.008152339
1423.942968750  0.008195024
1423.946875000  0.008143960
1423.950781250  0.008156229
1423.954687500  0.008186763
1423.958593750  0.008140582
1423.962500000  0.008164602
1423.966406250  0.008170082
1423.970312500  0.008153406
1423.974218750  0.008224048
1423.978125000  0.008162949
1423.982031250  0.008200481
1423.985937500  0.008681938
1423.989843750  0.008688517
1423.993750000  0.008220335
1423.997656250  0.008557056
1424.001562500  0.008923087
1424.005468750  0.008266662
1424.009375000  0.008361499
1424.013281250  0.008177673
1424.017187500  0.008262703
1424.021093750  0.008217915
1424.025000000  0.008210180
1424.028906250  0.008210817
1424.032812500  0.008164876
1424.036718750  0.008226102
1424.040625000  0.008174150
1424.044531250  0.008287231
1424.048437500  0.008287940
1424.052343750  0.008260305
1424.056250000  0.008331192
1424.060156250  0.008169086
1424.064062500  0.008248693
1424.067968750  0.008221224
1424.071875000  0.008291284
1424.075781250  0.008215971
1424.079687500  0.008259522
1424.083593750  0.008283266
1424.087500000  0.008248688
1424.091406250  0.008265629
1424.095312500  0.008323177
1424.099218750  0.008352371
1424.103125000  0.008316620
1424.107031250  0.008300179
1424.110937500  0.008345963
1424.114843750  0.008280727
1424.118750000  0.008452322
1424.122656250  0.008266557
1424.126562500  0.008337237
1424.130468750  0.008265440
1424.134375000  0.008262675
1424.138281250  0.008351724
1424.142187500  0.008384474
1424.146093750  0.008327747
1424.150000000  0.008426486
1424.153906250  0.008528593
1424.157812500  0.008318304
1424.161718750  0.008430599
1424.165625000  0.008369096
1424.169531250  0.008445706
1424.173437500  0.008354235
1424.177343750  0.008317052
1424.181250000  0.008348979
1424.185156250  0.008452147
1424.189062500  0.008530619
1424.192968750  0.008328238
1424.196875000  0.008474899
1424.200781250  0.008809138
1424.204687500  0.008525552
1424.208593750  0.008470706
1424.212500000  0.008470216
1424.216406250  0.008433618
1424.220312500  0.008405791
1424.224218750  0.008546963
1424.228125000  0.008411532
1424.232031250  0.008502902
1424.235937500  0.008391142
1424.239843750  0.008503151
1424.243750000  0.008419213
1424.247656250  0.008739359
1424.251562500  0.008583389
1424.255468750  0.008563277
1424.259375000  0.008390616
1424.263281250  0.008562112
1424.267187500  0.008444756
1424.271093750  0.008483576
1424.275000000  0.008438155
1424.278906250  0.008491465
1424.282812500  0.008472618
1424.286718750  0.008455770
1424.290625000  0.008490030
1424.294531250  0.008503761
1424.298437500  0.008501736
1424.302343750  0.008405057
1424.306250000  0.008389844
1424.310156250  0.008533930
1424.314062500  0.008371917
1424.317968750  0.008533876
1424.321875000  0.008470981
1424.325781250  0.008316650
1424.329687500  0.008428141
1424.333593750  0.008423072
1424.337500000  0.008431788
1424.341406250  0.008432417
1424.345312500  0.008477921
1424.349218750  0.008360630
1424.353125000  0.008387559
1424.357031250  0.008530788
1424.360937500  0.008427411
1424.364843750  0.008446211
1424.368750000  0.008439236
1424.372656250  0.008576849
1424.376562500  0.008433512
1424.380468750  0.008480827
1424.384375000  0.008386503
1424.388281250  0.008418573
1424.392187500  0.008583605
1424.396093750  0.008472426

