1000(10000)
1416.400000000  0.007812145
1416.403906250  0.007831338
1416.407812500  0.007807219
1416.411718750  0.007747215
1416.415625000  0.007771966
1416.419531250  0.007837300
1416.423437500  0.007803734
1416.427343750  0.007926767
1416.431250000  0.007740803
1416.435156250  0.007900769
1416.439062500  0.007920988
1416.442968750  0.007868494
1416.446875000  0.007792881
1416.450781250  0.007889485
1416.454687500  0.007823494
1416.458593750  0.007799734
1416.462500000  0.007805108
1416.466406250  0.007834318
1416.470312500  0.007811319
1416.474218750  0.007886530
1416.478125000  0.007796819
1416.482031250  0.007987988
1416.485937500  0.007869570
1416.489843750  0.007872195
1416.493750000  0.007847620
1416.497656250  0.007766578
1416.501562500  0.007683050
1416.505468750  0.007782962
1416.509375000  0.007829677
1416.513281250  0.007859457
1416.517187500  0.007789231
1416.521093750  0.007776756
1416.525000000  0.007782030
1416.528906250  0.007816399
1416.532812500  0.007821271
1416.536718750  0.007835543
1416.540625000  0.007815688
1416.544531250  0.007760063
1416.548437500  0.007749538
1416.552343750  0.007816691
1416.556250000  0.007817177
1416.560156250  0.007742906
1416.564062500  0.007796131
1416.567968750  0.007820050
1416.571875000  0.007802577
1416.575781250  0.007827250
1416.579687500  0.007828502
1416.583593750  0.007828950
1416.587500000  0.007813243
1416.591406250  0.007908764
1416.595312500  0.007777717
1416.599218750  0.007808677
1416.603125000  0.007835338
1416.607031250  0.007789895
1416.610937500  0.007814775
1416.614843750  0.007778563
1416.618750000  0.007725087
1416.622656250  0.007799400
1416.626562500  0.007846028
1416.630468750  0.007806741
1416.634375000  0.007840915
1416.638281250  0.007825017
1416.642187500  0.007898895
1416.646093750  0.008260695
1416.650000000  0.008096394
1416.653906250  0.008078953
1416.657812500  0.007852127
1416.661718750  0.007887747
1416.665625000  0.007776754
1416.669531250  0.007829348
1416.673437500  0.007823047
1416.677343750  0.007788436
1416.681250000  0.007776273
1416.685156250  0.007729804
1416.689062500  0.007800595
1416.692968750  0.007702727
1416.696875000  0.007750568
1416.700781250  0.008208533
1416.704687500  0.007921105
1416.708593750  0.007714671
1416.712500000  0.007779696
1416.716406250  0.007691621
1416.720312500  0.007697139
1416.724218750  0.007694651
1416.728125000  0.007734492
1416.732031250  0.007681755
1416.735937500  0.007740071
1416.739843750  0.007678203
1416.743750000  0.007611781
1416.747656250  0.007751309
1416.751562500  0.007779843
1416.755468750  0.008417407
1416.759375000  0.007876681
1416.763281250  0.007703640
1416.767187500  0.007724751
1416.771093750  0.007771279
1416.775000000  0.007661254
1416.778906250  0.007745975
1416.782812500  0.007695580
1416.786718750  0.007755528
1416.790625000  0.007634953
1416.794531250  0.007714213
1416.798437500  0.007710349
1416.802343750  0.007765953
1416.806250000  0.008016730
1416.810156250  0.010181851
1416.814062500  0.008637056
1416.817968750  0.007895280
1416.821875000  0.007838304
1416.825781250  0.007752848
1416.829687500  0.007729972
1416.833593750  0.007748230
1416.837500000  0.007801074
1416.841406250  0.007776658
1416.845312500  0.007772425
1416.849218750  0.007959466
1416.853125000  0.008000609
1416.857031250  0.008272562
1416.860937500  0.009622962
1416.864843750  0.022017945
1416.868750000  0.015517977
1416.872656250  0.009111130
1416.876562500  0.008221383
1416.880468750  0.007903058
1416.884375000  0.007801951
1416.888281250  0.007725767
1416.892187500  0.007836955
1416.896093750  0.007816463
1416.900000000  0.007731714
1416.903906250  0.007610496
1416.907812500  0.007639404
1416.911718750  0.007755841
1416.915625000  0.007951193
1416.919531250  0.009788259
1416.923437500  0.008692492
1416.927343750  0.007801064
1416.931250000  0.007623508
1416.935156250  0.007625734
1416.939062500  0.007609855
1416.942968750  0.007504868
1416.946875000  0.007562313
1416.950781250  0.007597333
1416.954687500  0.007580819
1416.958593750  0.007516362
1416.962500000  0.007618112
1416.966406250  0.007501406
1416.970312500  0.007692155
1416.974218750  0.008267685
1416.978125000  0.007911781
1416.982031250  0.007549409
1416.985937500  0.007485622
1416.989843750  0.007535251
1416.993750000  0.007581667
1416.997656250  0.007866015
1417.001562500  0.008272212
1417.005468750  0.007630387
1417.009375000  0.007626507
1417.013281250  0.007480987
1417.017187500  0.007451935
1417.021093750  0.007473279
1417.025000000  0.007609061
1417.028906250  0.008008318
1417.032812500  0.007798682
1417.036718750  0.007483987
1417.040625000  0.007495672
1417.044531250  0.007477541
1417.048437500  0.007377592
1417.052343750  0.007512976
1417.056250000  0.007545856
1417.060156250  0.007397403
1417.064062500  0.007485793
1417.067968750  0.007437711
1417.071875000  0.007550958
1417.075781250  0.007654018
1417.079687500  0.007835553
1417.083593750  0.008257755
1417.087500000  0.007960049
1417.091406250  0.007557076
1417.095312500  0.007435257
1417.099218750  0.007485782
1417.103125000  0.007536525
1417.107031250  0.007448416
1417.110937500  0.007448801
1417.114843750  0.007361870
1417.118750000  0.007353393
1417.122656250  0.007366098
1417.126562500  0.007381647
1417.130468750  0.007335826
1417.134375000  0.007371708
1417.138281250  0.007627117
1417.142187500  0.007535720
1417.146093750  0.007327056
1417.150000000  0.007331513
1417.153906250  0.007358901
1417.157812500  0.007294789
1417.161718750  0.007391322
1417.165625000  0.007263710
1417.169531250  0.007398985
1417.173437500  0.007253714
1417.177343750  0.007319796
1417.181250000  0.007319252
1417.185156250  0.007317943
1417.189062500  0.007299899
1417.192968750  0.007435947
1417.196875000  0.007509405
1417.200781250  0.007335039
1417.204687500  0.007315843
1417.208593750  0.007339063
1417.212500000  0.007161571
1417.216406250  0.007247666
1417.220312500  0.007290158
1417.224218750  0.007257990
1417.228125000  0.007305374
1417.232031250  0.007266606
1417.235937500  0.007304221
1417.239843750  0.007185678
1417.243750000  0.007339708
1417.247656250  0.007390320
1417.251562500  0.007440902
1417.255468750  0.007272111
1417.259375000  0.007218496
1417.263281250  0.007238043
1417.267187500  0.007252017
1417.271093750  0.007206654
1417.275000000  0.007245256
1417.278906250  0.007215263
1417.282812500  0.007204847
1417.286718750  0.007254205
1417.290625000  0.007194791
1417.294531250  0.007172456
1417.298437500  0.007253944
1417.302343750  0.007292900
1417.306250000  0.007290887
1417.310156250  0.007180834
1417.314062500  0.007172521
1417.317968750  0.007204081
1417.321875000  0.007131987
1417.325781250  0.007143595
1417.329687500  0.007131354
1417.333593750  0.007218060
1417.337500000  0.007178807
1417.341406250  0.007154616
1417.345312500  0.007157217
1417.349218750  0.007205988
1417.353125000  0.007179149
1417.357031250  0.007256037
1417.360937500  0.007155500
1417.364843750  0.007161517
1417.368750000  0.007175690
1417.372656250  0.007173409
1417.376562500  0.007182575
1417.380468750  0.007105531
1417.384375000  0.007148114
1417.388281250  0.007112599
1417.392187500  0.007121469
1417.396093750  0.007147322
1417.400000000  0.007208324
1417.403906250  0.007212071
1417.407812500  0.007087826
1417.411718750  0.007148939
1417.415625000  0.007181285
1417.419531250  0.007064011
1417.423437500  0.007050193
1417.427343750  0.007080620
1417.431250000  0.007045243
1417.435156250  0.007102652
1417.439062500  0.007128408
1417.442968750  0.007065799
1417.446875000  0.007067757
1417.450781250  0.007105898
1417.454687500  0.007096818
1417.458593750  0.007030826
1417.462500000  0.007081011
1417.466406250  0.007111064
1417.470312500  0.007154213
1417.474218750  0.007068337
1417.478125000  0.007096195
1417.482031250  0.007145561
1417.485937500  0.007121562
1417.489843750  0.007029936
1417.493750000  0.007044978
1417.497656250  0.007101422
1417.501562500  0.007097099
1417.505468750  0.007075382
1417.509375000  0.007069216
1417.513281250  0.007095223
1417.517187500  0.007058525
1417.521093750  0.007078045
1417.525000000  0.007048534
1417.528906250  0.007110387
1417.532812500  0.007088834
1417.536718750  0.007018569
1417.540625000  0.007099649
1417.544531250  0.007037606
1417.548437500  0.007006609
1417.552343750  0.007035731
1417.556250000  0.006939246
1417.560156250  0.007037918
1417.564062500  0.007042063
1417.567968750  0.007033074
1417.571875000  0.007017418
1417.575781250  0.007020330
1417.579687500  0.007109170
1417.583593750  0.007077756
1417.587500000  0.006999997
1417.591406250  0.006984294
1417.595312500  0.006983911
1417.599218750  0.006985620
1417.603125000  0.007062429
1417.607031250  0.007067002
1417.610937500  0.006982532
1417.614843750  0.007071516
1417.618750000  0.006992199
1417.622656250  0.006939129
1417.626562500  0.006993910
1417.630468750  0.007094500
1417.634375000  0.007053908
1417.638281250  0.006954958
1417.642187500  0.007043181
1417.646093750  0.007003292
1417.650000000  0.006991582
1417.653906250  0.007052179
1417.657812500  0.007034364
1417.661718750  0.006955354
1417.665625000  0.006986290
1417.669531250  0.006970467
1417.673437500  0.006989597
1417.677343750  0.007048495
1417.681250000  0.006910635
1417.685156250  0.006897787
1417.689062500  0.007052724
1417.692968750  0.006980710
1417.696875000  0.006976963
1417.700781250  0.006966774
1417.704687500  0.006960632
1417.708593750  0.006994761
1417.712500000  0.006989039
1417.716406250  0.006962536
1417.720312500  0.006977952
1417.724218750  0.006996953
1417.728125000  0.006941625
1417.732031250  0.006950057
1417.735937500  0.006931503
1417.739843750  0.006917314
1417.743750000  0.007005583
1417.747656250  0.006927123
1417.751562500  0.006932086
1417.755468750  0.006923291
1417.759375000  0.006904220
1417.763281250  0.006954409
1417.767187500  0.006979235
1417.771093750  0.007007993
1417.775000000  0.006968012
1417.778906250  0.006911493
1417.782812500  0.006917290
1417.786718750  0.006935974
1417.790625000  0.006924082
1417.794531250  0.006969339
1417.798437500  0.006907693
1417.802343750  0.006958322
1417.806250000  0.006912732
1417.810156250  0.006846358
1417.814062500  0.006882081
1417.817968750  0.006918820
1417.821875000  0.006922832
1417.825781250  0.006862797
1417.829687500  0.006896909
1417.833593750  0.006912018
1417.837500000  0.006889745
1417.841406250  0.006934749
1417.845312500  0.006908925
1417.849218750  0.006896211
1417.853125000  0.006968688
1417.857031250  0.006854553
1417.860937500  0.006937240
1417.864843750  0.006899304
1417.868750000  0.006935511
1417.872656250  0.006858392
1417.876562500  0.006879358
1417.880468750  0.006881138
1417.884375000  0.006885487
1417.888281250  0.006939881
1417.892187500  0.006886412
1417.896093750  0.006875410
1417.900000000  0.006904496
1417.903906250  0.006825102
1417.907812500  0.006923623
1417.911718750  0.006920037
1417.915625000  0.006901759
1417.919531250  0.006935136
1417.923437500  0.006786225
1417.927343750  0.006867187
1417.931250000  0.006823529
1417.935156250  0.006863964
1417.939062500  0.006865288
1417.942968750  0.006855488
1417.946875000  0.006823772
1417.950781250  0.006840288
1417.954687500  0.006767454
1417.958593750  0.006945532
1417.962500000  0.006958099
1417.966406250  0.006929237
1417.970312500  0.006860381
1417.974218750  0.006829156
1417.978125000  0.006861411
1417.982031250  0.006864610
1417.985937500  0.006874194
1417.989843750  0.006849925
1417.993750000  0.006833400
1417.997656250  0.006848382
1418.001562500  0.006930044
1418.005468750  0.006831032
1418.009375000  0.006862611
1418.013281250  0.006864764
1418.017187500  0.006847206
1418.021093750  0.006865868
1418.025000000  0.006879886
1418.028906250  0.006860606
1418.032812500  0.006818161
1418.036718750  0.006793915
1418.040625000  0.006867399
1418.044531250  0.006836037
1418.048437500  0.006814857
1418.052343750  0.006816777
1418.056250000  0.006885691
1418.060156250  0.006881647
1418.064062500  0.006849506
1418.067968750  0.006862339
1418.071875000  0.006870594
1418.075781250  0.006832913
1418.079687500  0.006847906
1418.083593750  0.006811545
1418.087500000  0.006841212
1418.091406250  0.006821130
1418.095312500  0.006838817
1418.099218750  0.006863634
1418.103125000  0.006826587
1418.107031250  0.006891599
1418.110937500  0.006830681
1418.114843750  0.006811707
1418.118750000  0.006855529
1418.122656250  0.006817252
1418.126562500  0.006887007
1418.130468750  0.006852434
1418.134375000  0.006778596
1418.138281250  0.006770109
1418.142187500  0.006795307
1418.146093750  0.006866583
1418.150000000  0.006842232
1418.153906250  0.006896746
1418.157812500  0.006839105
1418.161718750  0.006844842
1418.165625000  0.006803241
1418.169531250  0.006805047
1418.173437500  0.006830925
1418.177343750  0.006809156
1418.181250000  0.006850482
1418.185156250  0.006815323
1418.189062500  0.006776173
1418.192968750  0.006772922
1418.196875000  0.006829810
1418.200781250  0.006867679
1418.204687500  0.006815010
1418.208593750  0.006808266
1418.212500000  0.006796671
1418.216406250  0.006802086
1418.220312500  0.006785145
1418.224218750  0.006740984
1418.228125000  0.006838247
1418.232031250  0.006811238
1418.235937500  0.006869394
1418.239843750  0.006827366
1418.243750000  0.006730922
1418.247656250  0.006812853
1418.251562500  0.006832129
1418.255468750  0.006818654
1418.259375000  0.006748979
1418.263281250  0.006821773
1418.267187500  0.006817751
1418.271093750  0.006762109
1418.275000000  0.006787123
1418.278906250  0.006806885
1418.282812500  0.006801085
1418.286718750  0.006756918
1418.290625000  0.006897344
1418.294531250  0.006844439
1418.298437500  0.006744298
1418.302343750  0.006781805
1418.306250000  0.006798434
1418.310156250  0.006747293
1418.314062500  0.006784248
1418.317968750  0.006744909
1418.321875000  0.006837781
1418.325781250  0.006808668
1418.329687500  0.006811868
1418.333593750  0.006803739
1418.337500000  0.006715728
1418.341406250  0.006846173
1418.345312500  0.006862742
1418.349218750  0.006742840
1418.353125000  0.006805025
1418.357031250  0.006825416
1418.360937500  0.006759696
1418.364843750  0.006776943
1418.368750000  0.006807402
1418.372656250  0.006827978
1418.376562500  0.006799106
1418.380468750  0.006764591
1418.384375000  0.006799727
1418.388281250  0.006843850
1418.392187500  0.006761838
1418.396093750  0.006789169
1418.400000000  0.006856208
1418.403906250  0.006809742
1418.407812500  0.006777538
1418.411718750  0.006795550
1418.415625000  0.006762099
1418.419531250  0.006780337
1418.423437500  0.006791232
1418.427343750  0.006795751
1418.431250000  0.006771983
1418.435156250  0.006742659
1418.439062500  0.006773913
1418.442968750  0.006832861
1418.446875000  0.006817127
1418.450781250  0.006852624
1418.454687500  0.006791806
1418.458593750  0.006898983
1418.462500000  0.006779644
1418.466406250  0.006743898
1418.470312500  0.006787713
1418.474218750  0.006784016
1418.478125000  0.006775148
1418.482031250  0.006792168
1418.485937500  0.006825691
1418.489843750  0.006740082
1418.493750000  0.006831658
1418.497656250  0.006749710
1418.501562500  0.006806259
1418.505468750  0.006812327
1418.509375000  0.006816953
1418.513281250  0.006802494
1418.517187500  0.006803217
1418.521093750  0.006790658
1418.525000000  0.006751988
1418.528906250  0.006783327
1418.532812500  0.006865515
1418.536718750  0.006800217
1418.540625000  0.006773790
1418.544531250  0.006814675
1418.548437500  0.006798652
1418.552343750  0.006842431
1418.556250000  0.006786052
1418.560156250  0.006754468
1418.564062500  0.006822974
1418.567968750  0.006782911
1418.571875000  0.006825368
1418.575781250  0.006762126
1418.579687500  0.006777940
1418.583593750  0.006797851
1418.587500000  0.006811897
1418.591406250  0.006821663
1418.595312500  0.006822132
1418.599218750  0.006827529
1418.603125000  0.006845675
1418.607031250  0.006776114
1418.610937500  0.006739388
1418.614843750  0.006738784
1418.618750000  0.006799931
1418.622656250  0.006757200
1418.626562500  0.006826263
1418.630468750  0.006773425
1418.634375000  0.006787762
1418.638281250  0.006798193
1418.642187500  0.006808830
1418.646093750  0.006816725
1418.650000000  0.006816953
1418.653906250  0.006797177
1418.657812500  0.006842315
1418.661718750  0.006801627
1418.665625000  0.006776686
1418.669531250  0.006852385
1418.673437500  0.006851851
1418.677343750  0.006782611
1418.681250000  0.006795480
1418.685156250  0.006848515
1418.689062500  0.006828272
1418.692968750  0.006848407
1418.696875000  0.006778661
1418.700781250  0.006801631
1418.704687500  0.006752721
1418.708593750  0.006700089
1418.712500000  0.006787510
1418.716406250  0.006778439
1418.720312500  0.006819132
1418.724218750  0.006824565
1418.728125000  0.006832959
1418.732031250  0.006811626
1418.735937500  0.006803569
1418.739843750  0.006799308
1418.743750000  0.006837403
1418.747656250  0.006784324
1418.751562500  0.006747907
1418.755468750  0.006794642
1418.759375000  0.006740162
1418.763281250  0.006843780
1418.767187500  0.006787365
1418.771093750  0.006822457
1418.775000000  0.006741804
1418.778906250  0.006814804
1418.782812500  0.006819216
1418.786718750  0.006772180
1418.790625000  0.006786966
1418.794531250  0.006742056
1418.798437500  0.006817676
1418.802343750  0.006815188
1418.806250000  0.006810446
1418.810156250  0.006766656
1418.814062500  0.006803452
1418.817968750  0.006840439
1418.821875000  0.006775239
1418.825781250  0.006757762
1418.829687500  0.006823096
1418.833593750  0.006830801
1418.837500000  0.006806063
1418.841406250  0.006809069
1418.845312500  0.006745996
1418.849218750  0.006721737
1418.853125000  0.006801396
1418.857031250  0.006828159
1418.860937500  0.006837695
1418.864843750  0.006857971
1418.868750000  0.006784820
1418.872656250  0.006824082
1418.876562500  0.006809944
1418.880468750  0.006729211
1418.884375000  0.006836526
1418.888281250  0.006840861
1418.892187500  0.006881581
1418.896093750  0.006787102
1418.900000000  0.006820129
1418.903906250  0.006849508
1418.907812500  0.006724347
1418.911718750  0.006782253
1418.915625000  0.006898807
1418.919531250  0.006861208
1418.923437500  0.006779468
1418.927343750  0.006793425
1418.931250000  0.006803815
1418.935156250  0.006805651
1418.939062500  0.006793927
1418.942968750  0.006812364
1418.946875000  0.006844316
1418.950781250  0.006805806
1418.954687500  0.006874126
1418.958593750  0.006855376
1418.962500000  0.006821979
1418.966406250  0.006742788
1418.970312500  0.006822980
1418.974218750  0.006803418
1418.978125000  0.006815122
1418.982031250  0.006817662
1418.985937500  0.006807936
1418.989843750  0.006795686
1418.993750000  0.006786724
1418.997656250  0.006792119
1419.001562500  0.006818134
1419.005468750  0.006757159
1419.009375000  0.006857396
1419.013281250  0.006824371
1419.017187500  0.006807875
1419.021093750  0.006841378
1419.025000000  0.006822751
1419.028906250  0.006735563
1419.032812500  0.006782628
1419.036718750  0.006789401
1419.040625000  0.006774039
1419.044531250  0.006849264
1419.048437500  0.006866058
1419.052343750  0.006818081
1419.056250000  0.006829642
1419.060156250  0.006750539
1419.064062500  0.006851660
1419.067968750  0.006704118
1419.071875000  0.006811741
1419.075781250  0.006880523
1419.079687500  0.006808694
1419.083593750  0.006888867
1419.087500000  0.006804673
1419.091406250  0.006798644
1419.095312500  0.006782377
1419.099218750  0.006823864
1419.103125000  0.006816317
1419.107031250  0.006856579
1419.110937500  0.006821996
1419.114843750  0.006825426
1419.118750000  0.006813634
1419.122656250  0.006796716
1419.126562500  0.006815858
1419.130468750  0.006893074
1419.134375000  0.008458206
1419.138281250  0.006831609
1419.142187500  0.006799291
1419.146093750  0.006803138
1419.150000000  0.006767253
1419.153906250  0.006821177
1419.157812500  0.006809287
1419.161718750  0.006852237
1419.165625000  0.006872695
1419.169531250  0.006865831
1419.173437500  0.006807454
1419.177343750  0.006877927
1419.181250000  0.006857112
1419.185156250  0.006876119
1419.189062500  0.006793491
1419.192968750  0.006819733
1419.196875000  0.006888607
1419.200781250  0.006818724
1419.204687500  0.006761388
1419.208593750  0.006856012
1419.212500000  0.006859196
1419.216406250  0.006781350
1419.220312500  0.006823784
1419.224218750  0.006830061
1419.228125000  0.006851191
1419.232031250  0.006851496
1419.235937500  0.006803475
1419.239843750  0.006816542
1419.243750000  0.006843845
1419.247656250  0.006872864
1419.251562500  0.006872746
1419.255468750  0.006778860
1419.259375000  0.006748288
1419.263281250  0.006817670
1419.267187500  0.006848370
1419.271093750  0.006838908
1419.275000000  0.006842273
1419.278906250  0.006829392
1419.282812500  0.006802367
1419.286718750  0.006747284
1419.290625000  0.006786049
1419.294531250  0.006899122
1419.298437500  0.006798089
1419.302343750  0.006818044
1419.306250000  0.006801628
1419.310156250  0.006822304
1419.314062500  0.006770354
1419.317968750  0.006709389
1419.321875000  0.006820276
1419.325781250  0.006855043
1419.329687500  0.006822008
1419.333593750  0.006807745
1419.337500000  0.006823180
1419.341406250  0.006887751
1419.345312500  0.006848762
1419.349218750  0.006814332
1419.353125000  0.006854334
1419.357031250  0.006862890
1419.360937500  0.006785874
1419.364843750  0.006873704
1419.368750000  0.006807438
1419.372656250  0.006839850
1419.376562500  0.006882754
1419.380468750  0.006814281
1419.384375000  0.006825860
1419.388281250  0.006870658
1419.392187500  0.006794681
1419.396093750  0.006829093
1419.400000000  0.006818906
1419.403906250  0.006758490
1419.407812500  0.006793173
1419.411718750  0.006821702
1419.415625000  0.006826095
1419.419531250  0.006818547
1419.423437500  0.006871552
1419.427343750  0.006761287
1419.431250000  0.006851485
1419.435156250  0.006796787
1419.439062500  0.006813421
1419.442968750  0.006748399
1419.446875000  0.006743145
1419.450781250  0.006825655
1419.454687500  0.006881137
1419.458593750  0.006855778
1419.462500000  0.006841805
1419.466406250  0.006765316
1419.470312500  0.006857887
1419.474218750  0.006815036
1419.478125000  0.006847324
1419.482031250  0.006878367
1419.485937500  0.006809673
1419.489843750  0.006821839
1419.493750000  0.006804086
1419.497656250  0.006921076
1419.501562500  0.006860202
1419.505468750  0.006774970
1419.509375000  0.006831885
1419.513281250  0.006824137
1419.517187500  0.006830378
1419.521093750  0.006839395
1419.525000000  0.006755142
1419.528906250  0.006861381
1419.532812500  0.006871723
1419.536718750  0.006873906
1419.540625000  0.006835358
1419.544531250  0.006861632
1419.548437500  0.006823781
1419.552343750  0.006787130
1419.556250000  0.006847340
1419.560156250  0.006896129
1419.564062500  0.006848161
1419.567968750  0.006804089
1419.571875000  0.006802321
1419.575781250  0.006790831
1419.579687500  0.006829933
1419.583593750  0.006832930
1419.587500000  0.006762639
1419.591406250  0.006820569
1419.595312500  0.006807855
1419.599218750  0.006767993
1419.603125000  0.006878927
1419.607031250  0.006840229
1419.610937500  0.006821427
1419.614843750  0.006843137
1419.618750000  0.006819910
1419.622656250  0.006825726
1419.626562500  0.006854487
1419.630468750  0.006793543
1419.634375000  0.006880261
1419.638281250  0.006761744
1419.642187500  0.006795084
1419.646093750  0.006853551
1419.650000000  0.006782818
1419.653906250  0.006810122
1419.657812500  0.006782402
1419.661718750  0.006793376
1419.665625000  0.006822494
1419.669531250  0.006825305
1419.673437500  0.006820488
1419.677343750  0.006851504
1419.681250000  0.006842042
1419.685156250  0.006849540
1419.689062500  0.006887448
1419.692968750  0.006788173
1419.696875000  0.006859497
1419.700781250  0.006854729
1419.704687500  0.006791829
1419.708593750  0.006864788
1419.712500000  0.006784534
1419.716406250  0.006833838
1419.720312500  0.006885009
1419.724218750  0.006832043
1419.728125000  0.006875734
1419.732031250  0.006781478
1419.735937500  0.006835947
1419.739843750  0.006838432
1419.743750000  0.006787600
1419.747656250  0.006878025
1419.751562500  0.006812996
1419.755468750  0.006840468
1419.759375000  0.006830423
1419.763281250  0.006754147
1419.767187500  0.006902575
1419.771093750  0.006886432
1419.775000000  0.006843863
1419.778906250  0.006848298
1419.782812500  0.006873217
1419.786718750  0.006847279
1419.790625000  0.006895708
1419.794531250  0.006852139
1419.798437500  0.006866598
1419.802343750  0.006861584
1419.806250000  0.006863814
1419.810156250  0.006922013
1419.814062500  0.006848706
1419.817968750  0.006862008
1419.821875000  0.006896894
1419.825781250  0.006820865
1419.829687500  0.006817773
1419.833593750  0.006870283
1419.837500000  0.006876228
1419.841406250  0.006799538
1419.845312500  0.006850884
1419.849218750  0.006847901
1419.853125000  0.006847462
1419.857031250  0.006858910
1419.860937500  0.006817421
1419.864843750  0.006931398
1419.868750000  0.006894283
1419.872656250  0.006895931
1419.876562500  0.006850820
1419.880468750  0.006852742
1419.884375000  0.006879571
1419.888281250  0.006869542
1419.892187500  0.006885206
1419.896093750  0.006831296
1419.900000000  0.006869388
1419.903906250  0.006860162
1419.907812500  0.006810950
1419.911718750  0.006833823
1419.915625000  0.006852184
1419.919531250  0.006850646
1419.923437500  0.006897847
1419.927343750  0.006838659
1419.931250000  0.006864255
1419.935156250  0.006843630
1419.939062500  0.006952465
1419.942968750  0.006874827
1419.946875000  0.006886177
1419.950781250  0.006796883
1419.954687500  0.006879316
1419.958593750  0.006861097
1419.962500000  0.006912066
1419.966406250  0.006883947
1419.970312500  0.006837921
1419.974218750  0.006915005
1419.978125000  0.006843061
1419.982031250  0.006932468
1419.985937500  0.007212802
1419.989843750  0.007189675
1419.993750000  0.007018860
1419.997656250  0.007486761
1420.001562500  0.008163815
1420.005468750  0.007060808
1420.009375000  0.006926186
1420.013281250  0.006896351
1420.017187500  0.006967367
1420.021093750  0.006853292
1420.025000000  0.006813281
1420.028906250  0.006932632
1420.032812500  0.006889010
1420.036718750  0.006854133
1420.040625000  0.007056115
1420.044531250  0.006897202
1420.048437500  0.006909393
1420.052343750  0.006841451
1420.056250000  0.006861383
1420.060156250  0.006901089
1420.064062500  0.006898827
1420.067968750  0.006963134
1420.071875000  0.006845245
1420.075781250  0.006841184
1420.079687500  0.006869646
1420.083593750  0.006897042
1420.087500000  0.006945107
1420.091406250  0.006899041
1420.095312500  0.006910879
1420.099218750  0.006938483
1420.103125000  0.006843720
1420.107031250  0.006906955
1420.110937500  0.006901686
1420.114843750  0.006846709
1420.118750000  0.006897773
1420.122656250  0.006904406
1420.126562500  0.006894371
1420.130468750  0.006976237
1420.134375000  0.006825686
1420.138281250  0.006864209
1420.142187500  0.006951180
1420.146093750  0.006904351
1420.150000000  0.006956750
1420.153906250  0.006921285
1420.157812500  0.006939760
1420.161718750  0.006937376
1420.165625000  0.006904139
1420.169531250  0.006891703
1420.173437500  0.006876218
1420.177343750  0.007013537
1420.181250000  0.006944484
1420.185156250  0.006936904
1420.189062500  0.006921165
1420.192968750  0.006931523
1420.196875000  0.006929242
1420.200781250  0.006971801
1420.204687500  0.006910280
1420.208593750  0.006931979
1420.212500000  0.006920128
1420.216406250  0.006961076
1420.220312500  0.006914116
1420.224218750  0.006895598
1420.228125000  0.006954321
1420.232031250  0.006973054
1420.235937500  0.006946574
1420.239843750  0.006860087
1420.243750000  0.006938341
1420.247656250  0.006906391
1420.251562500  0.006962573
1420.255468750  0.006886805
1420.259375000  0.006909764
1420.263281250  0.006954739
1420.267187500  0.006923740
1420.271093750  0.006946335
1420.275000000  0.006944120
1420.278906250  0.006969357
1420.282812500  0.006904945
1420.286718750  0.006966523
1420.290625000  0.006947009
1420.294531250  0.006931283
1420.298437500  0.006966032
1420.302343750  0.006939129
1420.306250000  0.006990110
1420.310156250  0.007017457
1420.314062500  0.006960885
1420.317968750  0.007003476
1420.321875000  0.006934652
1420.325781250  0.006969876
1420.329687500  0.007021036
1420.333593750  0.007044418
1420.337500000  0.007003002
1420.341406250  0.007023900
1420.345312500  0.007006813
1420.349218750  0.007000830
1420.353125000  0.007089441
1420.357031250  0.007089409
1420.360937500  0.006979813
1420.364843750  0.007105939
1420.368750000  0.007099610
1420.372656250  0.007140234
1420.376562500  0.007095963
1420.380468750  0.007142948
1420.384375000  0.007063438
1420.388281250  0.007111237
1420.392187500  0.007141826
1420.396093750  0.007115634
1420.400000000  0.007831856
1420.403906250  0.007209775
1420.407812500  0.007221453
1420.411718750  0.007149727
1420.415625000  0.007126207
1420.419531250  0.007154220
1420.423437500  0.007083273
1420.427343750  0.007108748
1420.431250000  0.007148939
1420.435156250  0.007139883
1420.439062500  0.007174871
1420.442968750  0.007126289
1420.446875000  0.007067238
1420.450781250  0.007123478
1420.454687500  0.007083566
1420.458593750  0.007082788
1420.462500000  0.007056446
1420.466406250  0.007064782
1420.470312500  0.006960304
1420.474218750  0.006966006
1420.478125000  0.007083748
1420.482031250  0.007035825
1420.485937500  0.006973023
1420.489843750  0.007080565
1420.493750000  0.006999210
1420.497656250  0.006996381
1420.501562500  0.006973762
1420.505468750  0.006935444
1420.509375000  0.006962627
1420.513281250  0.006992667
1420.517187500  0.006978527
1420.521093750  0.006986155
1420.525000000  0.006961810
1420.528906250  0.006929521
1420.532812500  0.006938783
1420.536718750  0.006956052
1420.540625000  0.006945079
1420.544531250  0.006942836
1420.548437500  0.006951931
1420.552343750  0.006911718
1420.556250000  0.006910546
1420.560156250  0.006976960
1420.564062500  0.007022275
1420.567968750  0.006942390
1420.571875000  0.007013700
1420.575781250  0.006976422
1420.579687500  0.006968360
1420.583593750  0.006983006
1420.587500000  0.006981028
1420.591406250  0.006933467
1420.595312500  0.006961596
1420.599218750  0.006971711
1420.603125000  0.006965972
1420.607031250  0.006928922
1420.610937500  0.007003963
1420.614843750  0.006999418
1420.618750000  0.006958108
1420.622656250  0.006917910
1420.626562500  0.006953414
1420.630468750  0.006902599
1420.634375000  0.007000426
1420.638281250  0.006984363
1420.642187500  0.007074005
1420.646093750  0.006897603
1420.650000000  0.006975430
1420.653906250  0.006944068
1420.657812500  0.006997932
1420.661718750  0.006861036
1420.665625000  0.006953367
1420.669531250  0.006940967
1420.673437500  0.006938734
1420.677343750  0.006899756
1420.681250000  0.006997623
1420.685156250  0.006943450
1420.689062500  0.006973773
1420.692968750  0.006999740
1420.696875000  0.007019173
1420.700781250  0.007026729
1420.704687500  0.006978007
1420.708593750  0.006942991
1420.712500000  0.006961198
1420.716406250  0.006937380
1420.720312500  0.007004478
1420.724218750  0.006920614
1420.728125000  0.006988032
1420.732031250  0.006994658
1420.735937500  0.006960714
1420.739843750  0.006935311
1420.743750000  0.007001710
1420.747656250  0.006907494
1420.751562500  0.006958235
1420.755468750  0.007005957
1420.759375000  0.006992251
1420.763281250  0.006860696
1420.767187500  0.006972265
1420.771093750  0.006964840
1420.775000000  0.006910987
1420.778906250  0.006968665
1420.782812500  0.006965396
1420.786718750  0.006932509
1420.790625000  0.007010522
1420.794531250  0.007027610
1420.798437500  0.007009891
1420.802343750  0.006929585
1420.806250000  0.006966361
1420.810156250  0.006965893
1420.814062500  0.006912242
1420.817968750  0.006959597
1420.821875000  0.006978275
1420.825781250  0.006994410
1420.829687500  0.006910561
1420.833593750  0.007026192
1420.837500000  0.006926976
1420.841406250  0.007031879
1420.845312500  0.006955885
1420.849218750  0.006956606
1420.853125000  0.006967239
1420.857031250  0.006913007
1420.860937500  0.006925873
1420.864843750  0.007017745
1420.868750000  0.006987316
1420.872656250  0.006974341
1420.876562500  0.006910800
1420.880468750  0.006919600
1420.884375000  0.006924733
1420.888281250  0.006898315
1420.892187500  0.006984146
1420.896093750  0.006941900
1420.900000000  0.006973946
1420.903906250  0.006972523
1420.907812500  0.006924295
1420.911718750  0.007018710
1420.915625000  0.006909356
1420.919531250  0.007031791
1420.923437500  0.006960748
1420.927343750  0.006981714
1420.931250000  0.006946145
1420.935156250  0.007048002
1420.939062500  0.007030414
1420.942968750  0.006900374
1420.946875000  0.006950335
1420.950781250  0.006980611
1420.954687500  0.006967572
1420.958593750  0.007043054
1420.962500000  0.006999132
1420.966406250  0.006974882
1420.970312500  0.007014520
1420.974218750  0.007023382
1420.978125000  0.006972203
1420.982031250  0.006976430
1420.985937500  0.006975857
1420.989843750  0.006997103
1420.993750000  0.006966107
1420.997656250  0.006991724
1421.001562500  0.007000318
1421.005468750  0.006952248
1421.009375000  0.007071038
1421.013281250  0.006912567
1421.017187500  0.007029155
1421.021093750  0.007019807
1421.025000000  0.006877376
1421.028906250  0.007023959
1421.032812500  0.006976914
1421.036718750  0.006949906
1421.040625000  0.006972359
1421.044531250  0.006953328
1421.048437500  0.006954001
1421.052343750  0.006966676
1421.056250000  0.006987999
1421.060156250  0.007022862
1421.064062500  0.006966667
1421.067968750  0.006997491
1421.071875000  0.006978521
1421.075781250  0.006966170
1421.079687500  0.006956565
1421.083593750  0.006915568
1421.087500000  0.006978394
1421.091406250  0.006894455
1421.095312500  0.006936550
1421.099218750  0.006928064
1421.103125000  0.006983555
1421.107031250  0.007031274
1421.110937500  0.006954280
1421.114843750  0.006954839
1421.118750000  0.006994770
1421.122656250  0.006997573
1421.126562500  0.006970343
1421.130468750  0.006996540
1421.134375000  0.006998108
1421.138281250  0.006903279
1421.142187500  0.006928254
1421.146093750  0.006944633
1421.150000000  0.006917471
1421.153906250  0.006931090
1421.157812500  0.006949306
1421.161718750  0.007043706
1421.165625000  0.006977771
1421.169531250  0.006997124
1421.173437500  0.006980743
1421.177343750  0.007026946
1421.181250000  0.006972549
1421.185156250  0.006975680
1421.189062500  0.006941967
1421.192968750  0.006995362
1421.196875000  0.007025855
1421.200781250  0.007010545
1421.204687500  0.006947171
1421.208593750  0.007020469
1421.212500000  0.006937643
1421.216406250  0.006990774
1421.220312500  0.006890015
1421.224218750  0.006925695
1421.228125000  0.007021635
1421.232031250  0.006906426
1421.235937500  0.006901636
1421.239843750  0.006945093
1421.243750000  0.006933935
1421.247656250  0.006975962
1421.251562500  0.006973438
1421.255468750  0.007038267
1421.259375000  0.006915302
1421.263281250  0.006981738
1421.267187500  0.006983300
1421.271093750  0.006957855
1421.275000000  0.007012822
1421.278906250  0.006969702
1421.282812500  0.006942616
1421.286718750  0.006952324
1421.290625000  0.006981486
1421.294531250  0.006950324
1421.298437500  0.007037125
1421.302343750  0.007008029
1421.306250000  0.006941368
1421.310156250  0.006946766
1421.314062500  0.007002597
1421.317968750  0.007005756
1421.321875000  0.007018710
1421.325781250  0.006957350
1421.329687500  0.006960971
1421.333593750  0.006987509
1421.337500000  0.006999230
1421.341406250  0.006998458
1421.345312500  0.006984009
1421.349218750  0.007008910
1421.353125000  0.006963264
1421.357031250  0.007066097
1421.360937500  0.006923485
1421.364843750  0.006933127
1421.368750000  0.007016911
1421.372656250  0.007025865
1421.376562500  0.007006399
1421.380468750  0.007034957
1421.384375000  0.006967920
1421.388281250  0.007013894
1421.392187500  0.007002339
1421.396093750  0.006952884
1421.400000000  0.007045176
1421.403906250  0.007245157
1421.407812500  0.007031303
1421.411718750  0.006970389
1421.415625000  0.007010357
1421.419531250  0.007011189
1421.423437500  0.006942928
1421.427343750  0.006981122
1421.431250000  0.007000650
1421.435156250  0.007038201
1421.439062500  0.007037840
1421.442968750  0.006953981
1421.446875000  0.007006702
1421.450781250  0.007026770
1421.454687500  0.007040439
1421.458593750  0.006952203
1421.462500000  0.007038162
1421.466406250  0.007008786
1421.470312500  0.006973829
1421.474218750  0.006963879
1421.478125000  0.007066692
1421.482031250  0.006964404
1421.485937500  0.006970331
1421.489843750  0.007005988
1421.493750000  0.007028756
1421.497656250  0.007016231
1421.501562500  0.006983564
1421.505468750  0.007035780
1421.509375000  0.006990481
1421.513281250  0.006992069
1421.517187500  0.006965757
1421.521093750  0.007070369
1421.525000000  0.007006587
1421.528906250  0.007005066
1421.532812500  0.007080696
1421.536718750  0.007010046
1421.540625000  0.006950479
1421.544531250  0.007030084
1421.548437500  0.007006945
1421.552343750  0.007062712
1421.556250000  0.006999655
1421.560156250  0.007062174
1421.564062500  0.007013770
1421.567968750  0.006991014
1421.571875000  0.006961407
1421.575781250  0.006998116
1421.579687500  0.006971206
1421.583593750  0.006996963
1421.587500000  0.007017935
1421.591406250  0.006984106
1421.595312500  0.006993574
1421.599218750  0.007011123
1421.603125000  0.006985839
1421.607031250  0.007043527
1421.610937500  0.007001987
1421.614843750  0.006998496
1421.618750000  0.006905253
1421.622656250  0.007002193
1421.626562500  0.007039642
1421.630468750  0.006990460
1421.634375000  0.007002120
1421.638281250  0.007018301
1421.642187500  0.007011534
1421.646093750  0.007017081
1421.650000000  0.006976162
1421.653906250  0.006978224
1421.657812500  0.006917878
1421.661718750  0.007067445
1421.665625000  0.006978125
1421.669531250  0.006928356
1421.673437500  0.006962516
1421.677343750  0.007015551
1421.681250000  0.007004521
1421.685156250  0.006874439
1421.689062500  0.006969523
1421.692968750  0.006941879
1421.696875000  0.006932794
1421.700781250  0.006944326
1421.704687500  0.006972273
1421.708593750  0.006941114
1421.712500000  0.007005964
1421.716406250  0.006973002
1421.720312500  0.006914992
1421.724218750  0.007014127
1421.728125000  0.007018276
1421.732031250  0.007021885
1421.735937500  0.006992081
1421.739843750  0.006935594
1421.743750000  0.006949317
1421.747656250  0.006902055
1421.751562500  0.006959021
1421.755468750  0.006953373
1421.759375000  0.006928361
1421.763281250  0.006912114
1421.767187500  0.006976388
1421.771093750  0.006926217
1421.775000000  0.006965463
1421.778906250  0.006965788
1421.782812500  0.006955368
1421.786718750  0.006950272
1421.790625000  0.006908072
1421.794531250  0.006973122
1421.798437500  0.006987549
1421.802343750  0.006981655
1421.806250000  0.006943294
1421.810156250  0.006921248
1421.814062500  0.006919675
1421.817968750  0.006935054
1421.821875000  0.006979133
1421.825781250  0.006969423
1421.829687500  0.006908994
1421.833593750  0.006901282
1421.837500000  0.006871128
1421.841406250  0.006964363
1421.845312500  0.006938583
1421.849218750  0.006877570
1421.853125000  0.006907813
1421.857031250  0.006906738
1421.860937500  0.006977001
1421.864843750  0.006869118
1421.868750000  0.006938320
1421.872656250  0.006936383
1421.876562500  0.006935390
1421.880468750  0.006893760
1421.884375000  0.006952358
1421.888281250  0.006937401
1421.892187500  0.006901138
1421.896093750  0.006954977
1421.900000000  0.006939510
1421.903906250  0.006929867
1421.907812500  0.006934382
1421.911718750  0.006944497
1421.915625000  0.007014512
1421.919531250  0.006963523
1421.923437500  0.006950746
1421.927343750  0.006960356
1421.931250000  0.006952386
1421.935156250  0.006904016
1421.939062500  0.006980807
1421.942968750  0.006889814
1421.946875000  0.006950131
1421.950781250  0.006969523
1421.954687500  0.006970291
1421.958593750  0.006997999
1421.962500000  0.007007705
1421.966406250  0.006939456
1421.970312500  0.006974898
1421.974218750  0.006982313
1421.978125000  0.006960109
1421.982031250  0.006894395
1421.985937500  0.006952119
1421.989843750  0.006927866
1421.993750000  0.006933415
1421.997656250  0.006970130
1422.001562500  0.006939297
1422.005468750  0.006905033
1422.009375000  0.006963145
1422.013281250  0.006942098
1422.017187500  0.006896160
1422.021093750  0.006925742
1422.025000000  0.006944410
1422.028906250  0.006959715
1422.032812500  0.006938986
1422.036718750  0.006940331
1422.040625000  0.006947084
1422.044531250  0.006963837
1422.048437500  0.006825233
1422.052343750  0.006883557
1422.056250000  0.006925446
1422.060156250  0.006891481
1422.064062500  0.006909104
1422.067968750  0.006866683
1422.071875000  0.006945338
1422.075781250  0.006886490
1422.079687500  0.006905608
1422.083593750  0.006891982
1422.087500000  0.006834125
1422.091406250  0.006950659
1422.095312500  0.006889669
1422.099218750  0.006933287
1422.103125000  0.006872222
1422.107031250  0.006952747
1422.110937500  0.006938776
1422.114843750  0.006931244
1422.118750000  0.006905416
1422.122656250  0.006915651
1422.126562500  0.006912738
1422.130468750  0.006906325
1422.134375000  0.006892031
1422.138281250  0.006948973
1422.142187500  0.006946543
1422.146093750  0.006866718
1422.150000000  0.006868847
1422.153906250  0.006939383
1422.157812500  0.006939139
1422.161718750  0.006898649
1422.165625000  0.006893886
1422.169531250  0.006945133
1422.173437500  0.006838029
1422.177343750  0.006900061
1422.181250000  0.006921434
1422.185156250  0.006865852
1422.189062500  0.006915866
1422.192968750  0.006914340
1422.196875000  0.006849665
1422.200781250  0.006920877
1422.204687500  0.006867745
1422.208593750  0.006937449
1422.212500000  0.006883331
1422.216406250  0.006901232
1422.220312500  0.006901727
1422.224218750  0.006882616
1422.228125000  0.006880579
1422.232031250  0.006935010
1422.235937500  0.006884732
1422.239843750  0.006802556
1422.243750000  0.006861974
1422.247656250  0.006813389
1422.251562500  0.006893473
1422.255468750  0.006847253
1422.259375000  0.006869933
1422.263281250  0.006847807
1422.267187500  0.006879775
1422.271093750  0.006836354
1422.275000000  0.006909576
1422.278906250  0.006875575
1422.282812500  0.006835325
1422.286718750  0.006855922
1422.290625000  0.006861560
1422.294531250  0.006884112
1422.298437500  0.006870751
1422.302343750  0.006875766
1422.306250000  0.006932877
1422.310156250  0.006835548
1422.314062500  0.006744826
1422.317968750  0.006863113
1422.321875000  0.006866533
1422.325781250  0.006850846
1422.329687500  0.006860832
1422.333593750  0.006798079
1422.337500000  0.006852719
1422.341406250  0.006858079
1422.345312500  0.006962231
1422.349218750  0.006845610
1422.353125000  0.006835198
1422.357031250  0.006840705
1422.360937500  0.006868450
1422.364843750  0.006851475
1422.368750000  0.006881933
1422.372656250  0.006894327
1422.376562500  0.006868827
1422.380468750  0.006865989
1422.384375000  0.006862816
1422.388281250  0.006848599
1422.392187500  0.006951588
1422.396093750  0.006826119
1422.400000000  0.006910968
1422.403906250  0.006843854
1422.407812500  0.006797247
1422.411718750  0.006863136
1422.415625000  0.006856867
1422.419531250  0.006853122
1422.423437500  0.006861904
1422.427343750  0.006888266
1422.431250000  0.006869867
1422.435156250  0.006783603
1422.439062500  0.006934190
1422.442968750  0.006832139
1422.446875000  0.006832457
1422.450781250  0.006843294
1422.454687500  0.006893509
1422.458593750  0.006861588
1422.462500000  0.006933231
1422.466406250  0.006880640
1422.470312500  0.006810182
1422.474218750  0.006840615
1422.478125000  0.006854509
1422.482031250  0.006854204
1422.485937500  0.006906658
1422.489843750  0.006805185
1422.493750000  0.006870379
1422.497656250  0.006797681
1422.501562500  0.006821970
1422.505468750  0.006824777
1422.509375000  0.006902654
1422.513281250  0.006856294
1422.517187500  0.006799617
1422.521093750  0.006936969
1422.525000000  0.006864228
1422.528906250  0.006856190
1422.532812500  0.006905048
1422.536718750  0.006903381
1422.540625000  0.006787818
1422.544531250  0.006893867
1422.548437500  0.006844065
1422.552343750  0.006856784
1422.556250000  0.006875313
1422.560156250  0.006862202
1422.564062500  0.006857071
1422.567968750  0.006828461
1422.571875000  0.006838909
1422.575781250  0.006834852
1422.579687500  0.006855875
1422.583593750  0.006867323
1422.587500000  0.006883299
1422.591406250  0.006806187
1422.595312500  0.006896472
1422.599218750  0.006870219
1422.603125000  0.006842086
1422.607031250  0.006959840
1422.610937500  0.006826793
1422.614843750  0.006825172
1422.618750000  0.006883696
1422.622656250  0.006851922
1422.626562500  0.006900458
1422.630468750  0.006824165
1422.634375000  0.006887813
1422.638281250  0.006910483
1422.642187500  0.006840346
1422.646093750  0.006938657
1422.650000000  0.006815453
1422.653906250  0.006764193
1422.657812500  0.006897071
1422.661718750  0.006810869
1422.665625000  0.006882292
1422.669531250  0.006903145
1422.673437500  0.006894431
1422.677343750  0.006874948
1422.681250000  0.006814782
1422.685156250  0.006927707
1422.689062500  0.006895426
1422.692968750  0.006775487
1422.696875000  0.006859520
1422.700781250  0.006857901
1422.704687500  0.006856179
1422.708593750  0.006838736
1422.712500000  0.006879650
1422.716406250  0.006813125
1422.720312500  0.006827633
1422.724218750  0.006846035
1422.728125000  0.006784185
1422.732031250  0.006871100
1422.735937500  0.006909003
1422.739843750  0.006885888
1422.743750000  0.006805603
1422.747656250  0.006896679
1422.751562500  0.006855357
1422.755468750  0.006901322
1422.759375000  0.006884368
1422.763281250  0.006853754
1422.767187500  0.006799149
1422.771093750  0.006782942
1422.775000000  0.006866281
1422.778906250  0.006923147
1422.782812500  0.006815762
1422.786718750  0.006813526
1422.790625000  0.006881324
1422.794531250  0.006839193
1422.798437500  0.006881038
1422.802343750  0.006783457
1422.806250000  0.006812013
1422.810156250  0.006799829
1422.814062500  0.006834181
1422.817968750  0.006835670
1422.821875000  0.006845473
1422.825781250  0.006800915
1422.829687500  0.006834825
1422.833593750  0.006816762
1422.837500000  0.006867622
1422.841406250  0.006850124
1422.845312500  0.006811683
1422.849218750  0.006850345
1422.853125000  0.006814343
1422.857031250  0.006774333
1422.860937500  0.006860965
1422.864843750  0.006904297
1422.868750000  0.006808294
1422.872656250  0.006824702
1422.876562500  0.006856789
1422.880468750  0.006866633
1422.884375000  0.006800846
1422.888281250  0.006831861
1422.892187500  0.006843842
1422.896093750  0.006885805
1422.900000000  0.006858269
1422.903906250  0.006839331
1422.907812500  0.006865274
1422.911718750  0.006893956
1422.915625000  0.006877287
1422.919531250  0.006856198
1422.923437500  0.006846766
1422.927343750  0.006903613
1422.931250000  0.006872168
1422.935156250  0.006914816
1422.939062500  0.006838690
1422.942968750  0.006813876
1422.946875000  0.006872851
1422.950781250  0.006826348
1422.954687500  0.006843370
1422.958593750  0.006860348
1422.962500000  0.006871437
1422.966406250  0.006883427
1422.970312500  0.006893869
1422.974218750  0.006884075
1422.978125000  0.006848212
1422.982031250  0.006857236
1422.985937500  0.006887333
1422.989843750  0.006878825
1422.993750000  0.006856513
1422.997656250  0.006845571
1423.001562500  0.006817949
1423.005468750  0.006913691
1423.009375000  0.006838944
1423.013281250  0.006840686
1423.017187500  0.006870751
1423.021093750  0.006844435
1423.025000000  0.006876284
1423.028906250  0.006812675
1423.032812500  0.006925278
1423.036718750  0.006805209
1423.040625000  0.006894904
1423.044531250  0.006855079
1423.048437500  0.006855311
1423.052343750  0.006891032
1423.056250000  0.006899640
1423.060156250  0.006856384
1423.064062500  0.006845398
1423.067968750  0.006897944
1423.071875000  0.006883206
1423.075781250  0.006855625
1423.079687500  0.006928910
1423.083593750  0.006860552
1423.087500000  0.006840969
1423.091406250  0.006844603
1423.095312500  0.006826566
1423.099218750  0.006818181
1423.103125000  0.006914333
1423.107031250  0.006872706
1423.110937500  0.006892174
1423.114843750  0.006824543
1423.118750000  0.006878023
1423.122656250  0.006886930
1423.126562500  0.006943880
1423.130468750  0.006833152
1423.134375000  0.006935555
1423.138281250  0.006894039
1423.142187500  0.006830073
1423.146093750  0.006926488
1423.150000000  0.006910445
1423.153906250  0.006849915
1423.157812500  0.006919862
1423.161718750  0.006901797
1423.165625000  0.006846912
1423.169531250  0.006819864
1423.173437500  0.006909801
1423.177343750  0.006892178
1423.181250000  0.006885471
1423.185156250  0.006906592
1423.189062500  0.006939280
1423.192968750  0.006888152
1423.196875000  0.006800206
1423.200781250  0.006869610
1423.204687500  0.006891925
1423.208593750  0.006879110
1423.212500000  0.006894451
1423.216406250  0.006867576
1423.220312500  0.006905635
1423.224218750  0.006898659
1423.228125000  0.006901899
1423.232031250  0.006892575
1423.235937500  0.006872776
1423.239843750  0.006883969
1423.243750000  0.006914296
1423.247656250  0.006912659
1423.251562500  0.006901000
1423.255468750  0.006884077
1423.259375000  0.006830552
1423.263281250  0.006872959
1423.267187500  0.006921903
1423.271093750  0.006879196
1423.275000000  0.006909353
1423.278906250  0.006954719
1423.282812500  0.006906022
1423.286718750  0.006932144
1423.290625000  0.006885719
1423.294531250  0.006896163
1423.298437500  0.006902051
1423.302343750  0.006903983
1423.306250000  0.006872584
1423.310156250  0.006922611
1423.314062500  0.006911410
1423.317968750  0.006881032
1423.321875000  0.006932284
1423.325781250  0.006904697
1423.329687500  0.006936415
1423.333593750  0.006927722
1423.337500000  0.006983742
1423.341406250  0.006951051
1423.345312500  0.006945511
1423.349218750  0.006903964
1423.353125000  0.006933895
1423.357031250  0.006937491
1423.360937500  0.006918666
1423.364843750  0.006874615
1423.368750000  0.006973102
1423.372656250  0.006990753
1423.376562500  0.006931073
1423.380468750  0.006957618
1423.384375000  0.006942024
1423.388281250  0.007028031
1423.392187500  0.006950115
1423.396093750  0.006976686
1423.400000000  0.006941904
1423.403906250  0.007011828
1423.407812500  0.007005230
1423.411718750  0.006967887
1423.415625000  0.006999341
1423.419531250  0.006991981
1423.423437500  0.006969204
1423.427343750  0.007030014
1423.431250000  0.006950089
1423.435156250  0.006954779
1423.439062500  0.007054459
1423.442968750  0.007013285
1423.446875000  0.007012999
1423.450781250  0.006974255
1423.454687500  0.006990054
1423.458593750  0.006981222
1423.462500000  0.006986137
1423.466406250  0.007021425
1423.470312500  0.007011857
1423.474218750  0.006972564
1423.478125000  0.006969788
1423.482031250  0.006988803
1423.485937500  0.007071559
1423.489843750  0.006999057
1423.493750000  0.007040425
1423.497656250  0.007039563
1423.501562500  0.006973673
1423.505468750  0.007000246
1423.509375000  0.007044640
1423.513281250  0.007027486
1423.517187500  0.006982189
1423.521093750  0.007078311
1423.525000000  0.006949922
1423.528906250  0.007051527
1423.532812500  0.007112810
1423.536718750  0.007105353
1423.540625000  0.007069910
1423.544531250  0.007095082
1423.548437500  0.007103371
1423.552343750  0.007038089
1423.556250000  0.007072818
1423.560156250  0.007077219
1423.564062500  0.007128118
1423.567968750  0.007031202
1423.571875000  0.007096957
1423.575781250  0.007117394
1423.579687500  0.007161651
1423.583593750  0.007110311
1423.587500000  0.007055162
1423.591406250  0.007069939
1423.595312500  0.007084113
1423.599218750  0.007218480
1423.603125000  0.007110614
1423.607031250  0.007167516
1423.610937500  0.007120423
1423.614843750  0.007119720
1423.618750000  0.007188560
1423.622656250  0.007126153
1423.626562500  0.007158174
1423.630468750  0.007149395
1423.634375000  0.007146692
1423.638281250  0.007199787
1423.642187500  0.007186514
1423.646093750  0.007197411
1423.650000000  0.007111172
1423.653906250  0.007200637
1423.657812500  0.007163118
1423.661718750  0.007170312
1423.665625000  0.007161085
1423.669531250  0.007175944
1423.673437500  0.007253884
1423.677343750  0.007178454
1423.681250000  0.007158006
1423.685156250  0.007158725
1423.689062500  0.007229318
1423.692968750  0.007244751
1423.696875000  0.007249409
1423.700781250  0.007163520
1423.704687500  0.007253137
1423.708593750  0.007216078
1423.712500000  0.007180045
1423.716406250  0.007220270
1423.720312500  0.007282892
1423.724218750  0.007322184
1423.728125000  0.007214227
1423.732031250  0.007308441
1423.735937500  0.007231861
1423.739843750  0.007271890
1423.743750000  0.007340816
1423.747656250  0.007309820
1423.751562500  0.007243630
1423.755468750  0.007252920
1423.759375000  0.007228223
1423.763281250  0.007266942
1423.767187500  0.007367675
1423.771093750  0.007349221
1423.775000000  0.007347179
1423.778906250  0.007280320
1423.782812500  0.007327016
1423.786718750  0.007266893
1423.790625000  0.007290741
1423.794531250  0.007373132
1423.798437500  0.007343355
1423.802343750  0.007385742
1423.806250000  0.007336833
1423.810156250  0.007316506
1423.814062500  0.007389819
1423.817968750  0.007345334
1423.821875000  0.007390895
1423.825781250  0.007370998
1423.829687500  0.007422895
1423.833593750  0.007357587
1423.837500000  0.007350331
1423.841406250  0.007299712
1423.845312500  0.007418167
1423.849218750  0.007379679
1423.853125000  0.007402102
1423.857031250  0.007381109
1423.860937500  0.007367249
1423.864843750  0.007413482
1423.868750000  0.007368697
1423.872656250  0.007392817
1423.876562500  0.007427419
1423.880468750  0.007410513
1423.884375000  0.007452181
1423.888281250  0.007452549
1423.892187500  0.007384868
1423.896093750  0.007435306
1423.900000000  0.007439857
1423.903906250  0.007436621
1423.907812500  0.007388809
1423.911718750  0.007410535
1423.915625000  0.007473892
1423.919531250  0.007401620
1423.923437500  0.007395653
1423.927343750  0.007391672
1423.931250000  0.007485221
1423.935156250  0.007509372
1423.939062500  0.007532216
1423.942968750  0.007551222
1423.946875000  0.007474018
1423.950781250  0.007426496
1423.954687500  0.007460101
1423.958593750  0.007483645
1423.962500000  0.007522403
1423.966406250  0.007470769
1423.970312500  0.007498288
1423.974218750  0.007550394
1423.978125000  0.007546011
1423.982031250  0.007626978
1423.985937500  0.008765417
1423.989843750  0.008555642
1423.993750000  0.007648174
1423.997656250  0.007736686
1424.001562500  0.008033393
1424.005468750  0.007546219
1424.009375000  0.007539385
1424.013281250  0.007525045
1424.017187500  0.007551532
1424.021093750  0.007556463
1424.025000000  0.007638824
1424.028906250  0.007552663
1424.032812500  0.007545555
1424.036718750  0.007592229
1424.040625000  0.007546666
1424.044531250  0.007588180
1424.048437500  0.007556460
1424.052343750  0.007621243
1424.056250000  0.007589323
1424.060156250  0.007571459
1424.064062500  0.007578201
1424.067968750  0.007600372
1424.071875000  0.007638251
1424.075781250  0.007543546
1424.079687500  0.007689191
1424.083593750  0.007671478
1424.087500000  0.007592349
1424.091406250  0.007594369
1424.095312500  0.007644982
1424.099218750  0.007614614
1424.103125000  0.007689946
1424.107031250  0.007634722
1424.110937500  0.007603824
1424.114843750  0.007696461
1424.118750000  0.007634287
1424.122656250  0.007694617
1424.126562500  0.007652659
1424.130468750  0.007709706
1424.134375000  0.007708628
1424.138281250  0.007718851
1424.142187500  0.007726232
1424.146093750  0.007665892
1424.150000000  0.007749462
1424.153906250  0.007820025
1424.157812500  0.007701725
1424.161718750  0.007746283
1424.165625000  0.007751253
1424.169531250  0.007631703
1424.173437500  0.007711908
1424.177343750  0.007763276
1424.181250000  0.007712811
1424.185156250  0.007772936
1424.189062500  0.007726720
1424.192968750  0.007745382
1424.196875000  0.007702167
1424.200781250  0.007884979
1424.204687500  0.007791861
1424.208593750  0.007850867
1424.212500000  0.007867341
1424.216406250  0.007792180
1424.220312500  0.007806210
1424.224218750  0.007893948
1424.228125000  0.007780466
1424.232031250  0.007821449
1424.235937500  0.007863812
1424.239843750  0.007885622
1424.243750000  0.007731725
1424.247656250  0.007950091
1424.251562500  0.008011362
1424.255468750  0.007906940
1424.259375000  0.007852010
1424.263281250  0.007878407
1424.267187500  0.007753730
1424.271093750  0.007862262
1424.275000000  0.007837536
1424.278906250  0.007811988
1424.282812500  0.007824088
1424.286718750  0.007768036
1424.290625000  0.007830376
1424.294531250  0.007819342
1424.298437500  0.007823147
1424.302343750  0.007809032
1424.306250000  0.007844254
1424.310156250  0.007872526
1424.314062500  0.007798335
1424.317968750  0.007859083
1424.321875000  0.007824095
1424.325781250  0.007820665
1424.329687500  0.007795443
1424.333593750  0.007805773
1424.337500000  0.007860456
1424.341406250  0.007877484
1424.345312500  0.007811119
1424.349218750  0.007806480
1424.353125000  0.007818616
1424.357031250  0.007847027
1424.360937500  0.007882111
1424.364843750  0.007742830
1424.368750000  0.007802027
1424.372656250  0.007842305
1424.376562500  0.007788416
1424.380468750  0.007809636
1424.384375000  0.007782535
1424.388281250  0.007898665
1424.392187500  0.007925576
1424.396093750  0.007787764

