1000(10000)
1416.400000000  0.007580956
1416.403906250  0.007507577
1416.407812500  0.007544710
1416.411718750  0.007528997
1416.415625000  0.007507590
1416.419531250  0.007452239
1416.423437500  0.007546727
1416.427343750  0.007538462
1416.431250000  0.007523830
1416.435156250  0.007573265
1416.439062500  0.007748628
1416.442968750  0.007605901
1416.446875000  0.007465803
1416.450781250  0.007436354
1416.454687500  0.007493210
1416.458593750  0.007473334
1416.462500000  0.007557343
1416.466406250  0.007508632
1416.470312500  0.007522239
1416.474218750  0.007516250
1416.478125000  0.007556952
1416.482031250  0.007616660
1416.485937500  0.007587947
1416.489843750  0.007731115
1416.493750000  0.007589679
1416.497656250  0.007512067
1416.501562500  0.007498603
1416.505468750  0.007465855
1416.509375000  0.007482329
1416.513281250  0.007449601
1416.517187500  0.007505360
1416.521093750  0.007518226
1416.525000000  0.007477179
1416.528906250  0.007539252
1416.532812500  0.007585013
1416.536718750  0.007538816
1416.540625000  0.007483643
1416.544531250  0.007511374
1416.548437500  0.007481160
1416.552343750  0.007523821
1416.556250000  0.007429215
1416.560156250  0.007542448
1416.564062500  0.007465671
1416.567968750  0.007489834
1416.571875000  0.007497973
1416.575781250  0.007437925
1416.579687500  0.007492382
1416.583593750  0.007506051
1416.587500000  0.007424942
1416.591406250  0.007532382
1416.595312500  0.007450611
1416.599218750  0.007450604
1416.603125000  0.007488077
1416.607031250  0.007564247
1416.610937500  0.007458924
1416.614843750  0.007458376
1416.618750000  0.007455969
1416.622656250  0.007539644
1416.626562500  0.007524854
1416.630468750  0.007469710
1416.634375000  0.007440317
1416.638281250  0.007464734
1416.642187500  0.007468664
1416.646093750  0.007675573
1416.650000000  0.007557646
1416.653906250  0.007608358
1416.657812500  0.007491621
1416.661718750  0.007424815
1416.665625000  0.007467119
1416.669531250  0.007402953
1416.673437500  0.007426310
1416.677343750  0.007458115
1416.681250000  0.007479544
1416.685156250  0.007434775
1416.689062500  0.007391274
1416.692968750  0.007424951
1416.696875000  0.007496565
1416.700781250  0.007642392
1416.704687500  0.007383714
1416.708593750  0.007389309
1416.712500000  0.007330452
1416.716406250  0.007354189
1416.720312500  0.007322883
1416.724218750  0.007364075
1416.728125000  0.007417828
1416.732031250  0.007322501
1416.735937500  0.007298405
1416.739843750  0.007368577
1416.743750000  0.007414573
1416.747656250  0.007393440
1416.751562500  0.007506467
1416.755468750  0.007588898
1416.759375000  0.007464508
1416.763281250  0.007388141
1416.767187500  0.007408740
1416.771093750  0.007412184
1416.775000000  0.007322456
1416.778906250  0.007329796
1416.782812500  0.007327164
1416.786718750  0.007381250
1416.790625000  0.007358570
1416.794531250  0.007361359
1416.798437500  0.007329540
1416.802343750  0.007338020
1416.806250000  0.007380475
1416.810156250  0.008137238
1416.814062500  0.007685710
1416.817968750  0.007469501
1416.821875000  0.007371691
1416.825781250  0.007368378
1416.829687500  0.007285225
1416.833593750  0.007377930
1416.837500000  0.007362694
1416.841406250  0.007331425
1416.845312500  0.007384806
1416.849218750  0.007360370
1416.853125000  0.007459875
1416.857031250  0.007604709
1416.860937500  0.008286555
1416.864843750  0.015886612
1416.868750000  0.011623123
1416.872656250  0.008014505
1416.876562500  0.007542981
1416.880468750  0.007467915
1416.884375000  0.007363487
1416.888281250  0.007406952
1416.892187500  0.007427253
1416.896093750  0.007392356
1416.900000000  0.007331608
1416.903906250  0.007166937
1416.907812500  0.007234039
1416.911718750  0.007323146
1416.915625000  0.007368469
1416.919531250  0.008184225
1416.923437500  0.007657983
1416.927343750  0.007304653
1416.931250000  0.007213883
1416.935156250  0.007238219
1416.939062500  0.007177373
1416.942968750  0.007225163
1416.946875000  0.007228674
1416.950781250  0.007167029
1416.954687500  0.007204358
1416.958593750  0.007165982
1416.962500000  0.007269196
1416.966406250  0.007200719
1416.970312500  0.007245289
1416.974218750  0.007594487
1416.978125000  0.007315701
1416.982031250  0.007185855
1416.985937500  0.007179017
1416.989843750  0.007090651
1416.993750000  0.007216244
1416.997656250  0.007628427
1417.001562500  0.008042513
1417.005468750  0.007212061
1417.009375000  0.007216468
1417.013281250  0.007144868
1417.017187500  0.007135799
1417.021093750  0.007140543
1417.025000000  0.007113012
1417.028906250  0.007256767
1417.032812500  0.007325749
1417.036718750  0.007166276
1417.040625000  0.007077742
1417.044531250  0.007085549
1417.048437500  0.007089352
1417.052343750  0.007034168
1417.056250000  0.007118360
1417.060156250  0.007166679
1417.064062500  0.007052511
1417.067968750  0.007135531
1417.071875000  0.007128935
1417.075781250  0.007205756
1417.079687500  0.007267925
1417.083593750  0.007363395
1417.087500000  0.007254968
1417.091406250  0.007114832
1417.095312500  0.007119470
1417.099218750  0.007149529
1417.103125000  0.007099376
1417.107031250  0.007121908
1417.110937500  0.007081281
1417.114843750  0.007010897
1417.118750000  0.007051897
1417.122656250  0.007035839
1417.126562500  0.007040785
1417.130468750  0.007017702
1417.134375000  0.007055558
1417.138281250  0.007090963
1417.142187500  0.007087672
1417.146093750  0.006976702
1417.150000000  0.007037359
1417.153906250  0.007006601
1417.157812500  0.007019259
1417.161718750  0.006994106
1417.165625000  0.006959879
1417.169531250  0.006962667
1417.173437500  0.006933073
1417.177343750  0.006942955
1417.181250000  0.006959589
1417.185156250  0.006964833
1417.189062500  0.006943859
1417.192968750  0.006904402
1417.196875000  0.006987227
1417.200781250  0.007095929
1417.204687500  0.006954532
1417.208593750  0.006947123
1417.212500000  0.006944068
1417.216406250  0.006884378
1417.220312500  0.006927410
1417.224218750  0.006860738
1417.228125000  0.006942806
1417.232031250  0.006886233
1417.235937500  0.006946177
1417.239843750  0.006889657
1417.243750000  0.006919920
1417.247656250  0.007040297
1417.251562500  0.006915190
1417.255468750  0.006841561
1417.259375000  0.006913717
1417.263281250  0.006954112
1417.267187500  0.006862965
1417.271093750  0.006862373
1417.275000000  0.006870624
1417.278906250  0.006872742
1417.282812500  0.006866796
1417.286718750  0.006883502
1417.290625000  0.006875888
1417.294531250  0.006979357
1417.298437500  0.006823173
1417.302343750  0.006933925
1417.306250000  0.006869227
1417.310156250  0.006873214
1417.314062500  0.006822779
1417.317968750  0.006790892
1417.321875000  0.006881487
1417.325781250  0.006894351
1417.329687500  0.006884915
1417.333593750  0.006793021
1417.337500000  0.006832273
1417.341406250  0.006890679
1417.345312500  0.006868562
1417.349218750  0.006798122
1417.353125000  0.006841365
1417.357031250  0.006870446
1417.360937500  0.006793416
1417.364843750  0.006800963
1417.368750000  0.006799859
1417.372656250  0.006759926
1417.376562500  0.006780449
1417.380468750  0.006849490
1417.384375000  0.006832775
1417.388281250  0.006826832
1417.392187500  0.006867337
1417.396093750  0.006843350
1417.400000000  0.006756152
1417.403906250  0.006793467
1417.407812500  0.006756886
1417.411718750  0.006783482
1417.415625000  0.006821582
1417.419531250  0.006767645
1417.423437500  0.006707891
1417.427343750  0.006760796
1417.431250000  0.006733589
1417.435156250  0.006804317
1417.439062500  0.006826493
1417.442968750  0.006755242
1417.446875000  0.006784208
1417.450781250  0.006775952
1417.454687500  0.006723667
1417.458593750  0.006831242
1417.462500000  0.006725524
1417.466406250  0.006768747
1417.470312500  0.006729683
1417.474218750  0.006778324
1417.478125000  0.006766449
1417.482031250  0.006808446
1417.485937500  0.006827326
1417.489843750  0.006757441
1417.493750000  0.006748973
1417.497656250  0.006713825
1417.501562500  0.006765617
1417.505468750  0.006701753
1417.509375000  0.006745667
1417.513281250  0.006708532
1417.517187500  0.006744359
1417.521093750  0.006755622
1417.525000000  0.006792769
1417.528906250  0.006774019
1417.532812500  0.006788607
1417.536718750  0.006758735
1417.540625000  0.006736274
1417.544531250  0.006731353
1417.548437500  0.006725452
1417.552343750  0.006688318
1417.556250000  0.006690615
1417.560156250  0.006699184
1417.564062500  0.006701809
1417.567968750  0.006771778
1417.571875000  0.006737139
1417.575781250  0.006738566
1417.579687500  0.006812081
1417.583593750  0.006691439
1417.587500000  0.006683450
1417.591406250  0.006765237
1417.595312500  0.006696180
1417.599218750  0.006675931
1417.603125000  0.006633519
1417.607031250  0.006651026
1417.610937500  0.006695173
1417.614843750  0.006691078
1417.618750000  0.006657734
1417.622656250  0.006627794
1417.626562500  0.006733582
1417.630468750  0.006701499
1417.634375000  0.006756680
1417.638281250  0.006728069
1417.642187500  0.006691532
1417.646093750  0.006708115
1417.650000000  0.006636104
1417.653906250  0.006652025
1417.657812500  0.006692474
1417.661718750  0.006600233
1417.665625000  0.006609410
1417.669531250  0.006672146
1417.673437500  0.006682895
1417.677343750  0.006747795
1417.681250000  0.006709284
1417.685156250  0.006740828
1417.689062500  0.006730834
1417.692968750  0.006676537
1417.696875000  0.006706045
1417.700781250  0.006639057
1417.704687500  0.006608644
1417.708593750  0.006657995
1417.712500000  0.006639835
1417.716406250  0.006692195
1417.720312500  0.006666157
1417.724218750  0.006719923
1417.728125000  0.006604602
1417.732031250  0.006607179
1417.735937500  0.006594364
1417.739843750  0.006673085
1417.743750000  0.006647171
1417.747656250  0.006642608
1417.751562500  0.006644901
1417.755468750  0.006614980
1417.759375000  0.006598600
1417.763281250  0.006629644
1417.767187500  0.006597813
1417.771093750  0.006707395
1417.775000000  0.006596339
1417.778906250  0.006618504
1417.782812500  0.006602945
1417.786718750  0.006641472
1417.790625000  0.006613974
1417.794531250  0.006603654
1417.798437500  0.006638926
1417.802343750  0.006601605
1417.806250000  0.006615544
1417.810156250  0.006573809
1417.814062500  0.006579111
1417.817968750  0.006713782
1417.821875000  0.006616740
1417.825781250  0.006597449
1417.829687500  0.006573444
1417.833593750  0.006576719
1417.837500000  0.006616105
1417.841406250  0.006572519
1417.845312500  0.006614317
1417.849218750  0.006648002
1417.853125000  0.006570638
1417.857031250  0.006639156
1417.860937500  0.006509589
1417.864843750  0.006659052
1417.868750000  0.006590993
1417.872656250  0.006569683
1417.876562500  0.006566497
1417.880468750  0.006503489
1417.884375000  0.006511968
1417.888281250  0.006566519
1417.892187500  0.006576884
1417.896093750  0.006617967
1417.900000000  0.006615734
1417.903906250  0.006548046
1417.907812500  0.006664817
1417.911718750  0.006555825
1417.915625000  0.006656481
1417.919531250  0.006529298
1417.923437500  0.006545844
1417.927343750  0.006578115
1417.931250000  0.006583563
1417.935156250  0.006626726
1417.939062500  0.006553998
1417.942968750  0.006533585
1417.946875000  0.006512919
1417.950781250  0.006567746
1417.954687500  0.006586406
1417.958593750  0.006585712
1417.962500000  0.006631250
1417.966406250  0.006614825
1417.970312500  0.006497376
1417.974218750  0.006544524
1417.978125000  0.006483354
1417.982031250  0.006572057
1417.985937500  0.006519377
1417.989843750  0.006536881
1417.993750000  0.006566854
1417.997656250  0.006525983
1418.001562500  0.006547327
1418.005468750  0.006526082
1418.009375000  0.006656993
1418.013281250  0.006468278
1418.017187500  0.006512831
1418.021093750  0.006518597
1418.025000000  0.006575604
1418.028906250  0.006490833
1418.032812500  0.006570432
1418.036718750  0.006536900
1418.040625000  0.006515700
1418.044531250  0.006483089
1418.048437500  0.006525557
1418.052343750  0.006477749
1418.056250000  0.006560921
1418.060156250  0.006530380
1418.064062500  0.006572559
1418.067968750  0.006551609
1418.071875000  0.006537354
1418.075781250  0.006526663
1418.079687500  0.006505570
1418.083593750  0.006480309
1418.087500000  0.006500907
1418.091406250  0.006492605
1418.095312500  0.006525803
1418.099218750  0.006563344
1418.103125000  0.006566197
1418.107031250  0.006570505
1418.110937500  0.006529969
1418.114843750  0.006476984
1418.118750000  0.006538620
1418.122656250  0.006614986
1418.126562500  0.006543075
1418.130468750  0.006588018
1418.134375000  0.006511837
1418.138281250  0.006533108
1418.142187500  0.006488957
1418.146093750  0.006547092
1418.150000000  0.006540917
1418.153906250  0.006545196
1418.157812500  0.006553677
1418.161718750  0.006444670
1418.165625000  0.006497332
1418.169531250  0.006513685
1418.173437500  0.006512060
1418.177343750  0.006522617
1418.181250000  0.006493490
1418.185156250  0.006484547
1418.189062500  0.006491452
1418.192968750  0.006511693
1418.196875000  0.006468584
1418.200781250  0.006621072
1418.204687500  0.006467551
1418.208593750  0.006472874
1418.212500000  0.006488336
1418.216406250  0.006421987
1418.220312500  0.006485035
1418.224218750  0.006540297
1418.228125000  0.006529201
1418.232031250  0.006571766
1418.235937500  0.006512099
1418.239843750  0.006494473
1418.243750000  0.006464050
1418.247656250  0.006614156
1418.251562500  0.006425843
1418.255468750  0.006467467
1418.259375000  0.006518209
1418.263281250  0.006500171
1418.267187500  0.006529660
1418.271093750  0.006558434
1418.275000000  0.006537342
1418.278906250  0.006483023
1418.282812500  0.006490952
1418.286718750  0.006530409
1418.290625000  0.006519102
1418.294531250  0.006558331
1418.298437500  0.006510472
1418.302343750  0.006520824
1418.306250000  0.006463735
1418.310156250  0.006488790
1418.314062500  0.006542038
1418.317968750  0.006480216
1418.321875000  0.006523124
1418.325781250  0.006448398
1418.329687500  0.006502870
1418.333593750  0.006477231
1418.337500000  0.006459149
1418.341406250  0.006558543
1418.345312500  0.006476981
1418.349218750  0.006472914
1418.353125000  0.006486527
1418.357031250  0.006517502
1418.360937500  0.006528697
1418.364843750  0.006486181
1418.368750000  0.006526368
1418.372656250  0.006501886
1418.376562500  0.006466072
1418.380468750  0.006463467
1418.384375000  0.006480723
1418.388281250  0.006530581
1418.392187500  0.006543086
1418.396093750  0.006516460
1418.400000000  0.006566617
1418.403906250  0.006454796
1418.407812500  0.006444823
1418.411718750  0.006500473
1418.415625000  0.006563048
1418.419531250  0.006509684
1418.423437500  0.006477191
1418.427343750  0.006498858
1418.431250000  0.006419015
1418.435156250  0.006513591
1418.439062500  0.006547229
1418.442968750  0.006479885
1418.446875000  0.006551652
1418.450781250  0.006517654
1418.454687500  0.006509944
1418.458593750  0.006529597
1418.462500000  0.006507373
1418.466406250  0.006528757
1418.470312500  0.006427587
1418.474218750  0.006499419
1418.478125000  0.006504722
1418.482031250  0.006547250
1418.485937500  0.006542655
1418.489843750  0.006580287
1418.493750000  0.006507072
1418.497656250  0.006469730
1418.501562500  0.006470112
1418.505468750  0.006518988
1418.509375000  0.006478999
1418.513281250  0.006435303
1418.517187500  0.006491417
1418.521093750  0.006514137
1418.525000000  0.006474912
1418.528906250  0.006500390
1418.532812500  0.006569006
1418.536718750  0.006523196
1418.540625000  0.006485441
1418.544531250  0.006513471
1418.548437500  0.006527189
1418.552343750  0.006545603
1418.556250000  0.006503637
1418.560156250  0.006472311
1418.564062500  0.006486972
1418.567968750  0.006503499
1418.571875000  0.006501331
1418.575781250  0.006535886
1418.579687500  0.006579310
1418.583593750  0.006508072
1418.587500000  0.006469598
1418.591406250  0.006459001
1418.595312500  0.006566017
1418.599218750  0.006461161
1418.603125000  0.006499957
1418.607031250  0.006489518
1418.610937500  0.006568694
1418.614843750  0.006499333
1418.618750000  0.006492016
1418.622656250  0.006496441
1418.626562500  0.006520359
1418.630468750  0.006555153
1418.634375000  0.006493849
1418.638281250  0.006464916
1418.642187500  0.006507831
1418.646093750  0.006452471
1418.650000000  0.006520318
1418.653906250  0.006547194
1418.657812500  0.006545583
1418.661718750  0.006509489
1418.665625000  0.006485742
1418.669531250  0.006426366
1418.673437500  0.006516594
1418.677343750  0.006558576
1418.681250000  0.006524862
1418.685156250  0.006537201
1418.689062500  0.006473171
1418.692968750  0.006467240
1418.696875000  0.006501556
1418.700781250  0.006503408
1418.704687500  0.006550255
1418.708593750  0.006518429
1418.712500000  0.006522263
1418.716406250  0.006494517
1418.720312500  0.006532171
1418.724218750  0.006594886
1418.728125000  0.006504442
1418.732031250  0.006542224
1418.735937500  0.006563323
1418.739843750  0.006479782
1418.743750000  0.006543462
1418.747656250  0.006491067
1418.751562500  0.006496900
1418.755468750  0.006477991
1418.759375000  0.006485937
1418.763281250  0.006522195
1418.767187500  0.006536584
1418.771093750  0.006522288
1418.775000000  0.006488456
1418.778906250  0.006490149
1418.782812500  0.006510332
1418.786718750  0.006554257
1418.790625000  0.006507046
1418.794531250  0.006560064
1418.798437500  0.006525062
1418.802343750  0.006460158
1418.806250000  0.006463481
1418.810156250  0.006551301
1418.814062500  0.006530580
1418.817968750  0.006593625
1418.821875000  0.006451509
1418.825781250  0.006475456
1418.829687500  0.006531951
1418.833593750  0.006543040
1418.837500000  0.006539428
1418.841406250  0.006549756
1418.845312500  0.006511213
1418.849218750  0.006491487
1418.853125000  0.006531873
1418.857031250  0.006524074
1418.860937500  0.006563952
1418.864843750  0.006537933
1418.868750000  0.006556328
1418.872656250  0.006563044
1418.876562500  0.006524360
1418.880468750  0.006446891
1418.884375000  0.006500145
1418.888281250  0.006564615
1418.892187500  0.006492054
1418.896093750  0.006567430
1418.900000000  0.006513025
1418.903906250  0.006478468
1418.907812500  0.006566864
1418.911718750  0.006527350
1418.915625000  0.006572109
1418.919531250  0.006496508
1418.923437500  0.006570883
1418.927343750  0.006555946
1418.931250000  0.006511867
1418.935156250  0.006518549
1418.939062500  0.006556868
1418.942968750  0.006511720
1418.946875000  0.006472928
1418.950781250  0.006488701
1418.954687500  0.006510916
1418.958593750  0.006593450
1418.962500000  0.006589274
1418.966406250  0.006558776
1418.970312500  0.006486528
1418.974218750  0.006525164
1418.978125000  0.006453391
1418.982031250  0.006486767
1418.985937500  0.006510645
1418.989843750  0.006494178
1418.993750000  0.006543228
1418.997656250  0.006490184
1419.001562500  0.006503424
1419.005468750  0.006495638
1419.009375000  0.006668576
1419.013281250  0.006577233
1419.017187500  0.006578421
1419.021093750  0.006532541
1419.025000000  0.006529443
1419.028906250  0.006532972
1419.032812500  0.006555507
1419.036718750  0.006516662
1419.040625000  0.006605880
1419.044531250  0.006503247
1419.048437500  0.006538478
1419.052343750  0.006544161
1419.056250000  0.006622565
1419.060156250  0.006516087
1419.064062500  0.006556101
1419.067968750  0.006492924
1419.071875000  0.006572079
1419.075781250  0.006551347
1419.079687500  0.006578531
1419.083593750  0.006554388
1419.087500000  0.006529883
1419.091406250  0.006469935
1419.095312500  0.006531387
1419.099218750  0.006559317
1419.103125000  0.006591647
1419.107031250  0.006551658
1419.110937500  0.006583362
1419.114843750  0.006498555
1419.118750000  0.006479989
1419.122656250  0.006498942
1419.126562500  0.006511140
1419.130468750  0.006579366
1419.134375000  0.007039038
1419.138281250  0.006498769
1419.142187500  0.006468661
1419.146093750  0.006565769
1419.150000000  0.006510476
1419.153906250  0.006598000
1419.157812500  0.006571448
1419.161718750  0.006554819
1419.165625000  0.006591192
1419.169531250  0.006550151
1419.173437500  0.006516059
1419.177343750  0.006529628
1419.181250000  0.006565926
1419.185156250  0.006547193
1419.189062500  0.006570712
1419.192968750  0.006529900
1419.196875000  0.006531295
1419.200781250  0.006538872
1419.204687500  0.006520587
1419.208593750  0.006547485
1419.212500000  0.006461047
1419.216406250  0.006549671
1419.220312500  0.006491926
1419.224218750  0.006543860
1419.228125000  0.006547986
1419.232031250  0.006578759
1419.235937500  0.006480373
1419.239843750  0.006574200
1419.243750000  0.006553587
1419.247656250  0.006628571
1419.251562500  0.006573825
1419.255468750  0.006499379
1419.259375000  0.006564377
1419.263281250  0.006496669
1419.267187500  0.006548232
1419.271093750  0.006537768
1419.275000000  0.006611659
1419.278906250  0.006508203
1419.282812500  0.006537059
1419.286718750  0.006519693
1419.290625000  0.006514770
1419.294531250  0.006598341
1419.298437500  0.006561397
1419.302343750  0.006496948
1419.306250000  0.006552472
1419.310156250  0.006550149
1419.314062500  0.006577204
1419.317968750  0.006494196
1419.321875000  0.006574670
1419.325781250  0.006577308
1419.329687500  0.006514017
1419.333593750  0.006577325
1419.337500000  0.006494709
1419.341406250  0.006575831
1419.345312500  0.006544933
1419.349218750  0.006479822
1419.353125000  0.006511913
1419.357031250  0.006537640
1419.360937500  0.006518723
1419.364843750  0.006581030
1419.368750000  0.006593308
1419.372656250  0.006566063
1419.376562500  0.006555640
1419.380468750  0.006540837
1419.384375000  0.006513191
1419.388281250  0.006546688
1419.392187500  0.006615579
1419.396093750  0.006528442
1419.400000000  0.006521627
1419.403906250  0.006572897
1419.407812500  0.006515518
1419.411718750  0.006544839
1419.415625000  0.006468513
1419.419531250  0.006546110
1419.423437500  0.006560770
1419.427343750  0.006571880
1419.431250000  0.006565110
1419.435156250  0.006525590
1419.439062500  0.006602756
1419.442968750  0.006573330
1419.446875000  0.006581262
1419.450781250  0.006565885
1419.454687500  0.006497528
1419.458593750  0.006542060
1419.462500000  0.006515342
1419.466406250  0.006566458
1419.470312500  0.006533188
1419.474218750  0.006519895
1419.478125000  0.006522655
1419.482031250  0.006515982
1419.485937500  0.006588221
1419.489843750  0.006586760
1419.493750000  0.006575891
1419.497656250  0.006546387
1419.501562500  0.006528881
1419.505468750  0.006546145
1419.509375000  0.006539035
1419.513281250  0.006582453
1419.517187500  0.006546420
1419.521093750  0.006567384
1419.525000000  0.006514997
1419.528906250  0.006502667
1419.532812500  0.006642870
1419.536718750  0.006595647
1419.540625000  0.006528504
1419.544531250  0.006514512
1419.548437500  0.006488400
1419.552343750  0.006504393
1419.556250000  0.006576029
1419.560156250  0.006562101
1419.564062500  0.006548643
1419.567968750  0.006591382
1419.571875000  0.006567744
1419.575781250  0.006556798
1419.579687500  0.006572560
1419.583593750  0.006550399
1419.587500000  0.006614276
1419.591406250  0.006498131
1419.595312500  0.006550895
1419.599218750  0.006513529
1419.603125000  0.006593401
1419.607031250  0.006531280
1419.610937500  0.006583504
1419.614843750  0.006550425
1419.618750000  0.006579253
1419.622656250  0.006542813
1419.626562500  0.006558002
1419.630468750  0.006535925
1419.634375000  0.006509411
1419.638281250  0.006551227
1419.642187500  0.006585402
1419.646093750  0.006564030
1419.650000000  0.006592685
1419.653906250  0.006584121
1419.657812500  0.006448474
1419.661718750  0.006570971
1419.665625000  0.006549089
1419.669531250  0.006567816
1419.673437500  0.006576849
1419.677343750  0.006665761
1419.681250000  0.006607205
1419.685156250  0.006539368
1419.689062500  0.006627035
1419.692968750  0.006566023
1419.696875000  0.006602792
1419.700781250  0.006504786
1419.704687500  0.006508306
1419.708593750  0.006504494
1419.712500000  0.006576051
1419.716406250  0.006541889
1419.720312500  0.006606812
1419.724218750  0.006598436
1419.728125000  0.006593402
1419.732031250  0.006607404
1419.735937500  0.006517545
1419.739843750  0.006572245
1419.743750000  0.006565531
1419.747656250  0.006540822
1419.751562500  0.006572404
1419.755468750  0.006532782
1419.759375000  0.006598728
1419.763281250  0.006636242
1419.767187500  0.006527120
1419.771093750  0.006629050
1419.775000000  0.006597026
1419.778906250  0.006559618
1419.782812500  0.006626866
1419.786718750  0.006570656
1419.790625000  0.006542601
1419.794531250  0.006541750
1419.798437500  0.006576034
1419.802343750  0.006579081
1419.806250000  0.006624775
1419.810156250  0.006470831
1419.814062500  0.006530764
1419.817968750  0.006671739
1419.821875000  0.006621036
1419.825781250  0.006647490
1419.829687500  0.006579134
1419.833593750  0.006642791
1419.837500000  0.006581543
1419.841406250  0.006548333
1419.845312500  0.006573233
1419.849218750  0.006582015
1419.853125000  0.006609705
1419.857031250  0.006602612
1419.860937500  0.006613513
1419.864843750  0.006593951
1419.868750000  0.006578045
1419.872656250  0.006635546
1419.876562500  0.006619062
1419.880468750  0.006558094
1419.884375000  0.006550406
1419.888281250  0.006517886
1419.892187500  0.006601605
1419.896093750  0.006546835
1419.900000000  0.006612890
1419.903906250  0.006620175
1419.907812500  0.006573302
1419.911718750  0.006577184
1419.915625000  0.006587575
1419.919531250  0.006569526
1419.923437500  0.006651473
1419.927343750  0.006558714
1419.931250000  0.006621409
1419.935156250  0.006513298
1419.939062500  0.006607427
1419.942968750  0.006604484
1419.946875000  0.006560014
1419.950781250  0.006620263
1419.954687500  0.006624147
1419.958593750  0.006650586
1419.962500000  0.006621234
1419.966406250  0.006606674
1419.970312500  0.006587977
1419.974218750  0.006597464
1419.978125000  0.006550166
1419.982031250  0.006645219
1419.985937500  0.006730143
1419.989843750  0.006795876
1419.993750000  0.006732663
1419.997656250  0.006982774
1420.001562500  0.007461913
1420.005468750  0.006637467
1420.009375000  0.006622101
1420.013281250  0.006593808
1420.017187500  0.006587408
1420.021093750  0.006702721
1420.025000000  0.006573952
1420.028906250  0.006581893
1420.032812500  0.006646675
1420.036718750  0.006598221
1420.040625000  0.006605391
1420.044531250  0.006605706
1420.048437500  0.006648527
1420.052343750  0.006626181
1420.056250000  0.006603930
1420.060156250  0.006590614
1420.064062500  0.006561461
1420.067968750  0.006639051
1420.071875000  0.006593702
1420.075781250  0.006624466
1420.079687500  0.006670068
1420.083593750  0.006563789
1420.087500000  0.006633371
1420.091406250  0.006650507
1420.095312500  0.006604789
1420.099218750  0.006597095
1420.103125000  0.006614296
1420.107031250  0.006615295
1420.110937500  0.006578654
1420.114843750  0.006611354
1420.118750000  0.006645618
1420.122656250  0.006593392
1420.126562500  0.006629836
1420.130468750  0.006657319
1420.134375000  0.006625990
1420.138281250  0.006612990
1420.142187500  0.006624025
1420.146093750  0.006580973
1420.150000000  0.006716721
1420.153906250  0.006700394
1420.157812500  0.006597248
1420.161718750  0.006618691
1420.165625000  0.006670258
1420.169531250  0.006625810
1420.173437500  0.006555963
1420.177343750  0.006664583
1420.181250000  0.006673674
1420.185156250  0.006640582
1420.189062500  0.006568724
1420.192968750  0.006585847
1420.196875000  0.006634444
1420.200781250  0.006739252
1420.204687500  0.006652304
1420.208593750  0.006639581
1420.212500000  0.006590502
1420.216406250  0.006641086
1420.220312500  0.006610249
1420.224218750  0.006672005
1420.228125000  0.006664600
1420.232031250  0.006655315
1420.235937500  0.006617451
1420.239843750  0.006665518
1420.243750000  0.006635938
1420.247656250  0.006714219
1420.251562500  0.006584472
1420.255468750  0.006647955
1420.259375000  0.006599437
1420.263281250  0.006635407
1420.267187500  0.006654882
1420.271093750  0.006626301
1420.275000000  0.006674718
1420.278906250  0.006654347
1420.282812500  0.006582344
1420.286718750  0.006614958
1420.290625000  0.006639586
1420.294531250  0.006708854
1420.298437500  0.006632534
1420.302343750  0.006601409
1420.306250000  0.006675027
1420.310156250  0.006570390
1420.314062500  0.006689186
1420.317968750  0.006664594
1420.321875000  0.006669475
1420.325781250  0.006696322
1420.329687500  0.006696754
1420.333593750  0.006650715
1420.337500000  0.006657653
1420.341406250  0.006742215
1420.345312500  0.006655067
1420.349218750  0.006743110
1420.353125000  0.006734328
1420.357031250  0.006762452
1420.360937500  0.006716826
1420.364843750  0.006678930
1420.368750000  0.006783207
1420.372656250  0.006799124
1420.376562500  0.006714581
1420.380468750  0.006820930
1420.384375000  0.006793277
1420.388281250  0.006826731
1420.392187500  0.006861604
1420.396093750  0.006826274
1420.400000000  0.007722401
1420.403906250  0.006858420
1420.407812500  0.006743513
1420.411718750  0.006791859
1420.415625000  0.006809920
1420.419531250  0.006806582
1420.423437500  0.006803833
1420.427343750  0.006773801
1420.431250000  0.006827303
1420.435156250  0.006740387
1420.439062500  0.006803668
1420.442968750  0.006791868
1420.446875000  0.006778183
1420.450781250  0.006718117
1420.454687500  0.006763013
1420.458593750  0.006705810
1420.462500000  0.006765446
1420.466406250  0.006666312
1420.470312500  0.006667558
1420.474218750  0.006725314
1420.478125000  0.006701347
1420.482031250  0.006670561
1420.485937500  0.006693531
1420.489843750  0.006712651
1420.493750000  0.006732155
1420.497656250  0.006636785
1420.501562500  0.006696353
1420.505468750  0.006671990
1420.509375000  0.006689321
1420.513281250  0.006682366
1420.517187500  0.006692586
1420.521093750  0.006662231
1420.525000000  0.006674270
1420.528906250  0.006672589
1420.532812500  0.006626879
1420.536718750  0.006677813
1420.540625000  0.006598689
1420.544531250  0.006692035
1420.548437500  0.006644879
1420.552343750  0.006670333
1420.556250000  0.006639655
1420.560156250  0.006616728
1420.564062500  0.006689918
1420.567968750  0.006646390
1420.571875000  0.006641577
1420.575781250  0.006640425
1420.579687500  0.006616972
1420.583593750  0.006660274
1420.587500000  0.006565434
1420.591406250  0.006585214
1420.595312500  0.006604152
1420.599218750  0.006609135
1420.603125000  0.006615334
1420.607031250  0.006625736
1420.610937500  0.006651353
1420.614843750  0.006621262
1420.618750000  0.006576175
1420.622656250  0.006638422
1420.626562500  0.006671873
1420.630468750  0.006584745
1420.634375000  0.006697956
1420.638281250  0.006585124
1420.642187500  0.006660733
1420.646093750  0.006612343
1420.650000000  0.006597026
1420.653906250  0.006602056
1420.657812500  0.006633296
1420.661718750  0.006536293
1420.665625000  0.006656655
1420.669531250  0.006662893
1420.673437500  0.006654549
1420.677343750  0.006685974
1420.681250000  0.006575827
1420.685156250  0.006646275
1420.689062500  0.006637616
1420.692968750  0.006663645
1420.696875000  0.006603722
1420.700781250  0.006584868
1420.704687500  0.006697497
1420.708593750  0.006621059
1420.712500000  0.006608689
1420.716406250  0.006678500
1420.720312500  0.006633178
1420.724218750  0.006543068
1420.728125000  0.006616104
1420.732031250  0.006580922
1420.735937500  0.006624940
1420.739843750  0.006661733
1420.743750000  0.006613759
1420.747656250  0.006658485
1420.751562500  0.006558189
1420.755468750  0.006643146
1420.759375000  0.006614605
1420.763281250  0.006615019
1420.767187500  0.006698868
1420.771093750  0.006631382
1420.775000000  0.006598791
1420.778906250  0.006667798
1420.782812500  0.006571867
1420.786718750  0.006571396
1420.790625000  0.006599113
1420.794531250  0.006642480
1420.798437500  0.006617878
1420.802343750  0.006558723
1420.806250000  0.006600144
1420.810156250  0.006642143
1420.814062500  0.006662700
1420.817968750  0.006646715
1420.821875000  0.006567531
1420.825781250  0.006592565
1420.829687500  0.006601331
1420.833593750  0.006559420
1420.837500000  0.006598886
1420.841406250  0.006608358
1420.845312500  0.006537999
1420.849218750  0.006601980
1420.853125000  0.006664938
1420.857031250  0.006602112
1420.860937500  0.006600819
1420.864843750  0.006587795
1420.868750000  0.006623686
1420.872656250  0.006623179
1420.876562500  0.006642298
1420.880468750  0.006644261
1420.884375000  0.006602552
1420.888281250  0.006645549
1420.892187500  0.006606973
1420.896093750  0.006601911
1420.900000000  0.006634254
1420.903906250  0.006618333
1420.907812500  0.006573948
1420.911718750  0.006617573
1420.915625000  0.006601910
1420.919531250  0.006638859
1420.923437500  0.006685113
1420.927343750  0.006682314
1420.931250000  0.006608838
1420.935156250  0.006569359
1420.939062500  0.006589331
1420.942968750  0.006579312
1420.946875000  0.006592229
1420.950781250  0.006608395
1420.954687500  0.006619765
1420.958593750  0.006551147
1420.962500000  0.006657345
1420.966406250  0.006575199
1420.970312500  0.006643485
1420.974218750  0.006598529
1420.978125000  0.006575052
1420.982031250  0.006571272
1420.985937500  0.006593610
1420.989843750  0.006544492
1420.993750000  0.006569980
1420.997656250  0.006601586
1421.001562500  0.006683106
1421.005468750  0.006668216
1421.009375000  0.006656029
1421.013281250  0.006591822
1421.017187500  0.006553953
1421.021093750  0.006609650
1421.025000000  0.006611221
1421.028906250  0.006577799
1421.032812500  0.006636685
1421.036718750  0.006625748
1421.040625000  0.006577789
1421.044531250  0.006627702
1421.048437500  0.006588066
1421.052343750  0.006603211
1421.056250000  0.006650894
1421.060156250  0.006676550
1421.064062500  0.006606169
1421.067968750  0.006653498
1421.071875000  0.006606555
1421.075781250  0.006551543
1421.079687500  0.006548795
1421.083593750  0.006551517
1421.087500000  0.006614165
1421.091406250  0.006570173
1421.095312500  0.006620881
1421.099218750  0.006677940
1421.103125000  0.006603302
1421.107031250  0.006606587
1421.110937500  0.006692339
1421.114843750  0.006605121
1421.118750000  0.006556059
1421.122656250  0.006693886
1421.126562500  0.006614102
1421.130468750  0.006512462
1421.134375000  0.006629222
1421.138281250  0.006620882
1421.142187500  0.006649104
1421.146093750  0.006628932
1421.150000000  0.006608482
1421.153906250  0.006577832
1421.157812500  0.006547267
1421.161718750  0.006568419
1421.165625000  0.006614318
1421.169531250  0.006584754
1421.173437500  0.006608041
1421.177343750  0.006623173
1421.181250000  0.006597134
1421.185156250  0.006617586
1421.189062500  0.006657348
1421.192968750  0.006603138
1421.196875000  0.006604172
1421.200781250  0.006621500
1421.204687500  0.006621961
1421.208593750  0.006601557
1421.212500000  0.006635861
1421.216406250  0.006663463
1421.220312500  0.006665817
1421.224218750  0.006564845
1421.228125000  0.006644330
1421.232031250  0.006597289
1421.235937500  0.006619248
1421.239843750  0.006636136
1421.243750000  0.006619791
1421.247656250  0.006726480
1421.251562500  0.006621376
1421.255468750  0.006647089
1421.259375000  0.006596812
1421.263281250  0.006630271
1421.267187500  0.006640065
1421.271093750  0.006594385
1421.275000000  0.006592020
1421.278906250  0.006596146
1421.282812500  0.006735425
1421.286718750  0.006569899
1421.290625000  0.006627752
1421.294531250  0.006693180
1421.298437500  0.006623721
1421.302343750  0.006608914
1421.306250000  0.006671035
1421.310156250  0.006557583
1421.314062500  0.006672789
1421.317968750  0.006603970
1421.321875000  0.006652655
1421.325781250  0.006605311
1421.329687500  0.006673047
1421.333593750  0.006677621
1421.337500000  0.006659031
1421.341406250  0.006672117
1421.345312500  0.006707173
1421.349218750  0.006585612
1421.353125000  0.006666622
1421.357031250  0.006654278
1421.360937500  0.006586678
1421.364843750  0.006649852
1421.368750000  0.006645958
1421.372656250  0.006593674
1421.376562500  0.006630200
1421.380468750  0.006644240
1421.384375000  0.006727180
1421.388281250  0.006701575
1421.392187500  0.006699315
1421.396093750  0.006632199
1421.400000000  0.006689666
1421.403906250  0.006710860
1421.407812500  0.006609562
1421.411718750  0.006654260
1421.415625000  0.006599571
1421.419531250  0.006692920
1421.423437500  0.006666342
1421.427343750  0.006633125
1421.431250000  0.006682501
1421.435156250  0.006599492
1421.439062500  0.006669110
1421.442968750  0.006626489
1421.446875000  0.006651406
1421.450781250  0.006628096
1421.454687500  0.006675919
1421.458593750  0.006598930
1421.462500000  0.006708552
1421.466406250  0.006632871
1421.470312500  0.006621036
1421.474218750  0.006701731
1421.478125000  0.006696374
1421.482031250  0.006670353
1421.485937500  0.006622163
1421.489843750  0.006659108
1421.493750000  0.006623642
1421.497656250  0.006695107
1421.501562500  0.006711435
1421.505468750  0.006643623
1421.509375000  0.006589582
1421.513281250  0.006695272
1421.517187500  0.006680362
1421.521093750  0.006607046
1421.525000000  0.006649605
1421.528906250  0.006589669
1421.532812500  0.006693671
1421.536718750  0.006644705
1421.540625000  0.006661534
1421.544531250  0.006594988
1421.548437500  0.006565392
1421.552343750  0.006653970
1421.556250000  0.006676057
1421.560156250  0.006634766
1421.564062500  0.006562754
1421.567968750  0.006644456
1421.571875000  0.006664006
1421.575781250  0.006619406
1421.579687500  0.006654137
1421.583593750  0.006642748
1421.587500000  0.006635437
1421.591406250  0.006638570
1421.595312500  0.006566357
1421.599218750  0.006610795
1421.603125000  0.006628175
1421.607031250  0.006654611
1421.610937500  0.006638826
1421.614843750  0.006668417
1421.618750000  0.006624095
1421.622656250  0.006602754
1421.626562500  0.006666388
1421.630468750  0.006647309
1421.634375000  0.006587524
1421.638281250  0.006577318
1421.642187500  0.006642806
1421.646093750  0.006646570
1421.650000000  0.006607223
1421.653906250  0.006624741
1421.657812500  0.006637397
1421.661718750  0.006703216
1421.665625000  0.006624595
1421.669531250  0.006596760
1421.673437500  0.006677634
1421.677343750  0.006712600
1421.681250000  0.006602300
1421.685156250  0.006665424
1421.689062500  0.006568006
1421.692968750  0.006622011
1421.696875000  0.006623046
1421.700781250  0.006603329
1421.704687500  0.006601746
1421.708593750  0.006663253
1421.712500000  0.006684998
1421.716406250  0.006652351
1421.720312500  0.006633307
1421.724218750  0.006660780
1421.728125000  0.006679436
1421.732031250  0.006593829
1421.735937500  0.006639979
1421.739843750  0.006629095
1421.743750000  0.006633488
1421.747656250  0.006568118
1421.751562500  0.006630398
1421.755468750  0.006652259
1421.759375000  0.006636449
1421.763281250  0.006597916
1421.767187500  0.006651149
1421.771093750  0.006653679
1421.775000000  0.006594728
1421.778906250  0.006573110
1421.782812500  0.006633697
1421.786718750  0.006622205
1421.790625000  0.006676548
1421.794531250  0.006622725
1421.798437500  0.006649489
1421.802343750  0.006652977
1421.806250000  0.006596027
1421.810156250  0.006653689
1421.814062500  0.006613190
1421.817968750  0.006621533
1421.821875000  0.006645998
1421.825781250  0.006628301
1421.829687500  0.006607397
1421.833593750  0.006626867
1421.837500000  0.006619871
1421.841406250  0.006682283
1421.845312500  0.006603583
1421.849218750  0.006571538
1421.853125000  0.006650826
1421.857031250  0.006578450
1421.860937500  0.006706904
1421.864843750  0.006698959
1421.868750000  0.006647696
1421.872656250  0.006664686
1421.876562500  0.006658712
1421.880468750  0.006603133
1421.884375000  0.006620053
1421.888281250  0.006615539
1421.892187500  0.006607361
1421.896093750  0.006647967
1421.900000000  0.006610764
1421.903906250  0.006610447
1421.907812500  0.006685763
1421.911718750  0.006629602
1421.915625000  0.006626523
1421.919531250  0.006602795
1421.923437500  0.006618032
1421.927343750  0.006592507
1421.931250000  0.006610766
1421.935156250  0.006631072
1421.939062500  0.006635363
1421.942968750  0.006639273
1421.946875000  0.006618924
1421.950781250  0.006620540
1421.954687500  0.006639675
1421.958593750  0.006638129
1421.962500000  0.006713433
1421.966406250  0.006671531
1421.970312500  0.006624040
1421.974218750  0.006654115
1421.978125000  0.006610357
1421.982031250  0.006599647
1421.985937500  0.006565009
1421.989843750  0.006622697
1421.993750000  0.006587318
1421.997656250  0.006623260
1422.001562500  0.006602412
1422.005468750  0.006615745
1422.009375000  0.006763021
1422.013281250  0.006611630
1422.017187500  0.006691869
1422.021093750  0.006599532
1422.025000000  0.006561548
1422.028906250  0.006663758
1422.032812500  0.006626015
1422.036718750  0.006598081
1422.040625000  0.006563253
1422.044531250  0.006626163
1422.048437500  0.006619432
1422.052343750  0.006608296
1422.056250000  0.006679466
1422.060156250  0.006651749
1422.064062500  0.006654597
1422.067968750  0.006606831
1422.071875000  0.006639100
1422.075781250  0.006636547
1422.079687500  0.006542545
1422.083593750  0.006589201
1422.087500000  0.006609146
1422.091406250  0.006648390
1422.095312500  0.006596762
1422.099218750  0.006658583
1422.103125000  0.006638571
1422.107031250  0.006599903
1422.110937500  0.006619002
1422.114843750  0.006601160
1422.118750000  0.006684160
1422.122656250  0.006578854
1422.126562500  0.006601798
1422.130468750  0.006616359
1422.134375000  0.006582001
1422.138281250  0.006577143
1422.142187500  0.006612064
1422.146093750  0.006619376
1422.150000000  0.006656287
1422.153906250  0.006862738
1422.157812500  0.006599272
1422.161718750  0.006671750
1422.165625000  0.006676922
1422.169531250  0.006546872
1422.173437500  0.006567600
1422.177343750  0.006685940
1422.181250000  0.006606244
1422.185156250  0.006694383
1422.189062500  0.006606122
1422.192968750  0.006634058
1422.196875000  0.006545745
1422.200781250  0.006746343
1422.204687500  0.006618051
1422.208593750  0.006609046
1422.212500000  0.006627615
1422.216406250  0.006591441
1422.220312500  0.006622620
1422.224218750  0.006637501
1422.228125000  0.006628368
1422.232031250  0.006618136
1422.235937500  0.006670853
1422.239843750  0.006626463
1422.243750000  0.006595194
1422.247656250  0.006639255
1422.251562500  0.006578392
1422.255468750  0.006598445
1422.259375000  0.006662017
1422.263281250  0.006561380
1422.267187500  0.006631340
1422.271093750  0.006564814
1422.275000000  0.006563753
1422.278906250  0.006627381
1422.282812500  0.006590633
1422.286718750  0.006610709
1422.290625000  0.006588801
1422.294531250  0.006679343
1422.298437500  0.006661730
1422.302343750  0.006562320
1422.306250000  0.006510610
1422.310156250  0.006573028
1422.314062500  0.006598319
1422.317968750  0.006594867
1422.321875000  0.006655099
1422.325781250  0.006533736
1422.329687500  0.006617201
1422.333593750  0.006615233
1422.337500000  0.006596191
1422.341406250  0.006618027
1422.345312500  0.007245358
1422.349218750  0.006548906
1422.353125000  0.006591476
1422.357031250  0.006553429
1422.360937500  0.006630077
1422.364843750  0.006576912
1422.368750000  0.006606878
1422.372656250  0.006551954
1422.376562500  0.006550083
1422.380468750  0.006573034
1422.384375000  0.006622578
1422.388281250  0.006632506
1422.392187500  0.007055428
1422.396093750  0.006689521
1422.400000000  0.006605019
1422.403906250  0.006551573
1422.407812500  0.006591333
1422.411718750  0.006586111
1422.415625000  0.006611511
1422.419531250  0.006626398
1422.423437500  0.006586533
1422.427343750  0.006583663
1422.431250000  0.006566057
1422.435156250  0.006585839
1422.439062500  0.006565574
1422.442968750  0.006690569
1422.446875000  0.006620645
1422.450781250  0.006593544
1422.454687500  0.006515978
1422.458593750  0.006637530
1422.462500000  0.006568473
1422.466406250  0.006623205
1422.470312500  0.006601867
1422.474218750  0.006653490
1422.478125000  0.006560802
1422.482031250  0.006604106
1422.485937500  0.006611109
1422.489843750  0.006591169
1422.493750000  0.006611220
1422.497656250  0.006578328
1422.501562500  0.006577212
1422.505468750  0.006604457
1422.509375000  0.006630538
1422.513281250  0.006645921
1422.517187500  0.006583142
1422.521093750  0.006603987
1422.525000000  0.006566625
1422.528906250  0.006536253
1422.532812500  0.006651740
1422.536718750  0.006811273
1422.540625000  0.006639088
1422.544531250  0.006657692
1422.548437500  0.006658368
1422.552343750  0.006707198
1422.556250000  0.006643221
1422.560156250  0.006703105
1422.564062500  0.006690780
1422.567968750  0.006598189
1422.571875000  0.006633354
1422.575781250  0.006592327
1422.579687500  0.006644019
1422.583593750  0.006769580
1422.587500000  0.006674237
1422.591406250  0.006659404
1422.595312500  0.006577028
1422.599218750  0.006666885
1422.603125000  0.006603072
1422.607031250  0.006598725
1422.610937500  0.006602319
1422.614843750  0.006535330
1422.618750000  0.006649972
1422.622656250  0.006657925
1422.626562500  0.006618148
1422.630468750  0.006623289
1422.634375000  0.006671582
1422.638281250  0.006619218
1422.642187500  0.006626373
1422.646093750  0.006633387
1422.650000000  0.006581992
1422.653906250  0.006637514
1422.657812500  0.006638873
1422.661718750  0.006580619
1422.665625000  0.006603557
1422.669531250  0.006607483
1422.673437500  0.006656160
1422.677343750  0.006664242
1422.681250000  0.006685603
1422.685156250  0.006632970
1422.689062500  0.006676303
1422.692968750  0.006584318
1422.696875000  0.006628351
1422.700781250  0.006606023
1422.704687500  0.006585799
1422.708593750  0.006639738
1422.712500000  0.006560840
1422.716406250  0.006642924
1422.720312500  0.006553689
1422.724218750  0.006643110
1422.728125000  0.006598679
1422.732031250  0.006575910
1422.735937500  0.006555812
1422.739843750  0.006649579
1422.743750000  0.006485048
1422.747656250  0.006567475
1422.751562500  0.006676965
1422.755468750  0.006568311
1422.759375000  0.006605723
1422.763281250  0.006554374
1422.767187500  0.006590791
1422.771093750  0.006635107
1422.775000000  0.006552356
1422.778906250  0.006578891
1422.782812500  0.006548531
1422.786718750  0.006610608
1422.790625000  0.006574172
1422.794531250  0.006544485
1422.798437500  0.006534481
1422.802343750  0.006604135
1422.806250000  0.006532413
1422.810156250  0.006581674
1422.814062500  0.006531318
1422.817968750  0.006566005
1422.821875000  0.006612695
1422.825781250  0.006562215
1422.829687500  0.006545478
1422.833593750  0.006549920
1422.837500000  0.006571201
1422.841406250  0.006522969
1422.845312500  0.006545105
1422.849218750  0.006542670
1422.853125000  0.006504098
1422.857031250  0.006606581
1422.860937500  0.006543919
1422.864843750  0.006527566
1422.868750000  0.006624804
1422.872656250  0.006521203
1422.876562500  0.006552877
1422.880468750  0.006564679
1422.884375000  0.006594144
1422.888281250  0.006563859
1422.892187500  0.006566442
1422.896093750  0.006584432
1422.900000000  0.006605009
1422.903906250  0.006579397
1422.907812500  0.006572972
1422.911718750  0.006596626
1422.915625000  0.006619316
1422.919531250  0.006643373
1422.923437500  0.006544937
1422.927343750  0.006547989
1422.931250000  0.006613535
1422.935156250  0.006548496
1422.939062500  0.006492136
1422.942968750  0.006597488
1422.946875000  0.006624426
1422.950781250  0.006540425
1422.954687500  0.006569249
1422.958593750  0.006580610
1422.962500000  0.006529695
1422.966406250  0.006636466
1422.970312500  0.006626307
1422.974218750  0.006557561
1422.978125000  0.006593572
1422.982031250  0.006578480
1422.985937500  0.006578753
1422.989843750  0.006560496
1422.993750000  0.006547578
1422.997656250  0.006552145
1423.001562500  0.006590671
1423.005468750  0.006608211
1423.009375000  0.006531960
1423.013281250  0.006581175
1423.017187500  0.006656451
1423.021093750  0.006631918
1423.025000000  0.006595859
1423.028906250  0.006578955
1423.032812500  0.006524985
1423.036718750  0.006560600
1423.040625000  0.006581631
1423.044531250  0.006574854
1423.048437500  0.006612280
1423.052343750  0.006577437
1423.056250000  0.006631322
1423.060156250  0.006610233
1423.064062500  0.006611415
1423.067968750  0.006580163
1423.071875000  0.006613097
1423.075781250  0.006516587
1423.079687500  0.006598085
1423.083593750  0.006613954
1423.087500000  0.006615789
1423.091406250  0.006522619
1423.095312500  0.006616754
1423.099218750  0.006606247
1423.103125000  0.006571886
1423.107031250  0.006536913
1423.110937500  0.006617437
1423.114843750  0.006584490
1423.118750000  0.006542360
1423.122656250  0.006590183
1423.126562500  0.006609882
1423.130468750  0.006644867
1423.134375000  0.006550793
1423.138281250  0.006593324
1423.142187500  0.006596131
1423.146093750  0.006624908
1423.150000000  0.006570479
1423.153906250  0.006604882
1423.157812500  0.006604028
1423.161718750  0.006587080
1423.165625000  0.006659022
1423.169531250  0.006643666
1423.173437500  0.006623740
1423.177343750  0.006650594
1423.181250000  0.006585494
1423.185156250  0.006644473
1423.189062500  0.006633741
1423.192968750  0.006494718
1423.196875000  0.006609589
1423.200781250  0.006639420
1423.204687500  0.006556576
1423.208593750  0.006624757
1423.212500000  0.006601609
1423.216406250  0.006562051
1423.220312500  0.006615797
1423.224218750  0.006643074
1423.228125000  0.006651780
1423.232031250  0.006573457
1423.235937500  0.006652036
1423.239843750  0.006554623
1423.243750000  0.006725837
1423.247656250  0.006719953
1423.251562500  0.006629481
1423.255468750  0.006590359
1423.259375000  0.006609260
1423.263281250  0.006594199
1423.267187500  0.006652824
1423.271093750  0.006643987
1423.275000000  0.006695072
1423.278906250  0.006681283
1423.282812500  0.006686317
1423.286718750  0.006648770
1423.290625000  0.006610360
1423.294531250  0.006694109
1423.298437500  0.006621270
1423.302343750  0.006606832
1423.306250000  0.006620655
1423.310156250  0.006675872
1423.314062500  0.006654406
1423.317968750  0.006705681
1423.321875000  0.006728612
1423.325781250  0.006666808
1423.329687500  0.006721516
1423.333593750  0.006638474
1423.337500000  0.006731068
1423.341406250  0.006696064
1423.345312500  0.006670933
1423.349218750  0.006675517
1423.353125000  0.006749120
1423.357031250  0.006655795
1423.360937500  0.006748263
1423.364843750  0.006711669
1423.368750000  0.006665831
1423.372656250  0.006715059
1423.376562500  0.006740309
1423.380468750  0.006758572
1423.384375000  0.006722377
1423.388281250  0.006777837
1423.392187500  0.006711772
1423.396093750  0.006713833
1423.400000000  0.006725197
1423.403906250  0.006648530
1423.407812500  0.006740941
1423.411718750  0.006675646
1423.415625000  0.006727374
1423.419531250  0.006699532
1423.423437500  0.006732272
1423.427343750  0.006711672
1423.431250000  0.006717573
1423.435156250  0.006731651
1423.439062500  0.006776679
1423.442968750  0.006764599
1423.446875000  0.006787979
1423.450781250  0.006742425
1423.454687500  0.006706265
1423.458593750  0.006737605
1423.462500000  0.006707681
1423.466406250  0.006779956
1423.470312500  0.006660957
1423.474218750  0.006766539
1423.478125000  0.006803046
1423.482031250  0.006744242
1423.485937500  0.006829344
1423.489843750  0.006702884
1423.493750000  0.006748471
1423.497656250  0.006793667
1423.501562500  0.006810953
1423.505468750  0.006758004
1423.509375000  0.006722630
1423.513281250  0.006747475
1423.517187500  0.006839990
1423.521093750  0.006737072
1423.525000000  0.006725416
1423.528906250  0.006808963
1423.532812500  0.006795840
1423.536718750  0.006807130
1423.540625000  0.006829721
1423.544531250  0.006833943
1423.548437500  0.006865181
1423.552343750  0.006791722
1423.556250000  0.006818048
1423.560156250  0.006789776
1423.564062500  0.006774998
1423.567968750  0.006859806
1423.571875000  0.006879144
1423.575781250  0.006808430
1423.579687500  0.006840854
1423.583593750  0.006853649
1423.587500000  0.006841271
1423.591406250  0.006797508
1423.595312500  0.006826272
1423.599218750  0.006844571
1423.603125000  0.006891545
1423.607031250  0.006877703
1423.610937500  0.006911784
1423.614843750  0.006775808
1423.618750000  0.006857367
1423.622656250  0.006877108
1423.626562500  0.006874681
1423.630468750  0.006887771
1423.634375000  0.006892118
1423.638281250  0.006912006
1423.642187500  0.006885060
1423.646093750  0.006949803
1423.650000000  0.006863619
1423.653906250  0.006867860
1423.657812500  0.006854817
1423.661718750  0.006905078
1423.665625000  0.006917356
1423.669531250  0.006930227
1423.673437500  0.007000939
1423.677343750  0.006895751
1423.681250000  0.006912461
1423.685156250  0.006937838
1423.689062500  0.006913085
1423.692968750  0.006891285
1423.696875000  0.006922277
1423.700781250  0.006929523
1423.704687500  0.006901777
1423.708593750  0.006956899
1423.712500000  0.006917108
1423.716406250  0.006942812
1423.720312500  0.006945206
1423.724218750  0.007043888
1423.728125000  0.006983533
1423.732031250  0.006963115
1423.735937500  0.006968070
1423.739843750  0.006969803
1423.743750000  0.006935904
1423.747656250  0.006963074
1423.751562500  0.007021832
1423.755468750  0.006933662
1423.759375000  0.007013707
1423.763281250  0.006947419
1423.767187500  0.006964941
1423.771093750  0.007084761
1423.775000000  0.006956312
1423.778906250  0.007039149
1423.782812500  0.006996721
1423.786718750  0.007031158
1423.790625000  0.006952189
1423.794531250  0.006937576
1423.798437500  0.007060847
1423.802343750  0.006998156
1423.806250000  0.007018371
1423.810156250  0.006975931
1423.814062500  0.007029056
1423.817968750  0.007142731
1423.821875000  0.007050178
1423.825781250  0.007018412
1423.829687500  0.007043038
1423.833593750  0.007004497
1423.837500000  0.007013966
1423.841406250  0.007052468
1423.845312500  0.007071986
1423.849218750  0.007088783
1423.853125000  0.007103072
1423.857031250  0.007060844
1423.860937500  0.007095945
1423.864843750  0.007113735
1423.868750000  0.007066856
1423.872656250  0.007063293
1423.876562500  0.007106693
1423.880468750  0.007100732
1423.884375000  0.007127056
1423.888281250  0.007083721
1423.892187500  0.007068060
1423.896093750  0.007064372
1423.900000000  0.007087250
1423.903906250  0.007084802
1423.907812500  0.007111452
1423.911718750  0.007195835
1423.915625000  0.007153995
1423.919531250  0.007164825
1423.923437500  0.007174841
1423.927343750  0.007138531
1423.931250000  0.007136637
1423.935156250  0.007185397
1423.939062500  0.007141558
1423.942968750  0.007167111
1423.946875000  0.007181314
1423.950781250  0.007197625
1423.954687500  0.007173138
1423.958593750  0.007268965
1423.962500000  0.007274171
1423.966406250  0.007152779
1423.970312500  0.007227573
1423.974218750  0.007262041
1423.978125000  0.007166931
1423.982031250  0.007268344
1423.985937500  0.007468695
1423.989843750  0.007561151
1423.993750000  0.007416784
1423.997656250  0.008898235
1424.001562500  0.010398702
1424.005468750  0.007499654
1424.009375000  0.007532427
1424.013281250  0.007251216
1424.017187500  0.007226245
1424.021093750  0.007278632
1424.025000000  0.007263890
1424.028906250  0.007283480
1424.032812500  0.007281917
1424.036718750  0.007319661
1424.040625000  0.007183255
1424.044531250  0.007280796
1424.048437500  0.007254052
1424.052343750  0.007239182
1424.056250000  0.007302341
1424.060156250  0.007292532
1424.064062500  0.007288697
1424.067968750  0.007319448
1424.071875000  0.007263602
1424.075781250  0.007264468
1424.079687500  0.007298443
1424.083593750  0.007301954
1424.087500000  0.007330497
1424.091406250  0.007361620
1424.095312500  0.007280079
1424.099218750  0.007322846
1424.103125000  0.007462741
1424.107031250  0.007378877
1424.110937500  0.007324146
1424.114843750  0.007318763
1424.118750000  0.007400317
1424.122656250  0.007321539
1424.126562500  0.007418832
1424.130468750  0.007380584
1424.134375000  0.007357321
1424.138281250  0.007399768
1424.142187500  0.007405652
1424.146093750  0.007417024
1424.150000000  0.007441241
1424.153906250  0.007495408
1424.157812500  0.007402624
1424.161718750  0.007448069
1424.165625000  0.007474322
1424.169531250  0.007462065
1424.173437500  0.007435826
1424.177343750  0.007504814
1424.181250000  0.007472069
1424.185156250  0.007413356
1424.189062500  0.007502261
1424.192968750  0.007506435
1424.196875000  0.007520888
1424.200781250  0.007905552
1424.204687500  0.007415185
1424.208593750  0.007464072
1424.212500000  0.007495358
1424.216406250  0.007383170
1424.220312500  0.007427593
1424.224218750  0.007553481
1424.228125000  0.007471511
1424.232031250  0.007544546
1424.235937500  0.007568129
1424.239843750  0.007444878
1424.243750000  0.007480846
1424.247656250  0.007798711
1424.251562500  0.007603508
1424.255468750  0.007601707
1424.259375000  0.007493644
1424.263281250  0.007470192
1424.267187500  0.007498417
1424.271093750  0.007548870
1424.275000000  0.007557054
1424.278906250  0.007547835
1424.282812500  0.007510638
1424.286718750  0.007554634
1424.290625000  0.007502921
1424.294531250  0.007559814
1424.298437500  0.007549477
1424.302343750  0.007489354
1424.306250000  0.007460280
1424.310156250  0.007495592
1424.314062500  0.007467515
1424.317968750  0.007497230
1424.321875000  0.007484926
1424.325781250  0.007457794
1424.329687500  0.007554697
1424.333593750  0.007535685
1424.337500000  0.007527906
1424.341406250  0.007653608
1424.345312500  0.007638269
1424.349218750  0.007506810
1424.353125000  0.007565410
1424.357031250  0.007511997
1424.360937500  0.007510624
1424.364843750  0.007564746
1424.368750000  0.007585814
1424.372656250  0.007564854
1424.376562500  0.007529661
1424.380468750  0.007502228
1424.384375000  0.007464180
1424.388281250  0.007563610
1424.392187500  0.007653134
1424.396093750  0.007520225

