2000(10000)
1416.400000000  0.007043687
1416.403906250  0.007121885
1416.407812500  0.006984561
1416.411718750  0.007095074
1416.415625000  0.007043790
1416.419531250  0.007069578
1416.423437500  0.006998900
1416.427343750  0.007042953
1416.431250000  0.007117029
1416.435156250  0.007104655
1416.439062500  0.007060850
1416.442968750  0.007044018
1416.446875000  0.007005759
1416.450781250  0.007063888
1416.454687500  0.007064653
1416.458593750  0.007074337
1416.462500000  0.007062929
1416.466406250  0.007109621
1416.470312500  0.007096030
1416.474218750  0.006951300
1416.478125000  0.007059080
1416.482031250  0.007091864
1416.485937500  0.007118970
1416.489843750  0.007067266
1416.493750000  0.007008781
1416.497656250  0.006977511
1416.501562500  0.006973289
1416.505468750  0.007017348
1416.509375000  0.007025895
1416.513281250  0.007053996
1416.517187500  0.007039661
1416.521093750  0.006994009
1416.525000000  0.006994930
1416.528906250  0.007036300
1416.532812500  0.006975160
1416.536718750  0.007077471
1416.540625000  0.007065402
1416.544531250  0.006987064
1416.548437500  0.007030643
1416.552343750  0.007031673
1416.556250000  0.007055455
1416.560156250  0.007052025
1416.564062500  0.007064916
1416.567968750  0.007053072
1416.571875000  0.007043858
1416.575781250  0.007050026
1416.579687500  0.007065214
1416.583593750  0.007015152
1416.587500000  0.007046101
1416.591406250  0.007021551
1416.595312500  0.007047527
1416.599218750  0.007067753
1416.603125000  0.007026375
1416.607031250  0.007047283
1416.610937500  0.006982761
1416.614843750  0.006966038
1416.618750000  0.006948159
1416.622656250  0.007063272
1416.626562500  0.007119137
1416.630468750  0.007106819
1416.634375000  0.007019106
1416.638281250  0.007111562
1416.642187500  0.007063998
1416.646093750  0.007057106
1416.650000000  0.007334909
1416.653906250  0.007235689
1416.657812500  0.007073663
1416.661718750  0.007122692
1416.665625000  0.007025591
1416.669531250  0.007054920
1416.673437500  0.007037299
1416.677343750  0.007054076
1416.681250000  0.006971595
1416.685156250  0.006928438
1416.689062500  0.007020495
1416.692968750  0.007024973
1416.696875000  0.006918595
1416.700781250  0.006982171
1416.704687500  0.007078323
1416.708593750  0.007029937
1416.712500000  0.006945383
1416.716406250  0.006960847
1416.720312500  0.006930185
1416.724218750  0.006956474
1416.728125000  0.006939838
1416.732031250  0.006910018
1416.735937500  0.007007678
1416.739843750  0.006923636
1416.743750000  0.006893306
1416.747656250  0.006969576
1416.751562500  0.006950393
1416.755468750  0.007008100
1416.759375000  0.007227818
1416.763281250  0.006948148
1416.767187500  0.006936364
1416.771093750  0.006956136
1416.775000000  0.006931042
1416.778906250  0.006899048
1416.782812500  0.006927242
1416.786718750  0.006947740
1416.790625000  0.006985116
1416.794531250  0.006968929
1416.798437500  0.006929260
1416.802343750  0.006914250
1416.806250000  0.006954384
1416.810156250  0.007055528
1416.814062500  0.007991115
1416.817968750  0.007060240
1416.821875000  0.006945575
1416.825781250  0.006943259
1416.829687500  0.006910632
1416.833593750  0.006935099
1416.837500000  0.006960724
1416.841406250  0.006911178
1416.845312500  0.006999426
1416.849218750  0.006925734
1416.853125000  0.006952857
1416.857031250  0.007002923
1416.860937500  0.007245930
1416.864843750  0.008497833
1416.868750000  0.020722759
1416.872656250  0.007576573
1416.876562500  0.007111598
1416.880468750  0.006932553
1416.884375000  0.006919734
1416.888281250  0.006905792
1416.892187500  0.006921092
1416.896093750  0.006908333
1416.900000000  0.006903052
1416.903906250  0.006869646
1416.907812500  0.006807350
1416.911718750  0.006901379
1416.915625000  0.006902609
1416.919531250  0.007018980
1416.923437500  0.008126448
1416.927343750  0.006832064
1416.931250000  0.006843135
1416.935156250  0.006776257
1416.939062500  0.006788725
1416.942968750  0.006768680
1416.946875000  0.006775555
1416.950781250  0.006775319
1416.954687500  0.006778284
1416.958593750  0.006777314
1416.962500000  0.006774100
1416.966406250  0.006785232
1416.970312500  0.006785351
1416.974218750  0.006851268
1416.978125000  0.007265129
1416.982031250  0.006840286
1416.985937500  0.006809281
1416.989843750  0.006755540
1416.993750000  0.006768039
1416.997656250  0.007153349
1417.001562500  0.007693266
1417.005468750  0.006883860
1417.009375000  0.006761013
1417.013281250  0.006716772
1417.017187500  0.006706194
1417.021093750  0.006812243
1417.025000000  0.006737708
1417.028906250  0.006749058
1417.032812500  0.007264664
1417.036718750  0.006753262
1417.040625000  0.006747381
1417.044531250  0.006708380
1417.048437500  0.006709375
1417.052343750  0.006660454
1417.056250000  0.006759357
1417.060156250  0.006693519
1417.064062500  0.006679749
1417.067968750  0.006766273
1417.071875000  0.006754489
1417.075781250  0.006835798
1417.079687500  0.006860016
1417.083593750  0.006927800
1417.087500000  0.007163632
1417.091406250  0.006737068
1417.095312500  0.006821490
1417.099218750  0.006711131
1417.103125000  0.006707794
1417.107031250  0.006706006
1417.110937500  0.006647822
1417.114843750  0.006642874
1417.118750000  0.006674508
1417.122656250  0.006644376
1417.126562500  0.006657458
1417.130468750  0.006662549
1417.134375000  0.006618404
1417.138281250  0.006674764
1417.142187500  0.006821211
1417.146093750  0.006623546
1417.150000000  0.006652628
1417.153906250  0.006669197
1417.157812500  0.006680902
1417.161718750  0.006686240
1417.165625000  0.006626368
1417.169531250  0.006608904
1417.173437500  0.006649494
1417.177343750  0.006624700
1417.181250000  0.006630174
1417.185156250  0.006653058
1417.189062500  0.006687854
1417.192968750  0.006614086
1417.196875000  0.006801748
1417.200781250  0.006625205
1417.204687500  0.006556315
1417.208593750  0.006508229
1417.212500000  0.006547811
1417.216406250  0.006582161
1417.220312500  0.006538414
1417.224218750  0.006597431
1417.228125000  0.006579063
1417.232031250  0.006526815
1417.235937500  0.006611351
1417.239843750  0.006575000
1417.243750000  0.006560052
1417.247656250  0.006555394
1417.251562500  0.006605872
1417.255468750  0.006580995
1417.259375000  0.006573124
1417.263281250  0.006608235
1417.267187500  0.006538605
1417.271093750  0.006535645
1417.275000000  0.006568129
1417.278906250  0.006534307
1417.282812500  0.006511824
1417.286718750  0.006565195
1417.290625000  0.006523545
1417.294531250  0.006569223
1417.298437500  0.006545093
1417.302343750  0.006464735
1417.306250000  0.006560695
1417.310156250  0.006513936
1417.314062500  0.006552725
1417.317968750  0.006501919
1417.321875000  0.006465475
1417.325781250  0.006462545
1417.329687500  0.006490830
1417.333593750  0.006504051
1417.337500000  0.006535396
1417.341406250  0.006553746
1417.345312500  0.006472211
1417.349218750  0.006519639
1417.353125000  0.006424235
1417.357031250  0.006536295
1417.360937500  0.006520235
1417.364843750  0.006524805
1417.368750000  0.006482213
1417.372656250  0.006503323
1417.376562500  0.006531282
1417.380468750  0.006472469
1417.384375000  0.006509379
1417.388281250  0.006499209
1417.392187500  0.006552785
1417.396093750  0.006546165
1417.400000000  0.006445543
1417.403906250  0.006534750
1417.407812500  0.006469648
1417.411718750  0.006400181
1417.415625000  0.006523128
1417.419531250  0.006425423
1417.423437500  0.006486422
1417.427343750  0.006397586
1417.431250000  0.006460185
1417.435156250  0.006452047
1417.439062500  0.006474790
1417.442968750  0.006453652
1417.446875000  0.006469852
1417.450781250  0.006468034
1417.454687500  0.006467325
1417.458593750  0.006448251
1417.462500000  0.006471124
1417.466406250  0.006499534
1417.470312500  0.006474347
1417.474218750  0.006456529
1417.478125000  0.006455225
1417.482031250  0.006470656
1417.485937500  0.006483158
1417.489843750  0.006417896
1417.493750000  0.006437697
1417.497656250  0.006391406
1417.501562500  0.006360484
1417.505468750  0.006446492
1417.509375000  0.006345124
1417.513281250  0.006380589
1417.517187500  0.006435766
1417.521093750  0.006433417
1417.525000000  0.006449354
1417.528906250  0.006386057
1417.532812500  0.006388551
1417.536718750  0.006463952
1417.540625000  0.006471469
1417.544531250  0.006423468
1417.548437500  0.006408728
1417.552343750  0.006428606
1417.556250000  0.006378303
1417.560156250  0.006361020
1417.564062500  0.006425148
1417.567968750  0.006384762
1417.571875000  0.006391906
1417.575781250  0.006394558
1417.579687500  0.006366269
1417.583593750  0.006388832
1417.587500000  0.006321617
1417.591406250  0.006323752
1417.595312500  0.006380667
1417.599218750  0.006336457
1417.603125000  0.006412481
1417.607031250  0.006299361
1417.610937500  0.006345240
1417.614843750  0.006382963
1417.618750000  0.006337755
1417.622656250  0.006412923
1417.626562500  0.006336201
1417.630468750  0.006394984
1417.634375000  0.006403956
1417.638281250  0.006347878
1417.642187500  0.006348395
1417.646093750  0.006369504
1417.650000000  0.006372105
1417.653906250  0.006350477
1417.657812500  0.006287816
1417.661718750  0.006361625
1417.665625000  0.006382311
1417.669531250  0.006357017
1417.673437500  0.006354862
1417.677343750  0.006322282
1417.681250000  0.006288203
1417.685156250  0.006370473
1417.689062500  0.006431882
1417.692968750  0.006406976
1417.696875000  0.006341597
1417.700781250  0.006341362
1417.704687500  0.006380014
1417.708593750  0.006350301
1417.712500000  0.006334320
1417.716406250  0.006354366
1417.720312500  0.006313358
1417.724218750  0.006317244
1417.728125000  0.006280052
1417.732031250  0.006331744
1417.735937500  0.006305054
1417.739843750  0.006310170
1417.743750000  0.006348449
1417.747656250  0.006258071
1417.751562500  0.006358980
1417.755468750  0.006286086
1417.759375000  0.006331408
1417.763281250  0.006282939
1417.767187500  0.006283445
1417.771093750  0.006339359
1417.775000000  0.006281158
1417.778906250  0.006349351
1417.782812500  0.006312509
1417.786718750  0.006316840
1417.790625000  0.006281398
1417.794531250  0.006389157
1417.798437500  0.006320260
1417.802343750  0.006324197
1417.806250000  0.006337622
1417.810156250  0.006234426
1417.814062500  0.006311703
1417.817968750  0.006282051
1417.821875000  0.006323861
1417.825781250  0.006336635
1417.829687500  0.006299290
1417.833593750  0.006317010
1417.837500000  0.006291789
1417.841406250  0.006292932
1417.845312500  0.006323438
1417.849218750  0.006320663
1417.853125000  0.006314957
1417.857031250  0.006361708
1417.860937500  0.006316259
1417.864843750  0.006243903
1417.868750000  0.006325518
1417.872656250  0.006229059
1417.876562500  0.006303902
1417.880468750  0.006295541
1417.884375000  0.006295294
1417.888281250  0.006308365
1417.892187500  0.006258357
1417.896093750  0.006278554
1417.900000000  0.006193000
1417.903906250  0.006243322
1417.907812500  0.006315967
1417.911718750  0.006210601
1417.915625000  0.006255303
1417.919531250  0.006273460
1417.923437500  0.006307943
1417.927343750  0.006306540
1417.931250000  0.006354683
1417.935156250  0.006230575
1417.939062500  0.006242356
1417.942968750  0.006244241
1417.946875000  0.006207057
1417.950781250  0.006249877
1417.954687500  0.006278748
1417.958593750  0.006271172
1417.962500000  0.006267006
1417.966406250  0.006192689
1417.970312500  0.006271373
1417.974218750  0.006273534
1417.978125000  0.006219777
1417.982031250  0.006236994
1417.985937500  0.006257129
1417.989843750  0.006286591
1417.993750000  0.006268425
1417.997656250  0.006143960
1418.001562500  0.006291638
1418.005468750  0.006244706
1418.009375000  0.006202710
1418.013281250  0.006263306
1418.017187500  0.006265409
1418.021093750  0.006217510
1418.025000000  0.006238393
1418.028906250  0.006257982
1418.032812500  0.006274393
1418.036718750  0.006193076
1418.040625000  0.006266827
1418.044531250  0.006236859
1418.048437500  0.006284315
1418.052343750  0.006282645
1418.056250000  0.006189223
1418.060156250  0.006250395
1418.064062500  0.006244808
1418.067968750  0.006232731
1418.071875000  0.006246650
1418.075781250  0.006282977
1418.079687500  0.006250250
1418.083593750  0.006280736
1418.087500000  0.006181109
1418.091406250  0.006214199
1418.095312500  0.006212714
1418.099218750  0.006222504
1418.103125000  0.006242239
1418.107031250  0.006263709
1418.110937500  0.006262351
1418.114843750  0.006287427
1418.118750000  0.006217717
1418.122656250  0.006207173
1418.126562500  0.006299217
1418.130468750  0.006247584
1418.134375000  0.006221514
1418.138281250  0.006161843
1418.142187500  0.006170864
1418.146093750  0.006223318
1418.150000000  0.006193093
1418.153906250  0.006192576
1418.157812500  0.006200983
1418.161718750  0.006204089
1418.165625000  0.006241017
1418.169531250  0.006171097
1418.173437500  0.006237130
1418.177343750  0.006151177
1418.181250000  0.006245836
1418.185156250  0.006255914
1418.189062500  0.006190796
1418.192968750  0.006211707
1418.196875000  0.006181900
1418.200781250  0.006200945
1418.204687500  0.006205810
1418.208593750  0.006228539
1418.212500000  0.006236563
1418.216406250  0.006251442
1418.220312500  0.006148780
1418.224218750  0.006211176
1418.228125000  0.006236111
1418.232031250  0.006199210
1418.235937500  0.006256215
1418.239843750  0.006203624
1418.243750000  0.006242982
1418.247656250  0.006185381
1418.251562500  0.006255489
1418.255468750  0.006230988
1418.259375000  0.006230482
1418.263281250  0.006197489
1418.267187500  0.006232729
1418.271093750  0.006182500
1418.275000000  0.006179029
1418.278906250  0.006194551
1418.282812500  0.006228089
1418.286718750  0.006208578
1418.290625000  0.006235987
1418.294531250  0.006195371
1418.298437500  0.006181152
1418.302343750  0.006201430
1418.306250000  0.006213168
1418.310156250  0.006163793
1418.314062500  0.006164823
1418.317968750  0.006163487
1418.321875000  0.006243914
1418.325781250  0.006200485
1418.329687500  0.006152460
1418.333593750  0.006183616
1418.337500000  0.006192059
1418.341406250  0.006206083
1418.345312500  0.006236717
1418.349218750  0.006137039
1418.353125000  0.006194982
1418.357031250  0.006201580
1418.360937500  0.006196786
1418.364843750  0.006171530
1418.368750000  0.006179304
1418.372656250  0.006131919
1418.376562500  0.006159901
1418.380468750  0.006150035
1418.384375000  0.006184046
1418.388281250  0.006216613
1418.392187500  0.006236300
1418.396093750  0.006209992
1418.400000000  0.006225501
1418.403906250  0.006232558
1418.407812500  0.006149946
1418.411718750  0.006124928
1418.415625000  0.006168497
1418.419531250  0.006215746
1418.423437500  0.006189088
1418.427343750  0.006176107
1418.431250000  0.006200801
1418.435156250  0.006142273
1418.439062500  0.006254906
1418.442968750  0.006207310
1418.446875000  0.006213569
1418.450781250  0.006185332
1418.454687500  0.006217331
1418.458593750  0.006171595
1418.462500000  0.006208472
1418.466406250  0.006162592
1418.470312500  0.006138329
1418.474218750  0.006202497
1418.478125000  0.006186094
1418.482031250  0.006191505
1418.485937500  0.006148333
1418.489843750  0.006172790
1418.493750000  0.006242806
1418.497656250  0.006244903
1418.501562500  0.006212160
1418.505468750  0.006171584
1418.509375000  0.006213674
1418.513281250  0.006174031
1418.517187500  0.006107385
1418.521093750  0.006218900
1418.525000000  0.006184350
1418.528906250  0.006168336
1418.532812500  0.006297754
1418.536718750  0.006256982
1418.540625000  0.006199335
1418.544531250  0.006217860
1418.548437500  0.006181189
1418.552343750  0.006183095
1418.556250000  0.006158560
1418.560156250  0.006083732
1418.564062500  0.006164263
1418.567968750  0.006199537
1418.571875000  0.006163744
1418.575781250  0.006162745
1418.579687500  0.006242523
1418.583593750  0.006200081
1418.587500000  0.006176873
1418.591406250  0.006179942
1418.595312500  0.006163382
1418.599218750  0.006138575
1418.603125000  0.006216459
1418.607031250  0.006157868
1418.610937500  0.006139932
1418.614843750  0.006198169
1418.618750000  0.006202550
1418.622656250  0.006147216
1418.626562500  0.006227906
1418.630468750  0.006197096
1418.634375000  0.006203246
1418.638281250  0.006202199
1418.642187500  0.006226801
1418.646093750  0.006233099
1418.650000000  0.006190022
1418.653906250  0.006173053
1418.657812500  0.006170739
1418.661718750  0.006211716
1418.665625000  0.006186644
1418.669531250  0.006200493
1418.673437500  0.006222697
1418.677343750  0.006161894
1418.681250000  0.006152328
1418.685156250  0.006279980
1418.689062500  0.006168284
1418.692968750  0.006213193
1418.696875000  0.006190168
1418.700781250  0.006124859
1418.704687500  0.006169199
1418.708593750  0.006166460
1418.712500000  0.006202512
1418.716406250  0.006206531
1418.720312500  0.006233239
1418.724218750  0.006205690
1418.728125000  0.006159804
1418.732031250  0.006276234
1418.735937500  0.006212838
1418.739843750  0.006192541
1418.743750000  0.006145309
1418.747656250  0.006212588
1418.751562500  0.006199185
1418.755468750  0.006213281
1418.759375000  0.006184227
1418.763281250  0.006217802
1418.767187500  0.006206722
1418.771093750  0.006260902
1418.775000000  0.006188568
1418.778906250  0.006212386
1418.782812500  0.006162567
1418.786718750  0.006135662
1418.790625000  0.006186453
1418.794531250  0.006192489
1418.798437500  0.006248701
1418.802343750  0.006204810
1418.806250000  0.006189332
1418.810156250  0.006171174
1418.814062500  0.006278725
1418.817968750  0.006214041
1418.821875000  0.006159740
1418.825781250  0.006162134
1418.829687500  0.006184767
1418.833593750  0.006223272
1418.837500000  0.006169436
1418.841406250  0.006213346
1418.845312500  0.006209369
1418.849218750  0.006178448
1418.853125000  0.006162119
1418.857031250  0.006204350
1418.860937500  0.006190936
1418.864843750  0.006197109
1418.868750000  0.006195123
1418.872656250  0.006188931
1418.876562500  0.006197194
1418.880468750  0.006220289
1418.884375000  0.006190253
1418.888281250  0.006186991
1418.892187500  0.006221852
1418.896093750  0.006232641
1418.900000000  0.006186884
1418.903906250  0.006245006
1418.907812500  0.006277754
1418.911718750  0.006223688
1418.915625000  0.006221148
1418.919531250  0.006209364
1418.923437500  0.006204853
1418.927343750  0.006210112
1418.931250000  0.006236210
1418.935156250  0.006176416
1418.939062500  0.006131819
1418.942968750  0.006204460
1418.946875000  0.006204225
1418.950781250  0.006123950
1418.954687500  0.006155962
1418.958593750  0.006173212
1418.962500000  0.006244471
1418.966406250  0.006207949
1418.970312500  0.006200219
1418.974218750  0.006163688
1418.978125000  0.006200961
1418.982031250  0.006170901
1418.985937500  0.006195922
1418.989843750  0.006171123
1418.993750000  0.006175064
1418.997656250  0.006134118
1419.001562500  0.006209059
1419.005468750  0.006221588
1419.009375000  0.006214677
1419.013281250  0.006226030
1419.017187500  0.006234691
1419.021093750  0.006164518
1419.025000000  0.006163487
1419.028906250  0.006205576
1419.032812500  0.006221977
1419.036718750  0.006236945
1419.040625000  0.006137357
1419.044531250  0.006187991
1419.048437500  0.006182980
1419.052343750  0.006190755
1419.056250000  0.006169880
1419.060156250  0.006225088
1419.064062500  0.006188550
1419.067968750  0.006270916
1419.071875000  0.006218493
1419.075781250  0.006191679
1419.079687500  0.006256055
1419.083593750  0.006277611
1419.087500000  0.006198121
1419.091406250  0.006187696
1419.095312500  0.006194901
1419.099218750  0.006225296
1419.103125000  0.006149132
1419.107031250  0.006224882
1419.110937500  0.006208150
1419.114843750  0.006157058
1419.118750000  0.006178857
1419.122656250  0.006218171
1419.126562500  0.006237505
1419.130468750  0.006205179
1419.134375000  0.006185923
1419.138281250  0.006221668
1419.142187500  0.006178377
1419.146093750  0.006167048
1419.150000000  0.006147409
1419.153906250  0.006230177
1419.157812500  0.006210103
1419.161718750  0.006184410
1419.165625000  0.006198321
1419.169531250  0.006179520
1419.173437500  0.006170225
1419.177343750  0.006233623
1419.181250000  0.006219298
1419.185156250  0.006221023
1419.189062500  0.006184165
1419.192968750  0.006199978
1419.196875000  0.006209328
1419.200781250  0.006183318
1419.204687500  0.006175073
1419.208593750  0.006191030
1419.212500000  0.006182355
1419.216406250  0.006179931
1419.220312500  0.006215874
1419.224218750  0.006200939
1419.228125000  0.006219845
1419.232031250  0.006183545
1419.235937500  0.006287513
1419.239843750  0.006201302
1419.243750000  0.006185051
1419.247656250  0.006191040
1419.251562500  0.006227888
1419.255468750  0.006188785
1419.259375000  0.006175901
1419.263281250  0.006256943
1419.267187500  0.006154602
1419.271093750  0.006245406
1419.275000000  0.006203559
1419.278906250  0.006204940
1419.282812500  0.006214982
1419.286718750  0.006172916
1419.290625000  0.006172730
1419.294531250  0.006202169
1419.298437500  0.006209383
1419.302343750  0.006218508
1419.306250000  0.006189819
1419.310156250  0.006193545
1419.314062500  0.006158068
1419.317968750  0.006166156
1419.321875000  0.006181580
1419.325781250  0.006196176
1419.329687500  0.006219624
1419.333593750  0.006205666
1419.337500000  0.006147138
1419.341406250  0.006175571
1419.345312500  0.006158448
1419.349218750  0.006184918
1419.353125000  0.006162606
1419.357031250  0.006197123
1419.360937500  0.006191387
1419.364843750  0.006114133
1419.368750000  0.006137106
1419.372656250  0.006183077
1419.376562500  0.006160339
1419.380468750  0.006172153
1419.384375000  0.006173039
1419.388281250  0.006204092
1419.392187500  0.006223250
1419.396093750  0.006232109
1419.400000000  0.006158571
1419.403906250  0.006203545
1419.407812500  0.006152189
1419.411718750  0.006228293
1419.415625000  0.006163519
1419.419531250  0.006215105
1419.423437500  0.006143138
1419.427343750  0.006232865
1419.431250000  0.006193566
1419.435156250  0.006177501
1419.439062500  0.006234847
1419.442968750  0.006178422
1419.446875000  0.006235494
1419.450781250  0.006155042
1419.454687500  0.006252119
1419.458593750  0.006173145
1419.462500000  0.006179169
1419.466406250  0.006209134
1419.470312500  0.006244402
1419.474218750  0.006164196
1419.478125000  0.006217070
1419.482031250  0.006220300
1419.485937500  0.006172731
1419.489843750  0.006215118
1419.493750000  0.006174981
1419.497656250  0.006169942
1419.501562500  0.006241083
1419.505468750  0.006127397
1419.509375000  0.006194136
1419.513281250  0.006157080
1419.517187500  0.006195679
1419.521093750  0.006238872
1419.525000000  0.006227151
1419.528906250  0.006233087
1419.532812500  0.006247381
1419.536718750  0.006202633
1419.540625000  0.006195420
1419.544531250  0.006209192
1419.548437500  0.006214782
1419.552343750  0.006151408
1419.556250000  0.006222834
1419.560156250  0.006220899
1419.564062500  0.006234200
1419.567968750  0.006169457
1419.571875000  0.006132931
1419.575781250  0.006140116
1419.579687500  0.006201977
1419.583593750  0.006255427
1419.587500000  0.006147493
1419.591406250  0.006174365
1419.595312500  0.006194624
1419.599218750  0.006224703
1419.603125000  0.006231607
1419.607031250  0.006145466
1419.610937500  0.006170383
1419.614843750  0.006173035
1419.618750000  0.006212349
1419.622656250  0.006178083
1419.626562500  0.006235987
1419.630468750  0.006164570
1419.634375000  0.006199115
1419.638281250  0.006164286
1419.642187500  0.006183198
1419.646093750  0.006155378
1419.650000000  0.006249927
1419.653906250  0.006217278
1419.657812500  0.006177322
1419.661718750  0.006161154
1419.665625000  0.006228968
1419.669531250  0.006174046
1419.673437500  0.006222386
1419.677343750  0.006132191
1419.681250000  0.006215731
1419.685156250  0.006114784
1419.689062500  0.006218404
1419.692968750  0.006194002
1419.696875000  0.006199638
1419.700781250  0.006169981
1419.704687500  0.006161095
1419.708593750  0.006181454
1419.712500000  0.006228223
1419.716406250  0.006228641
1419.720312500  0.006265368
1419.724218750  0.006156516
1419.728125000  0.006205328
1419.732031250  0.006201110
1419.735937500  0.006175913
1419.739843750  0.006218829
1419.743750000  0.006178806
1419.747656250  0.006130953
1419.751562500  0.006166185
1419.755468750  0.006246331
1419.759375000  0.006225973
1419.763281250  0.006201722
1419.767187500  0.006238298
1419.771093750  0.006291053
1419.775000000  0.006160100
1419.778906250  0.006219545
1419.782812500  0.006213551
1419.786718750  0.006214929
1419.790625000  0.006184106
1419.794531250  0.006234094
1419.798437500  0.006193493
1419.802343750  0.006234480
1419.806250000  0.006206198
1419.810156250  0.006231238
1419.814062500  0.006234780
1419.817968750  0.006208002
1419.821875000  0.006251911
1419.825781250  0.006216855
1419.829687500  0.006205118
1419.833593750  0.006258853
1419.837500000  0.006129249
1419.841406250  0.006231636
1419.845312500  0.006230231
1419.849218750  0.006207937
1419.853125000  0.006258425
1419.857031250  0.006211373
1419.860937500  0.006180615
1419.864843750  0.006213790
1419.868750000  0.006247644
1419.872656250  0.006224616
1419.876562500  0.006141592
1419.880468750  0.006239569
1419.884375000  0.006199471
1419.888281250  0.006185397
1419.892187500  0.006239863
1419.896093750  0.006211997
1419.900000000  0.006253615
1419.903906250  0.006225635
1419.907812500  0.006162553
1419.911718750  0.006201308
1419.915625000  0.006177026
1419.919531250  0.006217581
1419.923437500  0.006211466
1419.927343750  0.006217797
1419.931250000  0.006250464
1419.935156250  0.006211680
1419.939062500  0.006330844
1419.942968750  0.006236642
1419.946875000  0.006232559
1419.950781250  0.006287260
1419.954687500  0.006222791
1419.958593750  0.006148404
1419.962500000  0.006248058
1419.966406250  0.006188895
1419.970312500  0.006264032
1419.974218750  0.006186624
1419.978125000  0.006189381
1419.982031250  0.006235123
1419.985937500  0.006246347
1419.989843750  0.006268810
1419.993750000  0.006239900
1419.997656250  0.006365952
1420.001562500  0.006581487
1420.005468750  0.006275737
1420.009375000  0.006185404
1420.013281250  0.006228889
1420.017187500  0.006202292
1420.021093750  0.006257860
1420.025000000  0.006182673
1420.028906250  0.006226229
1420.032812500  0.006196891
1420.036718750  0.006232070
1420.040625000  0.006268491
1420.044531250  0.006185723
1420.048437500  0.006196608
1420.052343750  0.006194204
1420.056250000  0.006218656
1420.060156250  0.006247473
1420.064062500  0.006236772
1420.067968750  0.006251842
1420.071875000  0.006165656
1420.075781250  0.006187142
1420.079687500  0.006234081
1420.083593750  0.006210233
1420.087500000  0.006240462
1420.091406250  0.006200721
1420.095312500  0.006211982
1420.099218750  0.006205774
1420.103125000  0.006198941
1420.107031250  0.006265776
1420.110937500  0.006263710
1420.114843750  0.006180989
1420.118750000  0.006205978
1420.122656250  0.006253205
1420.126562500  0.006215756
1420.130468750  0.006226253
1420.134375000  0.006267206
1420.138281250  0.006218485
1420.142187500  0.006213927
1420.146093750  0.006182873
1420.150000000  0.006316200
1420.153906250  0.006322148
1420.157812500  0.006198822
1420.161718750  0.006194473
1420.165625000  0.006251715
1420.169531250  0.006206488
1420.173437500  0.006258800
1420.177343750  0.006211934
1420.181250000  0.006222898
1420.185156250  0.006258144
1420.189062500  0.006277970
1420.192968750  0.006290759
1420.196875000  0.006182873
1420.200781250  0.006263944
1420.204687500  0.006220561
1420.208593750  0.006265243
1420.212500000  0.006262469
1420.216406250  0.006226886
1420.220312500  0.006268453
1420.224218750  0.006244943
1420.228125000  0.006215105
1420.232031250  0.006185275
1420.235937500  0.006250827
1420.239843750  0.006281262
1420.243750000  0.006212840
1420.247656250  0.006282489
1420.251562500  0.006219141
1420.255468750  0.006212912
1420.259375000  0.006191690
1420.263281250  0.006228555
1420.267187500  0.006267924
1420.271093750  0.006240501
1420.275000000  0.006205995
1420.278906250  0.006296776
1420.282812500  0.006231592
1420.286718750  0.006303502
1420.290625000  0.006333960
1420.294531250  0.006299660
1420.298437500  0.006271323
1420.302343750  0.006308482
1420.306250000  0.006239335
1420.310156250  0.006256929
1420.314062500  0.006274454
1420.317968750  0.006309633
1420.321875000  0.006277783
1420.325781250  0.006231834
1420.329687500  0.006271472
1420.333593750  0.006316350
1420.337500000  0.006250150
1420.341406250  0.006278422
1420.345312500  0.006281473
1420.349218750  0.006307956
1420.353125000  0.006327553
1420.357031250  0.006274426
1420.360937500  0.006310068
1420.364843750  0.006354181
1420.368750000  0.006285887
1420.372656250  0.006346897
1420.376562500  0.006345165
1420.380468750  0.006381357
1420.384375000  0.006339890
1420.388281250  0.006425912
1420.392187500  0.006393660
1420.396093750  0.006392329
1420.400000000  0.007515670
1420.403906250  0.006432084
1420.407812500  0.006408167
1420.411718750  0.006446469
1420.415625000  0.006342335
1420.419531250  0.006386921
1420.423437500  0.006349663
1420.427343750  0.006362784
1420.431250000  0.006362759
1420.435156250  0.006401168
1420.439062500  0.006365378
1420.442968750  0.006343592
1420.446875000  0.006356542
1420.450781250  0.006348959
1420.454687500  0.006421854
1420.458593750  0.006384649
1420.462500000  0.006359959
1420.466406250  0.006383914
1420.470312500  0.006430785
1420.474218750  0.006350869
1420.478125000  0.006452659
1420.482031250  0.006439488
1420.485937500  0.006446500
1420.489843750  0.006506852
1420.493750000  0.006464999
1420.497656250  0.006450469
1420.501562500  0.006427096
1420.505468750  0.006424457
1420.509375000  0.006393639
1420.513281250  0.006413164
1420.517187500  0.006356689
1420.521093750  0.006417768
1420.525000000  0.006420175
1420.528906250  0.006406262
1420.532812500  0.006381857
1420.536718750  0.006414627
1420.540625000  0.006346841
1420.544531250  0.006287973
1420.548437500  0.006282414
1420.552343750  0.006286103
1420.556250000  0.006262019
1420.560156250  0.006213111
1420.564062500  0.006227782
1420.567968750  0.006279893
1420.571875000  0.006266397
1420.575781250  0.006205137
1420.579687500  0.006259840
1420.583593750  0.006227130
1420.587500000  0.006268702
1420.591406250  0.006207514
1420.595312500  0.006210947
1420.599218750  0.006266683
1420.603125000  0.006266969
1420.607031250  0.006229861
1420.610937500  0.006211491
1420.614843750  0.006206397
1420.618750000  0.006299476
1420.622656250  0.006120684
1420.626562500  0.006200974
1420.630468750  0.006196752
1420.634375000  0.006212242
1420.638281250  0.006203533
1420.642187500  0.006237999
1420.646093750  0.006277855
1420.650000000  0.006234717
1420.653906250  0.006188016
1420.657812500  0.006209267
1420.661718750  0.006213359
1420.665625000  0.006177454
1420.669531250  0.006212903
1420.673437500  0.006178687
1420.677343750  0.006212249
1420.681250000  0.006203487
1420.685156250  0.006191398
1420.689062500  0.006176194
1420.692968750  0.006195025
1420.696875000  0.006265059
1420.700781250  0.006223376
1420.704687500  0.006192405
1420.708593750  0.006254033
1420.712500000  0.006232838
1420.716406250  0.006188612
1420.720312500  0.006186906
1420.724218750  0.006299780
1420.728125000  0.006263565
1420.732031250  0.006214534
1420.735937500  0.006243630
1420.739843750  0.006214583
1420.743750000  0.006165062
1420.747656250  0.006212376
1420.751562500  0.006205136
1420.755468750  0.006165381
1420.759375000  0.006242164
1420.763281250  0.006184603
1420.767187500  0.006221531
1420.771093750  0.006180022
1420.775000000  0.006211320
1420.778906250  0.006202776
1420.782812500  0.006170310
1420.786718750  0.006241598
1420.790625000  0.006207069
1420.794531250  0.006207120
1420.798437500  0.006211200
1420.802343750  0.006201880
1420.806250000  0.006174721
1420.810156250  0.006161179
1420.814062500  0.006166128
1420.817968750  0.006225996
1420.821875000  0.006204670
1420.825781250  0.006228755
1420.829687500  0.006185327
1420.833593750  0.006147620
1420.837500000  0.006189761
1420.841406250  0.006247807
1420.845312500  0.006257347
1420.849218750  0.006180322
1420.853125000  0.006192354
1420.857031250  0.006149387
1420.860937500  0.006149357
1420.864843750  0.006149635
1420.868750000  0.006243241
1420.872656250  0.006228759
1420.876562500  0.006206484
1420.880468750  0.006199347
1420.884375000  0.006116341
1420.888281250  0.006152237
1420.892187500  0.006252524
1420.896093750  0.006223019
1420.900000000  0.006206397
1420.903906250  0.006173063
1420.907812500  0.006240359
1420.911718750  0.006162874
1420.915625000  0.006195898
1420.919531250  0.006214217
1420.923437500  0.006215889
1420.927343750  0.006211605
1420.931250000  0.006131401
1420.935156250  0.006187041
1420.939062500  0.006195497
1420.942968750  0.006190657
1420.946875000  0.006187017
1420.950781250  0.006178903
1420.954687500  0.006188427
1420.958593750  0.006174444
1420.962500000  0.006147550
1420.966406250  0.006169634
1420.970312500  0.006235486
1420.974218750  0.006192159
1420.978125000  0.006195743
1420.982031250  0.006181563
1420.985937500  0.006163197
1420.989843750  0.006226177
1420.993750000  0.006223363
1420.997656250  0.006195664
1421.001562500  0.006212653
1421.005468750  0.006221244
1421.009375000  0.006257244
1421.013281250  0.006213564
1421.017187500  0.006167143
1421.021093750  0.006159048
1421.025000000  0.006167674
1421.028906250  0.006152836
1421.032812500  0.006177382
1421.036718750  0.006174003
1421.040625000  0.006209396
1421.044531250  0.006176387
1421.048437500  0.006256373
1421.052343750  0.006218391
1421.056250000  0.006204702
1421.060156250  0.006190312
1421.064062500  0.006163124
1421.067968750  0.006140777
1421.071875000  0.006157171
1421.075781250  0.006195896
1421.079687500  0.006238414
1421.083593750  0.006121284
1421.087500000  0.006233010
1421.091406250  0.006194765
1421.095312500  0.006218925
1421.099218750  0.006180118
1421.103125000  0.006167311
1421.107031250  0.006233047
1421.110937500  0.006197965
1421.114843750  0.006162206
1421.118750000  0.006222557
1421.122656250  0.006200568
1421.126562500  0.006178917
1421.130468750  0.006187772
1421.134375000  0.006192464
1421.138281250  0.006164733
1421.142187500  0.006207778
1421.146093750  0.006199660
1421.150000000  0.006210917
1421.153906250  0.006220722
1421.157812500  0.006201270
1421.161718750  0.006156360
1421.165625000  0.006202253
1421.169531250  0.006160070
1421.173437500  0.006239557
1421.177343750  0.006172090
1421.181250000  0.006218253
1421.185156250  0.006158645
1421.189062500  0.006186834
1421.192968750  0.006218153
1421.196875000  0.006286291
1421.200781250  0.006188521
1421.204687500  0.006192984
1421.208593750  0.006199032
1421.212500000  0.006176514
1421.216406250  0.006198766
1421.220312500  0.006273127
1421.224218750  0.006177061
1421.228125000  0.006199747
1421.232031250  0.006218779
1421.235937500  0.006161039
1421.239843750  0.006218875
1421.243750000  0.006179037
1421.247656250  0.006197408
1421.251562500  0.006246927
1421.255468750  0.006208593
1421.259375000  0.006227776
1421.263281250  0.006199304
1421.267187500  0.006197378
1421.271093750  0.006191531
1421.275000000  0.006193503
1421.278906250  0.006196984
1421.282812500  0.006189954
1421.286718750  0.006218930
1421.290625000  0.006155091
1421.294531250  0.006175928
1421.298437500  0.006138828
1421.302343750  0.006166894
1421.306250000  0.006277555
1421.310156250  0.006230894
1421.314062500  0.006237689
1421.317968750  0.006186157
1421.321875000  0.006195403
1421.325781250  0.006194528
1421.329687500  0.006217209
1421.333593750  0.006266228
1421.337500000  0.006211911
1421.341406250  0.006221737
1421.345312500  0.006191115
1421.349218750  0.006213035
1421.353125000  0.006217805
1421.357031250  0.006212003
1421.360937500  0.006218378
1421.364843750  0.006212825
1421.368750000  0.006150446
1421.372656250  0.006208207
1421.376562500  0.006182390
1421.380468750  0.006218364
1421.384375000  0.006175629
1421.388281250  0.006149037
1421.392187500  0.006203077
1421.396093750  0.006192104
1421.400000000  0.006210688
1421.403906250  0.006214423
1421.407812500  0.006188684
1421.411718750  0.006179193
1421.415625000  0.006227007
1421.419531250  0.006185154
1421.423437500  0.006151024
1421.427343750  0.006179992
1421.431250000  0.006212868
1421.435156250  0.006228269
1421.439062500  0.006258156
1421.442968750  0.006247604
1421.446875000  0.006185939
1421.450781250  0.006186334
1421.454687500  0.006244470
1421.458593750  0.006196649
1421.462500000  0.006211925
1421.466406250  0.006244873
1421.470312500  0.006219651
1421.474218750  0.006242711
1421.478125000  0.006200869
1421.482031250  0.006312263
1421.485937500  0.006198102
1421.489843750  0.006237415
1421.493750000  0.006173672
1421.497656250  0.006252021
1421.501562500  0.006209482
1421.505468750  0.006259032
1421.509375000  0.006210523
1421.513281250  0.006184532
1421.517187500  0.006218613
1421.521093750  0.006223799
1421.525000000  0.006221887
1421.528906250  0.006236130
1421.532812500  0.006175096
1421.536718750  0.006246306
1421.540625000  0.006191335
1421.544531250  0.006225049
1421.548437500  0.006282184
1421.552343750  0.006221074
1421.556250000  0.006212519
1421.560156250  0.006186448
1421.564062500  0.006204861
1421.567968750  0.006183436
1421.571875000  0.006175570
1421.575781250  0.006224897
1421.579687500  0.006183667
1421.583593750  0.006248383
1421.587500000  0.006197442
1421.591406250  0.006187525
1421.595312500  0.006241576
1421.599218750  0.006168265
1421.603125000  0.006190921
1421.607031250  0.006150616
1421.610937500  0.006165880
1421.614843750  0.006203069
1421.618750000  0.006216642
1421.622656250  0.006194847
1421.626562500  0.006225982
1421.630468750  0.006256735
1421.634375000  0.006239883
1421.638281250  0.006194545
1421.642187500  0.006246989
1421.646093750  0.006164157
1421.650000000  0.006168002
1421.653906250  0.006233139
1421.657812500  0.006197571
1421.661718750  0.006169291
1421.665625000  0.006236526
1421.669531250  0.006145312
1421.673437500  0.006227483
1421.677343750  0.006229724
1421.681250000  0.006108496
1421.685156250  0.006165487
1421.689062500  0.006205836
1421.692968750  0.006191942
1421.696875000  0.006188674
1421.700781250  0.006239005
1421.704687500  0.006196372
1421.708593750  0.006162159
1421.712500000  0.006230943
1421.716406250  0.006223363
1421.720312500  0.006122284
1421.724218750  0.006217657
1421.728125000  0.006156180
1421.732031250  0.006186352
1421.735937500  0.006147350
1421.739843750  0.006238058
1421.743750000  0.006178747
1421.747656250  0.006171961
1421.751562500  0.006150656
1421.755468750  0.006218980
1421.759375000  0.006188945
1421.763281250  0.006204318
1421.767187500  0.006135005
1421.771093750  0.006272395
1421.775000000  0.006185937
1421.778906250  0.006242340
1421.782812500  0.006181588
1421.786718750  0.006191069
1421.790625000  0.006191693
1421.794531250  0.006284776
1421.798437500  0.006197692
1421.802343750  0.006248245
1421.806250000  0.006152049
1421.810156250  0.006159126
1421.814062500  0.006177865
1421.817968750  0.006220790
1421.821875000  0.006192826
1421.825781250  0.006149983
1421.829687500  0.006179508
1421.833593750  0.006193209
1421.837500000  0.006166754
1421.841406250  0.006167614
1421.845312500  0.006180329
1421.849218750  0.006201608
1421.853125000  0.006145590
1421.857031250  0.006178675
1421.860937500  0.006198162
1421.864843750  0.006214790
1421.868750000  0.006157357
1421.872656250  0.006214811
1421.876562500  0.006109405
1421.880468750  0.006169984
1421.884375000  0.006160262
1421.888281250  0.006167569
1421.892187500  0.006206179
1421.896093750  0.006212692
1421.900000000  0.006159536
1421.903906250  0.006197250
1421.907812500  0.006100912
1421.911718750  0.006203551
1421.915625000  0.006173432
1421.919531250  0.006186741
1421.923437500  0.006180390
1421.927343750  0.006160669
1421.931250000  0.006191080
1421.935156250  0.006121536
1421.939062500  0.006182654
1421.942968750  0.006183070
1421.946875000  0.006193667
1421.950781250  0.006205125
1421.954687500  0.006145556
1421.958593750  0.006145902
1421.962500000  0.006202253
1421.966406250  0.006195521
1421.970312500  0.006229736
1421.974218750  0.006133292
1421.978125000  0.006175098
1421.982031250  0.006156258
1421.985937500  0.006178905
1421.989843750  0.006153795
1421.993750000  0.006180966
1421.997656250  0.006156299
1422.001562500  0.006210505
1422.005468750  0.006140909
1422.009375000  0.006163094
1422.013281250  0.006136068
1422.017187500  0.006171568
1422.021093750  0.006218790
1422.025000000  0.006117551
1422.028906250  0.006152487
1422.032812500  0.006153601
1422.036718750  0.006183639
1422.040625000  0.006130213
1422.044531250  0.006156422
1422.048437500  0.006147859
1422.052343750  0.006162366
1422.056250000  0.006190445
1422.060156250  0.006161726
1422.064062500  0.006182461
1422.067968750  0.006166451
1422.071875000  0.006149349
1422.075781250  0.006190759
1422.079687500  0.006154117
1422.083593750  0.006178949
1422.087500000  0.006168277
1422.091406250  0.006193452
1422.095312500  0.006211977
1422.099218750  0.006181967
1422.103125000  0.006207125
1422.107031250  0.006168919
1422.110937500  0.006161454
1422.114843750  0.006173899
1422.118750000  0.006160215
1422.122656250  0.006119108
1422.126562500  0.006173697
1422.130468750  0.006123539
1422.134375000  0.006171324
1422.138281250  0.006104588
1422.142187500  0.006172118
1422.146093750  0.006150681
1422.150000000  0.006202908
1422.153906250  0.006114605
1422.157812500  0.006150791
1422.161718750  0.006202062
1422.165625000  0.006144004
1422.169531250  0.006168748
1422.173437500  0.006199786
1422.177343750  0.006172857
1422.181250000  0.006152114
1422.185156250  0.006121218
1422.189062500  0.006182157
1422.192968750  0.006069778
1422.196875000  0.006205965
1422.200781250  0.006127268
1422.204687500  0.006127032
1422.208593750  0.006147201
1422.212500000  0.006083990
1422.216406250  0.006173042
1422.220312500  0.006165401
1422.224218750  0.006128081
1422.228125000  0.006156031
1422.232031250  0.006152294
1422.235937500  0.006118419
1422.239843750  0.006153449
1422.243750000  0.006158157
1422.247656250  0.006180144
1422.251562500  0.006107352
1422.255468750  0.006237320
1422.259375000  0.006117299
1422.263281250  0.006176647
1422.267187500  0.006181539
1422.271093750  0.006150903
1422.275000000  0.006156016
1422.278906250  0.006209384
1422.282812500  0.006208239
1422.286718750  0.006138109
1422.290625000  0.006100342
1422.294531250  0.006153894
1422.298437500  0.006188868
1422.302343750  0.006183402
1422.306250000  0.006109787
1422.310156250  0.006164442
1422.314062500  0.006146859
1422.317968750  0.006134048
1422.321875000  0.006210175
1422.325781250  0.006127341
1422.329687500  0.006191749
1422.333593750  0.006135930
1422.337500000  0.006159070
1422.341406250  0.006085371
1422.345312500  0.006162268
1422.349218750  0.006181654
1422.353125000  0.006139256
1422.357031250  0.006175073
1422.360937500  0.006114436
1422.364843750  0.006132825
1422.368750000  0.006089485
1422.372656250  0.006168333
1422.376562500  0.006191814
1422.380468750  0.006142843
1422.384375000  0.006199343
1422.388281250  0.006130576
1422.392187500  0.006164239
1422.396093750  0.006112151
1422.400000000  0.006125131
1422.403906250  0.006161320
1422.407812500  0.006172281
1422.411718750  0.006190644
1422.415625000  0.006128225
1422.419531250  0.006168088
1422.423437500  0.006080686
1422.427343750  0.006153293
1422.431250000  0.006191739
1422.435156250  0.006129151
1422.439062500  0.006118685
1422.442968750  0.006106731
1422.446875000  0.006136516
1422.450781250  0.006190785
1422.454687500  0.006175639
1422.458593750  0.006187404
1422.462500000  0.006115764
1422.466406250  0.006185417
1422.470312500  0.006100309
1422.474218750  0.006155638
1422.478125000  0.006158564
1422.482031250  0.006139015
1422.485937500  0.006158949
1422.489843750  0.006135772
1422.493750000  0.006198176
1422.497656250  0.006142392
1422.501562500  0.006090975
1422.505468750  0.006193192
1422.509375000  0.006188891
1422.513281250  0.006150283
1422.517187500  0.006159266
1422.521093750  0.006232469
1422.525000000  0.006159236
1422.528906250  0.006182803
1422.532812500  0.006170885
1422.536718750  0.006181622
1422.540625000  0.006179017
1422.544531250  0.006161950
1422.548437500  0.006171593
1422.552343750  0.006149442
1422.556250000  0.006177512
1422.560156250  0.006124349
1422.564062500  0.006209303
1422.567968750  0.006157090
1422.571875000  0.006171622
1422.575781250  0.006106916
1422.579687500  0.006190873
1422.583593750  0.006176311
1422.587500000  0.006173149
1422.591406250  0.006182133
1422.595312500  0.006223908
1422.599218750  0.006183976
1422.603125000  0.006218158
1422.607031250  0.006122442
1422.610937500  0.006129537
1422.614843750  0.006202038
1422.618750000  0.006119867
1422.622656250  0.006169026
1422.626562500  0.006189761
1422.630468750  0.006133342
1422.634375000  0.006151828
1422.638281250  0.006191527
1422.642187500  0.006145103
1422.646093750  0.006159230
1422.650000000  0.006214520
1422.653906250  0.006203018
1422.657812500  0.006194501
1422.661718750  0.006162751
1422.665625000  0.006224619
1422.669531250  0.006194932
1422.673437500  0.006209099
1422.677343750  0.006191054
1422.681250000  0.006122498
1422.685156250  0.006140358
1422.689062500  0.006197520
1422.692968750  0.006223630
1422.696875000  0.006225302
1422.700781250  0.006151323
1422.704687500  0.006150540
1422.708593750  0.006230575
1422.712500000  0.006101634
1422.716406250  0.006129386
1422.720312500  0.006133030
1422.724218750  0.006154442
1422.728125000  0.006158611
1422.732031250  0.006230996
1422.735937500  0.006088530
1422.739843750  0.006203215
1422.743750000  0.006273269
1422.747656250  0.006195949
1422.751562500  0.006263740
1422.755468750  0.006140093
1422.759375000  0.006142864
1422.763281250  0.006223136
1422.767187500  0.006240851
1422.771093750  0.006149539
1422.775000000  0.006191308
1422.778906250  0.006178170
1422.782812500  0.006169328
1422.786718750  0.006212171
1422.790625000  0.006263301
1422.794531250  0.006189656
1422.798437500  0.006233024
1422.802343750  0.006190757
1422.806250000  0.006221627
1422.810156250  0.006227009
1422.814062500  0.006182729
1422.817968750  0.006149831
1422.821875000  0.006207151
1422.825781250  0.006190256
1422.829687500  0.006203590
1422.833593750  0.006128170
1422.837500000  0.006178283
1422.841406250  0.006182664
1422.845312500  0.006195052
1422.849218750  0.006233296
1422.853125000  0.006187171
1422.857031250  0.006192141
1422.860937500  0.006303573
1422.864843750  0.006197458
1422.868750000  0.006226473
1422.872656250  0.006217013
1422.876562500  0.006250239
1422.880468750  0.006249423
1422.884375000  0.006228197
1422.888281250  0.006213321
1422.892187500  0.006220165
1422.896093750  0.006177127
1422.900000000  0.006212121
1422.903906250  0.006270717
1422.907812500  0.006240506
1422.911718750  0.006253469
1422.915625000  0.006210155
1422.919531250  0.006246150
1422.923437500  0.006216260
1422.927343750  0.006232822
1422.931250000  0.006186478
1422.935156250  0.006238462
1422.939062500  0.006172730
1422.942968750  0.006167107
1422.946875000  0.006219385
1422.950781250  0.006221706
1422.954687500  0.006273055
1422.958593750  0.006219474
1422.962500000  0.006237691
1422.966406250  0.006264150
1422.970312500  0.006213211
1422.974218750  0.006240152
1422.978125000  0.006256106
1422.982031250  0.006254640
1422.985937500  0.006223062
1422.989843750  0.006252945
1422.993750000  0.006182725
1422.997656250  0.006245968
1423.001562500  0.006260441
1423.005468750  0.006223724
1423.009375000  0.006201740
1423.013281250  0.006251790
1423.017187500  0.006236978
1423.021093750  0.006232475
1423.025000000  0.006256152
1423.028906250  0.006301209
1423.032812500  0.006247264
1423.036718750  0.006232167
1423.040625000  0.006262175
1423.044531250  0.006288441
1423.048437500  0.006258421
1423.052343750  0.006191516
1423.056250000  0.006228910
1423.060156250  0.006256101
1423.064062500  0.006225829
1423.067968750  0.006255998
1423.071875000  0.006217152
1423.075781250  0.006235087
1423.079687500  0.006226473
1423.083593750  0.006328562
1423.087500000  0.006256828
1423.091406250  0.006257143
1423.095312500  0.006228376
1423.099218750  0.006266058
1423.103125000  0.006210123
1423.107031250  0.006286161
1423.110937500  0.006299018
1423.114843750  0.006251060
1423.118750000  0.006235227
1423.122656250  0.006256822
1423.126562500  0.006240364
1423.130468750  0.006273938
1423.134375000  0.006242581
1423.138281250  0.006316330
1423.142187500  0.006214548
1423.146093750  0.006298353
1423.150000000  0.006259048
1423.153906250  0.006294458
1423.157812500  0.006251023
1423.161718750  0.006332468
1423.165625000  0.006361187
1423.169531250  0.006293300
1423.173437500  0.006273558
1423.177343750  0.006280699
1423.181250000  0.006251046
1423.185156250  0.006289876
1423.189062500  0.006324909
1423.192968750  0.006311255
1423.196875000  0.006242572
1423.200781250  0.006316003
1423.204687500  0.006285022
1423.208593750  0.006314009
1423.212500000  0.006317703
1423.216406250  0.006278554
1423.220312500  0.006309002
1423.224218750  0.006308216
1423.228125000  0.006253908
1423.232031250  0.006257123
1423.235937500  0.006279647
1423.239843750  0.006307483
1423.243750000  0.006312059
1423.247656250  0.006323300
1423.251562500  0.006265163
1423.255468750  0.006308735
1423.259375000  0.006357526
1423.263281250  0.006351460
1423.267187500  0.006325585
1423.271093750  0.006330801
1423.275000000  0.006281212
1423.278906250  0.006359474
1423.282812500  0.006336262
1423.286718750  0.006308862
1423.290625000  0.006365595
1423.294531250  0.006306916
1423.298437500  0.006332666
1423.302343750  0.006349793
1423.306250000  0.006348637
1423.310156250  0.006367355
1423.314062500  0.006307759
1423.317968750  0.006364778
1423.321875000  0.006343920
1423.325781250  0.006336115
1423.329687500  0.006368879
1423.333593750  0.006340546
1423.337500000  0.006373423
1423.341406250  0.006364620
1423.345312500  0.006360090
1423.349218750  0.006354104
1423.353125000  0.006402751
1423.357031250  0.006394338
1423.360937500  0.006306207
1423.364843750  0.006340249
1423.368750000  0.006374237
1423.372656250  0.006341083
1423.376562500  0.006379667
1423.380468750  0.006347760
1423.384375000  0.006380571
1423.388281250  0.006314266
1423.392187500  0.006339173
1423.396093750  0.006371975
1423.400000000  0.006407636
1423.403906250  0.006392817
1423.407812500  0.006335676
1423.411718750  0.006360900
1423.415625000  0.006351152
1423.419531250  0.006295986
1423.423437500  0.006363277
1423.427343750  0.006405619
1423.431250000  0.006404633
1423.435156250  0.006387956
1423.439062500  0.006382159
1423.442968750  0.006379673
1423.446875000  0.006442183
1423.450781250  0.006416130
1423.454687500  0.006438654
1423.458593750  0.006388278
1423.462500000  0.006418724
1423.466406250  0.006426176
1423.470312500  0.006406734
1423.474218750  0.006379204
1423.478125000  0.006357305
1423.482031250  0.006470341
1423.485937500  0.006459989
1423.489843750  0.006428247
1423.493750000  0.006409202
1423.497656250  0.006463305
1423.501562500  0.006379762
1423.505468750  0.006419252
1423.509375000  0.006426632
1423.513281250  0.006493259
1423.517187500  0.006436193
1423.521093750  0.006430708
1423.525000000  0.006485430
1423.528906250  0.006442277
1423.532812500  0.006500523
1423.536718750  0.006475243
1423.540625000  0.006427548
1423.544531250  0.006487111
1423.548437500  0.006466169
1423.552343750  0.006499916
1423.556250000  0.006520088
1423.560156250  0.006551871
1423.564062500  0.006472732
1423.567968750  0.006474103
1423.571875000  0.006434650
1423.575781250  0.006429768
1423.579687500  0.006418095
1423.583593750  0.006543904
1423.587500000  0.006510965
1423.591406250  0.006482245
1423.595312500  0.006503642
1423.599218750  0.006530214
1423.603125000  0.006510748
1423.607031250  0.006499438
1423.610937500  0.006565717
1423.614843750  0.006476086
1423.618750000  0.006539961
1423.622656250  0.006514028
1423.626562500  0.006537616
1423.630468750  0.006589024
1423.634375000  0.006530508
1423.638281250  0.006488698
1423.642187500  0.006511004
1423.646093750  0.006543324
1423.650000000  0.006550800
1423.653906250  0.006526808
1423.657812500  0.006459802
1423.661718750  0.006570471
1423.665625000  0.006544914
1423.669531250  0.006606846
1423.673437500  0.006570471
1423.677343750  0.006585817
1423.681250000  0.006469279
1423.685156250  0.006538295
1423.689062500  0.006549561
1423.692968750  0.006568861
1423.696875000  0.006546831
1423.700781250  0.006553812
1423.704687500  0.006618714
1423.708593750  0.006591322
1423.712500000  0.006631468
1423.716406250  0.006652324
1423.720312500  0.006602781
1423.724218750  0.006604253
1423.728125000  0.006642760
1423.732031250  0.006595851
1423.735937500  0.006666757
1423.739843750  0.006609532
1423.743750000  0.006595392
1423.747656250  0.006597911
1423.751562500  0.006643510
1423.755468750  0.006624223
1423.759375000  0.006585980
1423.763281250  0.006701079
1423.767187500  0.006646712
1423.771093750  0.006656170
1423.775000000  0.006652523
1423.778906250  0.006623492
1423.782812500  0.006652807
1423.786718750  0.006653552
1423.790625000  0.006665146
1423.794531250  0.006602507
1423.798437500  0.006622356
1423.802343750  0.006638669
1423.806250000  0.006636635
1423.810156250  0.006645625
1423.814062500  0.006660260
1423.817968750  0.006658559
1423.821875000  0.006657403
1423.825781250  0.006690708
1423.829687500  0.006681738
1423.833593750  0.006636447
1423.837500000  0.006699779
1423.841406250  0.006673793
1423.845312500  0.006651972
1423.849218750  0.006749857
1423.853125000  0.006760834
1423.857031250  0.006694065
1423.860937500  0.006711592
1423.864843750  0.006743012
1423.868750000  0.006788645
1423.872656250  0.006748372
1423.876562500  0.006729430
1423.880468750  0.006750032
1423.884375000  0.006753433
1423.888281250  0.006712632
1423.892187500  0.006748240
1423.896093750  0.006726151
1423.900000000  0.006746707
1423.903906250  0.006702549
1423.907812500  0.006833594
1423.911718750  0.006790524
1423.915625000  0.006812005
1423.919531250  0.006802879
1423.923437500  0.006729415
1423.927343750  0.006760497
1423.931250000  0.006741270
1423.935156250  0.006809099
1423.939062500  0.006797228
1423.942968750  0.006838302
1423.946875000  0.006807725
1423.950781250  0.006855301
1423.954687500  0.006733084
1423.958593750  0.006790273
1423.962500000  0.006842100
1423.966406250  0.006817865
1423.970312500  0.006836117
1423.974218750  0.006801410
1423.978125000  0.006883984
1423.982031250  0.006848056
1423.985937500  0.007067900
1423.989843750  0.007131632
1423.993750000  0.006943535
1423.997656250  0.007261866
1424.001562500  0.007761216
1424.005468750  0.006887899
1424.009375000  0.006934286
1424.013281250  0.006865766
1424.017187500  0.006879662
1424.021093750  0.006826620
1424.025000000  0.006847726
1424.028906250  0.006914085
1424.032812500  0.006884159
1424.036718750  0.006977325
1424.040625000  0.006828954
1424.044531250  0.006877595
1424.048437500  0.006900946
1424.052343750  0.006865235
1424.056250000  0.006874251
1424.060156250  0.006902203
1424.064062500  0.006875923
1424.067968750  0.006943639
1424.071875000  0.006887327
1424.075781250  0.006836653
1424.079687500  0.006899405
1424.083593750  0.006881032
1424.087500000  0.006923709
1424.091406250  0.006864927
1424.095312500  0.006868534
1424.099218750  0.006963062
1424.103125000  0.006928172
1424.107031250  0.006931459
1424.110937500  0.006910404
1424.114843750  0.006921372
1424.118750000  0.006963887
1424.122656250  0.006882456
1424.126562500  0.006892128
1424.130468750  0.006954803
1424.134375000  0.006938465
1424.138281250  0.006899910
1424.142187500  0.006965759
1424.146093750  0.006958689
1424.150000000  0.006985248
1424.153906250  0.006964164
1424.157812500  0.006936079
1424.161718750  0.006904454
1424.165625000  0.006953441
1424.169531250  0.007048961
1424.173437500  0.006977766
1424.177343750  0.006954152
1424.181250000  0.006967038
1424.185156250  0.007009018
1424.189062500  0.006985341
1424.192968750  0.006955858
1424.196875000  0.007024402
1424.200781250  0.006995161
1424.204687500  0.007007205
1424.208593750  0.006997465
1424.212500000  0.007009783
1424.216406250  0.007027222
1424.220312500  0.006985374
1424.224218750  0.007006154
1424.228125000  0.007038764
1424.232031250  0.007032068
1424.235937500  0.006976294
1424.239843750  0.007015084
1424.243750000  0.007041315
1424.247656250  0.007044741
1424.251562500  0.007053430
1424.255468750  0.007043805
1424.259375000  0.007012408
1424.263281250  0.007030241
1424.267187500  0.007042508
1424.271093750  0.007089747
1424.275000000  0.007040035
1424.278906250  0.007015658
1424.282812500  0.007082024
1424.286718750  0.007011347
1424.290625000  0.007011142
1424.294531250  0.007064650
1424.298437500  0.007077449
1424.302343750  0.007101657
1424.306250000  0.006956083
1424.310156250  0.007032245
1424.314062500  0.007065060
1424.317968750  0.007067106
1424.321875000  0.007055703
1424.325781250  0.007035448
1424.329687500  0.007061726
1424.333593750  0.006986736
1424.337500000  0.007017273
1424.341406250  0.007037562
1424.345312500  0.007052329
1424.349218750  0.007052902
1424.353125000  0.007012466
1424.357031250  0.007032206
1424.360937500  0.007124981
1424.364843750  0.007045941
1424.368750000  0.007076156
1424.372656250  0.007088267
1424.376562500  0.006990555
1424.380468750  0.007034054
1424.384375000  0.007058939
1424.388281250  0.007099370
1424.392187500  0.007104953
1424.396093750  0.007084566

