2000(10000)
1416.400000000  0.007602056
1416.403906250  0.007535039
1416.407812500  0.007529643
1416.411718750  0.007518416
1416.415625000  0.007647864
1416.419531250  0.007602843
1416.423437500  0.007538117
1416.427343750  0.007497945
1416.431250000  0.007579482
1416.435156250  0.007545743
1416.439062500  0.007698015
1416.442968750  0.007624230
1416.446875000  0.007550940
1416.450781250  0.007526537
1416.454687500  0.007587770
1416.458593750  0.007508197
1416.462500000  0.007544862
1416.466406250  0.007514669
1416.470312500  0.007497948
1416.474218750  0.007477754
1416.478125000  0.007501321
1416.482031250  0.007523380
1416.485937500  0.007581967
1416.489843750  0.007680037
1416.493750000  0.007568340
1416.497656250  0.007579220
1416.501562500  0.007434197
1416.505468750  0.007513428
1416.509375000  0.007492714
1416.513281250  0.007529200
1416.517187500  0.007552005
1416.521093750  0.007579682
1416.525000000  0.007461711
1416.528906250  0.007441024
1416.532812500  0.007708613
1416.536718750  0.007483074
1416.540625000  0.007519403
1416.544531250  0.007516219
1416.548437500  0.007521568
1416.552343750  0.007457611
1416.556250000  0.007462287
1416.560156250  0.007437427
1416.564062500  0.007459677
1416.567968750  0.007449825
1416.571875000  0.007494305
1416.575781250  0.007567807
1416.579687500  0.007635793
1416.583593750  0.007515927
1416.587500000  0.007443611
1416.591406250  0.007546235
1416.595312500  0.007452285
1416.599218750  0.007510176
1416.603125000  0.007468852
1416.607031250  0.007457381
1416.610937500  0.007431753
1416.614843750  0.007513559
1416.618750000  0.007447104
1416.622656250  0.007493149
1416.626562500  0.007611621
1416.630468750  0.007559108
1416.634375000  0.007472224
1416.638281250  0.007474522
1416.642187500  0.007557799
1416.646093750  0.007550018
1416.650000000  0.007525139
1416.653906250  0.007457548
1416.657812500  0.007507671
1416.661718750  0.007480132
1416.665625000  0.007532151
1416.669531250  0.007491430
1416.673437500  0.007475123
1416.677343750  0.007501092
1416.681250000  0.007459188
1416.685156250  0.007471007
1416.689062500  0.007376596
1416.692968750  0.007412926
1416.696875000  0.007425550
1416.700781250  0.007464622
1416.704687500  0.007500911
1416.708593750  0.007352775
1416.712500000  0.007454204
1416.716406250  0.007356742
1416.720312500  0.007421733
1416.724218750  0.007542983
1416.728125000  0.007361602
1416.732031250  0.007318420
1416.735937500  0.007421999
1416.739843750  0.007343912
1416.743750000  0.007294512
1416.747656250  0.007375799
1416.751562500  0.007461895
1416.755468750  0.007473888
1416.759375000  0.007397016
1416.763281250  0.007416092
1416.767187500  0.007306958
1416.771093750  0.007491092
1416.775000000  0.007385917
1416.778906250  0.007409411
1416.782812500  0.007320685
1416.786718750  0.007349776
1416.790625000  0.007304127
1416.794531250  0.007381966
1416.798437500  0.007368980
1416.802343750  0.007375383
1416.806250000  0.007426362
1416.810156250  0.007727413
1416.814062500  0.007515218
1416.817968750  0.007491848
1416.821875000  0.007323254
1416.825781250  0.007321283
1416.829687500  0.007289091
1416.833593750  0.007327862
1416.837500000  0.007356319
1416.841406250  0.007319845
1416.845312500  0.007364440
1416.849218750  0.007342307
1416.853125000  0.007405260
1416.857031250  0.007498184
1416.860937500  0.007938153
1416.864843750  0.012558957
1416.868750000  0.010316744
1416.872656250  0.007799045
1416.876562500  0.007454368
1416.880468750  0.007398084
1416.884375000  0.007319025
1416.888281250  0.007280703
1416.892187500  0.007266949
1416.896093750  0.007361092
1416.900000000  0.007272929
1416.903906250  0.007307056
1416.907812500  0.007222746
1416.911718750  0.007307936
1416.915625000  0.007378469
1416.919531250  0.007660725
1416.923437500  0.007439476
1416.927343750  0.007215772
1416.931250000  0.007206964
1416.935156250  0.007189674
1416.939062500  0.007244448
1416.942968750  0.007180437
1416.946875000  0.007300972
1416.950781250  0.007202714
1416.954687500  0.007194075
1416.958593750  0.007265048
1416.962500000  0.007302297
1416.966406250  0.007268555
1416.970312500  0.007201538
1416.974218750  0.007305393
1416.978125000  0.007275619
1416.982031250  0.007162702
1416.985937500  0.007164613
1416.989843750  0.007193434
1416.993750000  0.007186108
1416.997656250  0.007567852
1417.001562500  0.008001389
1417.005468750  0.007177776
1417.009375000  0.007308255
1417.013281250  0.007106261
1417.017187500  0.007191126
1417.021093750  0.007087035
1417.025000000  0.007062070
1417.028906250  0.007204413
1417.032812500  0.007249352
1417.036718750  0.007093010
1417.040625000  0.007077858
1417.044531250  0.007029969
1417.048437500  0.007051284
1417.052343750  0.007138548
1417.056250000  0.007215539
1417.060156250  0.007047415
1417.064062500  0.007136108
1417.067968750  0.007047520
1417.071875000  0.007152480
1417.075781250  0.007125615
1417.079687500  0.007250228
1417.083593750  0.007242961
1417.087500000  0.007225553
1417.091406250  0.007047531
1417.095312500  0.007122430
1417.099218750  0.007105418
1417.103125000  0.007181916
1417.107031250  0.007133213
1417.110937500  0.007070654
1417.114843750  0.007043286
1417.118750000  0.007049855
1417.122656250  0.007057409
1417.126562500  0.007021120
1417.130468750  0.007009597
1417.134375000  0.006994304
1417.138281250  0.007080323
1417.142187500  0.007061106
1417.146093750  0.007043044
1417.150000000  0.007017759
1417.153906250  0.006991305
1417.157812500  0.006999283
1417.161718750  0.006957120
1417.165625000  0.006912195
1417.169531250  0.007009603
1417.173437500  0.006983185
1417.177343750  0.007021438
1417.181250000  0.006919969
1417.185156250  0.006945703
1417.189062500  0.006948450
1417.192968750  0.006974915
1417.196875000  0.006994381
1417.200781250  0.007079611
1417.204687500  0.006984961
1417.208593750  0.006880654
1417.212500000  0.006955920
1417.216406250  0.006900729
1417.220312500  0.006937943
1417.224218750  0.006985910
1417.228125000  0.006951556
1417.232031250  0.006901792
1417.235937500  0.006848554
1417.239843750  0.006996602
1417.243750000  0.006933253
1417.247656250  0.007144910
1417.251562500  0.007002838
1417.255468750  0.006893489
1417.259375000  0.006852426
1417.263281250  0.006909176
1417.267187500  0.006902037
1417.271093750  0.006908465
1417.275000000  0.006851015
1417.278906250  0.006871053
1417.282812500  0.006952110
1417.286718750  0.006853526
1417.290625000  0.006927378
1417.294531250  0.007090362
1417.298437500  0.006869444
1417.302343750  0.006908093
1417.306250000  0.006941914
1417.310156250  0.006842414
1417.314062500  0.006834460
1417.317968750  0.006878064
1417.321875000  0.006908466
1417.325781250  0.006945400
1417.329687500  0.006872239
1417.333593750  0.006900048
1417.337500000  0.006849643
1417.341406250  0.006978918
1417.345312500  0.006843198
1417.349218750  0.006878608
1417.353125000  0.006796566
1417.357031250  0.006796573
1417.360937500  0.006817326
1417.364843750  0.006819057
1417.368750000  0.006847060
1417.372656250  0.006794257
1417.376562500  0.006790563
1417.380468750  0.006791170
1417.384375000  0.006760587
1417.388281250  0.006900443
1417.392187500  0.006843345
1417.396093750  0.006863954
1417.400000000  0.006877984
1417.403906250  0.006838739
1417.407812500  0.006760922
1417.411718750  0.006798838
1417.415625000  0.006878689
1417.419531250  0.006853060
1417.423437500  0.006828271
1417.427343750  0.006790611
1417.431250000  0.006839550
1417.435156250  0.006783921
1417.439062500  0.006885564
1417.442968750  0.006748263
1417.446875000  0.006791747
1417.450781250  0.006830099
1417.454687500  0.006789363
1417.458593750  0.006798862
1417.462500000  0.006763301
1417.466406250  0.006765666
1417.470312500  0.006762689
1417.474218750  0.006821266
1417.478125000  0.006862718
1417.482031250  0.006743135
1417.485937500  0.006863938
1417.489843750  0.006794250
1417.493750000  0.006821704
1417.497656250  0.006859095
1417.501562500  0.006781645
1417.505468750  0.006824787
1417.509375000  0.006740701
1417.513281250  0.006740198
1417.517187500  0.006746348
1417.521093750  0.006751068
1417.525000000  0.006755515
1417.528906250  0.006801305
1417.532812500  0.006882044
1417.536718750  0.006734698
1417.540625000  0.006720123
1417.544531250  0.006719469
1417.548437500  0.006759485
1417.552343750  0.006805418
1417.556250000  0.006799685
1417.560156250  0.006769567
1417.564062500  0.006760982
1417.567968750  0.006746676
1417.571875000  0.006691741
1417.575781250  0.006742178
1417.579687500  0.006856578
1417.583593750  0.006760200
1417.587500000  0.006699205
1417.591406250  0.006714203
1417.595312500  0.006705753
1417.599218750  0.006738022
1417.603125000  0.006733264
1417.607031250  0.006704718
1417.610937500  0.006708969
1417.614843750  0.006755992
1417.618750000  0.006660758
1417.622656250  0.006664242
1417.626562500  0.006785257
1417.630468750  0.006759346
1417.634375000  0.006692022
1417.638281250  0.006666768
1417.642187500  0.006651463
1417.646093750  0.006677924
1417.650000000  0.006700999
1417.653906250  0.006707782
1417.657812500  0.006705721
1417.661718750  0.006653147
1417.665625000  0.006715927
1417.669531250  0.006743452
1417.673437500  0.006690640
1417.677343750  0.006770087
1417.681250000  0.006662897
1417.685156250  0.006608596
1417.689062500  0.006664072
1417.692968750  0.006614603
1417.696875000  0.006691294
1417.700781250  0.006639386
1417.704687500  0.006678166
1417.708593750  0.006677053
1417.712500000  0.006660563
1417.716406250  0.006680037
1417.720312500  0.006693320
1417.724218750  0.006815643
1417.728125000  0.006725561
1417.732031250  0.006624742
1417.735937500  0.006659999
1417.739843750  0.006723242
1417.743750000  0.006646494
1417.747656250  0.006617986
1417.751562500  0.006693554
1417.755468750  0.006685686
1417.759375000  0.006665052
1417.763281250  0.006682179
1417.767187500  0.006604635
1417.771093750  0.006825623
1417.775000000  0.006588725
1417.778906250  0.006665988
1417.782812500  0.006671967
1417.786718750  0.006640414
1417.790625000  0.006675373
1417.794531250  0.006680545
1417.798437500  0.006638703
1417.802343750  0.006658959
1417.806250000  0.006630710
1417.810156250  0.006595516
1417.814062500  0.006656473
1417.817968750  0.006669947
1417.821875000  0.006648278
1417.825781250  0.006643668
1417.829687500  0.006670072
1417.833593750  0.006568683
1417.837500000  0.006607375
1417.841406250  0.006623158
1417.845312500  0.006642544
1417.849218750  0.006609132
1417.853125000  0.006616072
1417.857031250  0.006663186
1417.860937500  0.006622750
1417.864843750  0.006654674
1417.868750000  0.006609237
1417.872656250  0.006660849
1417.876562500  0.006660147
1417.880468750  0.006654795
1417.884375000  0.006682038
1417.888281250  0.006596660
1417.892187500  0.006604834
1417.896093750  0.006668234
1417.900000000  0.006576071
1417.903906250  0.006644345
1417.907812500  0.006654903
1417.911718750  0.006656686
1417.915625000  0.006700288
1417.919531250  0.006577340
1417.923437500  0.006518456
1417.927343750  0.006525695
1417.931250000  0.006594888
1417.935156250  0.006556743
1417.939062500  0.006618488
1417.942968750  0.006672960
1417.946875000  0.006589227
1417.950781250  0.006601759
1417.954687500  0.006586900
1417.958593750  0.006689303
1417.962500000  0.006676326
1417.966406250  0.006569162
1417.970312500  0.006654133
1417.974218750  0.006585224
1417.978125000  0.006584366
1417.982031250  0.006605815
1417.985937500  0.006607845
1417.989843750  0.006623174
1417.993750000  0.006645425
1417.997656250  0.006566272
1418.001562500  0.006608149
1418.005468750  0.006553738
1418.009375000  0.006703461
1418.013281250  0.006568266
1418.017187500  0.006580526
1418.021093750  0.006517428
1418.025000000  0.006534188
1418.028906250  0.006598599
1418.032812500  0.006536590
1418.036718750  0.006581945
1418.040625000  0.006553809
1418.044531250  0.006590357
1418.048437500  0.006634668
1418.052343750  0.006624827
1418.056250000  0.006666611
1418.060156250  0.006580459
1418.064062500  0.006547925
1418.067968750  0.006579829
1418.071875000  0.006604342
1418.075781250  0.006580976
1418.079687500  0.006630039
1418.083593750  0.006566760
1418.087500000  0.006552162
1418.091406250  0.006559728
1418.095312500  0.006522715
1418.099218750  0.006576079
1418.103125000  0.006651795
1418.107031250  0.006575606
1418.110937500  0.006583360
1418.114843750  0.006563221
1418.118750000  0.006535399
1418.122656250  0.006529247
1418.126562500  0.006556852
1418.130468750  0.006594078
1418.134375000  0.006590449
1418.138281250  0.006586656
1418.142187500  0.006580515
1418.146093750  0.006561780
1418.150000000  0.006629231
1418.153906250  0.006611892
1418.157812500  0.006580153
1418.161718750  0.006562780
1418.165625000  0.006630408
1418.169531250  0.006624494
1418.173437500  0.006551927
1418.177343750  0.006602400
1418.181250000  0.006621376
1418.185156250  0.006567544
1418.189062500  0.006604714
1418.192968750  0.006583265
1418.196875000  0.006552237
1418.200781250  0.006616092
1418.204687500  0.006548088
1418.208593750  0.006554992
1418.212500000  0.006543470
1418.216406250  0.006524881
1418.220312500  0.006539332
1418.224218750  0.006553633
1418.228125000  0.006549739
1418.232031250  0.006528059
1418.235937500  0.006547338
1418.239843750  0.006572986
1418.243750000  0.006632103
1418.247656250  0.006644209
1418.251562500  0.006608538
1418.255468750  0.006527292
1418.259375000  0.006528085
1418.263281250  0.006577706
1418.267187500  0.006571249
1418.271093750  0.006587849
1418.275000000  0.006540297
1418.278906250  0.006612451
1418.282812500  0.006522735
1418.286718750  0.006472651
1418.290625000  0.006599632
1418.294531250  0.006692395
1418.298437500  0.006558487
1418.302343750  0.006535714
1418.306250000  0.006597779
1418.310156250  0.006584751
1418.314062500  0.006574617
1418.317968750  0.006519942
1418.321875000  0.006496824
1418.325781250  0.006484611
1418.329687500  0.006504026
1418.333593750  0.006501942
1418.337500000  0.006567939
1418.341406250  0.006660803
1418.345312500  0.006628827
1418.349218750  0.006614101
1418.353125000  0.006508626
1418.357031250  0.006515313
1418.360937500  0.006511859
1418.364843750  0.006531453
1418.368750000  0.006559361
1418.372656250  0.006610221
1418.376562500  0.006527667
1418.380468750  0.006494731
1418.384375000  0.006525481
1418.388281250  0.006538461
1418.392187500  0.006645183
1418.396093750  0.006508625
1418.400000000  0.006587636
1418.403906250  0.006515692
1418.407812500  0.006498629
1418.411718750  0.006510580
1418.415625000  0.006501749
1418.419531250  0.006554361
1418.423437500  0.006547301
1418.427343750  0.006505933
1418.431250000  0.006519423
1418.435156250  0.006540407
1418.439062500  0.006622268
1418.442968750  0.006537068
1418.446875000  0.006588955
1418.450781250  0.006528302
1418.454687500  0.006529810
1418.458593750  0.006580570
1418.462500000  0.006558234
1418.466406250  0.006487111
1418.470312500  0.006502781
1418.474218750  0.006491514
1418.478125000  0.006508265
1418.482031250  0.006509971
1418.485937500  0.006681181
1418.489843750  0.006576443
1418.493750000  0.006519297
1418.497656250  0.006519429
1418.501562500  0.006503891
1418.505468750  0.006540123
1418.509375000  0.006522006
1418.513281250  0.006527651
1418.517187500  0.006538804
1418.521093750  0.006570778
1418.525000000  0.006489019
1418.528906250  0.006606159
1418.532812500  0.006691000
1418.536718750  0.006524184
1418.540625000  0.006604682
1418.544531250  0.006507855
1418.548437500  0.006438087
1418.552343750  0.006574239
1418.556250000  0.006571298
1418.560156250  0.006480582
1418.564062500  0.006527388
1418.567968750  0.006505717
1418.571875000  0.006581929
1418.575781250  0.006602229
1418.579687500  0.006619596
1418.583593750  0.006587023
1418.587500000  0.006545032
1418.591406250  0.006610432
1418.595312500  0.006604367
1418.599218750  0.006513263
1418.603125000  0.006589900
1418.607031250  0.006522085
1418.610937500  0.006601742
1418.614843750  0.006535882
1418.618750000  0.006605237
1418.622656250  0.006567832
1418.626562500  0.006652781
1418.630468750  0.006581860
1418.634375000  0.006507892
1418.638281250  0.006571085
1418.642187500  0.006593004
1418.646093750  0.006496953
1418.650000000  0.006599851
1418.653906250  0.006488538
1418.657812500  0.006570240
1418.661718750  0.006531299
1418.665625000  0.006566976
1418.669531250  0.006572949
1418.673437500  0.006658653
1418.677343750  0.006687918
1418.681250000  0.006600445
1418.685156250  0.006547731
1418.689062500  0.006609164
1418.692968750  0.006555189
1418.696875000  0.006607078
1418.700781250  0.006541664
1418.704687500  0.006549324
1418.708593750  0.006550652
1418.712500000  0.006561598
1418.716406250  0.006600349
1418.720312500  0.006509950
1418.724218750  0.006663687
1418.728125000  0.006577553
1418.732031250  0.006540968
1418.735937500  0.006538132
1418.739843750  0.006504960
1418.743750000  0.006575625
1418.747656250  0.006573850
1418.751562500  0.006596440
1418.755468750  0.006533315
1418.759375000  0.006557104
1418.763281250  0.006573931
1418.767187500  0.006572614
1418.771093750  0.006722935
1418.775000000  0.006509454
1418.778906250  0.006580390
1418.782812500  0.006558251
1418.786718750  0.006576593
1418.790625000  0.006567194
1418.794531250  0.006557197
1418.798437500  0.006552016
1418.802343750  0.006607500
1418.806250000  0.006499597
1418.810156250  0.006570704
1418.814062500  0.006551721
1418.817968750  0.006653253
1418.821875000  0.006639077
1418.825781250  0.006541223
1418.829687500  0.006585105
1418.833593750  0.006622732
1418.837500000  0.006534003
1418.841406250  0.006534908
1418.845312500  0.006530753
1418.849218750  0.006544451
1418.853125000  0.006543349
1418.857031250  0.006609622
1418.860937500  0.006573983
1418.864843750  0.006648959
1418.868750000  0.006621571
1418.872656250  0.006635387
1418.876562500  0.006551489
1418.880468750  0.006484063
1418.884375000  0.006609259
1418.888281250  0.006606585
1418.892187500  0.006631210
1418.896093750  0.006575948
1418.900000000  0.006544780
1418.903906250  0.006544052
1418.907812500  0.006528223
1418.911718750  0.006666144
1418.915625000  0.006610091
1418.919531250  0.006550402
1418.923437500  0.006606946
1418.927343750  0.006595146
1418.931250000  0.006624972
1418.935156250  0.006596958
1418.939062500  0.006598492
1418.942968750  0.006593739
1418.946875000  0.006583209
1418.950781250  0.006610167
1418.954687500  0.006615232
1418.958593750  0.006642379
1418.962500000  0.006693049
1418.966406250  0.006627033
1418.970312500  0.006619221
1418.974218750  0.006618089
1418.978125000  0.006549724
1418.982031250  0.006607690
1418.985937500  0.006590484
1418.989843750  0.006558179
1418.993750000  0.006515818
1418.997656250  0.006558704
1419.001562500  0.006556406
1419.005468750  0.006601736
1419.009375000  0.006715170
1419.013281250  0.006605050
1419.017187500  0.006557911
1419.021093750  0.006643534
1419.025000000  0.006629284
1419.028906250  0.006547130
1419.032812500  0.006644504
1419.036718750  0.006568898
1419.040625000  0.006613710
1419.044531250  0.006632966
1419.048437500  0.006556127
1419.052343750  0.006649197
1419.056250000  0.006711008
1419.060156250  0.006712276
1419.064062500  0.006582020
1419.067968750  0.006595020
1419.071875000  0.006605056
1419.075781250  0.006603705
1419.079687500  0.006607150
1419.083593750  0.006571691
1419.087500000  0.006575692
1419.091406250  0.006626884
1419.095312500  0.006646045
1419.099218750  0.006513236
1419.103125000  0.006692527
1419.107031250  0.006627622
1419.110937500  0.006589802
1419.114843750  0.006572824
1419.118750000  0.006599420
1419.122656250  0.006623243
1419.126562500  0.006603505
1419.130468750  0.006579776
1419.134375000  0.006746095
1419.138281250  0.006607089
1419.142187500  0.006612655
1419.146093750  0.006537492
1419.150000000  0.006630997
1419.153906250  0.006651066
1419.157812500  0.006547273
1419.161718750  0.006581057
1419.165625000  0.006646985
1419.169531250  0.006607880
1419.173437500  0.006645576
1419.177343750  0.006621847
1419.181250000  0.006573949
1419.185156250  0.006600895
1419.189062500  0.006653254
1419.192968750  0.006550414
1419.196875000  0.006655064
1419.200781250  0.006722400
1419.204687500  0.006664568
1419.208593750  0.006549727
1419.212500000  0.006590976
1419.216406250  0.006516116
1419.220312500  0.006618627
1419.224218750  0.006619237
1419.228125000  0.006576498
1419.232031250  0.006501601
1419.235937500  0.006595205
1419.239843750  0.006515412
1419.243750000  0.006663449
1419.247656250  0.006736262
1419.251562500  0.006582634
1419.255468750  0.006669386
1419.259375000  0.006593188
1419.263281250  0.006592937
1419.267187500  0.006613772
1419.271093750  0.006635861
1419.275000000  0.006630226
1419.278906250  0.006659460
1419.282812500  0.006610296
1419.286718750  0.006625248
1419.290625000  0.006635560
1419.294531250  0.006649558
1419.298437500  0.006617467
1419.302343750  0.006573015
1419.306250000  0.006639470
1419.310156250  0.006557022
1419.314062500  0.006606177
1419.317968750  0.006500122
1419.321875000  0.006571435
1419.325781250  0.006604782
1419.329687500  0.006602178
1419.333593750  0.006566473
1419.337500000  0.006592648
1419.341406250  0.006673617
1419.345312500  0.006613955
1419.349218750  0.006617130
1419.353125000  0.006579065
1419.357031250  0.006578332
1419.360937500  0.006599077
1419.364843750  0.006544799
1419.368750000  0.006555399
1419.372656250  0.006607997
1419.376562500  0.006638856
1419.380468750  0.006589341
1419.384375000  0.006621199
1419.388281250  0.006609486
1419.392187500  0.006678240
1419.396093750  0.006619200
1419.400000000  0.006611951
1419.403906250  0.006625662
1419.407812500  0.006566941
1419.411718750  0.006644404
1419.415625000  0.006549767
1419.419531250  0.006630204
1419.423437500  0.006555914
1419.427343750  0.006608236
1419.431250000  0.006649428
1419.435156250  0.006623856
1419.439062500  0.006680654
1419.442968750  0.006582786
1419.446875000  0.006596279
1419.450781250  0.006525013
1419.454687500  0.006575673
1419.458593750  0.006608797
1419.462500000  0.006606854
1419.466406250  0.006614506
1419.470312500  0.006585681
1419.474218750  0.006590458
1419.478125000  0.006630926
1419.482031250  0.006589832
1419.485937500  0.006640271
1419.489843750  0.006625875
1419.493750000  0.006601136
1419.497656250  0.006596959
1419.501562500  0.006629112
1419.505468750  0.006573815
1419.509375000  0.006560482
1419.513281250  0.006622962
1419.517187500  0.006585310
1419.521093750  0.006566548
1419.525000000  0.006694361
1419.528906250  0.006570816
1419.532812500  0.006645167
1419.536718750  0.006623842
1419.540625000  0.006561334
1419.544531250  0.006562140
1419.548437500  0.006610524
1419.552343750  0.006578745
1419.556250000  0.006504261
1419.560156250  0.006571865
1419.564062500  0.006592255
1419.567968750  0.006561360
1419.571875000  0.006527502
1419.575781250  0.006632212
1419.579687500  0.006663624
1419.583593750  0.006570159
1419.587500000  0.006539493
1419.591406250  0.006537347
1419.595312500  0.006555501
1419.599218750  0.006560338
1419.603125000  0.006635108
1419.607031250  0.006575526
1419.610937500  0.006571128
1419.614843750  0.006642822
1419.618750000  0.006631887
1419.622656250  0.006652707
1419.626562500  0.006628432
1419.630468750  0.006628625
1419.634375000  0.006552117
1419.638281250  0.006575507
1419.642187500  0.006570980
1419.646093750  0.006548492
1419.650000000  0.006575441
1419.653906250  0.006548350
1419.657812500  0.006579869
1419.661718750  0.006556185
1419.665625000  0.006586347
1419.669531250  0.006603855
1419.673437500  0.006541505
1419.677343750  0.006707393
1419.681250000  0.006602671
1419.685156250  0.006552671
1419.689062500  0.006598224
1419.692968750  0.006551959
1419.696875000  0.006648471
1419.700781250  0.006588931
1419.704687500  0.006527638
1419.708593750  0.006551189
1419.712500000  0.006571920
1419.716406250  0.006645933
1419.720312500  0.006541455
1419.724218750  0.006620893
1419.728125000  0.006555994
1419.732031250  0.006618622
1419.735937500  0.006581204
1419.739843750  0.006589702
1419.743750000  0.006602628
1419.747656250  0.006599647
1419.751562500  0.006540587
1419.755468750  0.006613119
1419.759375000  0.006645324
1419.763281250  0.006521684
1419.767187500  0.006585532
1419.771093750  0.006669006
1419.775000000  0.006595184
1419.778906250  0.006556291
1419.782812500  0.006548296
1419.786718750  0.006563350
1419.790625000  0.006584102
1419.794531250  0.006610677
1419.798437500  0.006602449
1419.802343750  0.006581920
1419.806250000  0.006550446
1419.810156250  0.006627701
1419.814062500  0.006595347
1419.817968750  0.006691208
1419.821875000  0.006600708
1419.825781250  0.006631560
1419.829687500  0.006610722
1419.833593750  0.006584066
1419.837500000  0.006628608
1419.841406250  0.006538176
1419.845312500  0.006574673
1419.849218750  0.006551044
1419.853125000  0.006630771
1419.857031250  0.006616533
1419.860937500  0.006606833
1419.864843750  0.006643490
1419.868750000  0.006603294
1419.872656250  0.006537184
1419.876562500  0.006591618
1419.880468750  0.006548896
1419.884375000  0.006638347
1419.888281250  0.006580449
1419.892187500  0.006653077
1419.896093750  0.006586230
1419.900000000  0.006669923
1419.903906250  0.006533767
1419.907812500  0.006664587
1419.911718750  0.006612471
1419.915625000  0.006610104
1419.919531250  0.006643442
1419.923437500  0.006601342
1419.927343750  0.006608696
1419.931250000  0.006627376
1419.935156250  0.006682396
1419.939062500  0.006603678
1419.942968750  0.006582335
1419.946875000  0.006595133
1419.950781250  0.006525024
1419.954687500  0.006567245
1419.958593750  0.006594099
1419.962500000  0.006666484
1419.966406250  0.006577863
1419.970312500  0.006610575
1419.974218750  0.006616165
1419.978125000  0.006551089
1419.982031250  0.006600346
1419.985937500  0.006652528
1419.989843750  0.006715527
1419.993750000  0.006706203
1419.997656250  0.006904635
1420.001562500  0.007131498
1420.005468750  0.006681644
1420.009375000  0.006706221
1420.013281250  0.006591246
1420.017187500  0.006555003
1420.021093750  0.006559167
1420.025000000  0.006613950
1420.028906250  0.006584193
1420.032812500  0.006590488
1420.036718750  0.006645657
1420.040625000  0.006624338
1420.044531250  0.006567620
1420.048437500  0.006653886
1420.052343750  0.006657848
1420.056250000  0.006672381
1420.060156250  0.006620059
1420.064062500  0.006603780
1420.067968750  0.006543752
1420.071875000  0.006591219
1420.075781250  0.006610318
1420.079687500  0.006578859
1420.083593750  0.006655154
1420.087500000  0.006615613
1420.091406250  0.006639415
1420.095312500  0.006561544
1420.099218750  0.006602820
1420.103125000  0.006697267
1420.107031250  0.006642253
1420.110937500  0.006549989
1420.114843750  0.006656700
1420.118750000  0.006538218
1420.122656250  0.006569586
1420.126562500  0.006586629
1420.130468750  0.006604293
1420.134375000  0.006604582
1420.138281250  0.006641649
1420.142187500  0.006650673
1420.146093750  0.006660809
1420.150000000  0.006696708
1420.153906250  0.006632811
1420.157812500  0.006594528
1420.161718750  0.006609573
1420.165625000  0.006583085
1420.169531250  0.006606636
1420.173437500  0.006604296
1420.177343750  0.006662678
1420.181250000  0.006596364
1420.185156250  0.006573709
1420.189062500  0.006641280
1420.192968750  0.006685135
1420.196875000  0.006616201
1420.200781250  0.006734215
1420.204687500  0.006651266
1420.208593750  0.006649109
1420.212500000  0.006633235
1420.216406250  0.006631910
1420.220312500  0.006612382
1420.224218750  0.006628633
1420.228125000  0.006630440
1420.232031250  0.006626343
1420.235937500  0.006613035
1420.239843750  0.006563176
1420.243750000  0.006628056
1420.247656250  0.006644303
1420.251562500  0.006650980
1420.255468750  0.006622269
1420.259375000  0.006554292
1420.263281250  0.006665464
1420.267187500  0.006597591
1420.271093750  0.006604220
1420.275000000  0.006596609
1420.278906250  0.006639727
1420.282812500  0.006569918
1420.286718750  0.006697983
1420.290625000  0.006609968
1420.294531250  0.006709174
1420.298437500  0.006651117
1420.302343750  0.006640930
1420.306250000  0.006555377
1420.310156250  0.006625704
1420.314062500  0.006625805
1420.317968750  0.006608942
1420.321875000  0.006638317
1420.325781250  0.006618049
1420.329687500  0.006651617
1420.333593750  0.006634092
1420.337500000  0.006628925
1420.341406250  0.006655086
1420.345312500  0.006689086
1420.349218750  0.006688658
1420.353125000  0.006661048
1420.357031250  0.006618071
1420.360937500  0.006648385
1420.364843750  0.006689249
1420.368750000  0.006737587
1420.372656250  0.006739792
1420.376562500  0.006746662
1420.380468750  0.006726753
1420.384375000  0.006764723
1420.388281250  0.006798662
1420.392187500  0.006855066
1420.396093750  0.006873752
1420.400000000  0.007702878
1420.403906250  0.006810990
1420.407812500  0.006825005
1420.411718750  0.006782861
1420.415625000  0.006832943
1420.419531250  0.006769608
1420.423437500  0.006761668
1420.427343750  0.006778271
1420.431250000  0.006826902
1420.435156250  0.006757087
1420.439062500  0.006820148
1420.442968750  0.006727126
1420.446875000  0.006716235
1420.450781250  0.006741754
1420.454687500  0.006747115
1420.458593750  0.006713626
1420.462500000  0.006721736
1420.466406250  0.006744442
1420.470312500  0.006738817
1420.474218750  0.006715593
1420.478125000  0.006713333
1420.482031250  0.006669402
1420.485937500  0.006716472
1420.489843750  0.006632626
1420.493750000  0.006681508
1420.497656250  0.006620875
1420.501562500  0.006693233
1420.505468750  0.006641028
1420.509375000  0.006660011
1420.513281250  0.006620764
1420.517187500  0.006641484
1420.521093750  0.006607862
1420.525000000  0.006574170
1420.528906250  0.006596464
1420.532812500  0.006679901
1420.536718750  0.006522715
1420.540625000  0.006594903
1420.544531250  0.006622029
1420.548437500  0.006606965
1420.552343750  0.006579943
1420.556250000  0.006579491
1420.560156250  0.006615102
1420.564062500  0.006529579
1420.567968750  0.006624735
1420.571875000  0.006497547
1420.575781250  0.006571504
1420.579687500  0.006626337
1420.583593750  0.006612882
1420.587500000  0.006596786
1420.591406250  0.006598656
1420.595312500  0.006575808
1420.599218750  0.006613898
1420.603125000  0.006547556
1420.607031250  0.006636362
1420.610937500  0.006581464
1420.614843750  0.006501943
1420.618750000  0.006624715
1420.622656250  0.006532620
1420.626562500  0.006655350
1420.630468750  0.006634591
1420.634375000  0.006605843
1420.638281250  0.006484359
1420.642187500  0.006578032
1420.646093750  0.006557970
1420.650000000  0.006580313
1420.653906250  0.006559106
1420.657812500  0.006540163
1420.661718750  0.006604417
1420.665625000  0.006596095
1420.669531250  0.006531667
1420.673437500  0.006555175
1420.677343750  0.006615127
1420.681250000  0.006580281
1420.685156250  0.006589294
1420.689062500  0.006583620
1420.692968750  0.006526516
1420.696875000  0.006586938
1420.700781250  0.006544899
1420.704687500  0.006564293
1420.708593750  0.006579801
1420.712500000  0.006588298
1420.716406250  0.006637338
1420.720312500  0.006588888
1420.724218750  0.006627919
1420.728125000  0.006560850
1420.732031250  0.006568113
1420.735937500  0.006581624
1420.739843750  0.006518997
1420.743750000  0.006595386
1420.747656250  0.006621551
1420.751562500  0.006553763
1420.755468750  0.006561194
1420.759375000  0.006568040
1420.763281250  0.006568478
1420.767187500  0.006522424
1420.771093750  0.006680236
1420.775000000  0.006642144
1420.778906250  0.006557402
1420.782812500  0.006573164
1420.786718750  0.006544120
1420.790625000  0.006571155
1420.794531250  0.006542030
1420.798437500  0.006524941
1420.802343750  0.006473131
1420.806250000  0.006542950
1420.810156250  0.006561732
1420.814062500  0.006513817
1420.817968750  0.006663499
1420.821875000  0.006593315
1420.825781250  0.006553988
1420.829687500  0.006474652
1420.833593750  0.006521622
1420.837500000  0.006527365
1420.841406250  0.006563127
1420.845312500  0.006485349
1420.849218750  0.006518539
1420.853125000  0.006567953
1420.857031250  0.006600929
1420.860937500  0.006608590
1420.864843750  0.006544885
1420.868750000  0.006512298
1420.872656250  0.006528508
1420.876562500  0.006534926
1420.880468750  0.006545851
1420.884375000  0.006573630
1420.888281250  0.006608208
1420.892187500  0.006578828
1420.896093750  0.006602204
1420.900000000  0.006588379
1420.903906250  0.006586541
1420.907812500  0.006539551
1420.911718750  0.006580521
1420.915625000  0.006584973
1420.919531250  0.006539150
1420.923437500  0.006577443
1420.927343750  0.006593404
1420.931250000  0.006519001
1420.935156250  0.006519413
1420.939062500  0.006582667
1420.942968750  0.006517107
1420.946875000  0.006551753
1420.950781250  0.006563973
1420.954687500  0.006531430
1420.958593750  0.006505933
1420.962500000  0.006601690
1420.966406250  0.006515648
1420.970312500  0.006518706
1420.974218750  0.006527360
1420.978125000  0.006519609
1420.982031250  0.006468078
1420.985937500  0.006565991
1420.989843750  0.006542846
1420.993750000  0.006555511
1420.997656250  0.006524637
1421.001562500  0.006571128
1421.005468750  0.006539045
1421.009375000  0.006524347
1421.013281250  0.006511157
1421.017187500  0.006581570
1421.021093750  0.006543532
1421.025000000  0.006582304
1421.028906250  0.006510708
1421.032812500  0.006548560
1421.036718750  0.006528912
1421.040625000  0.006572306
1421.044531250  0.006481821
1421.048437500  0.006548460
1421.052343750  0.006563744
1421.056250000  0.006622228
1421.060156250  0.006483608
1421.064062500  0.006505395
1421.067968750  0.006510873
1421.071875000  0.006549637
1421.075781250  0.006518453
1421.079687500  0.006580167
1421.083593750  0.006485420
1421.087500000  0.006549088
1421.091406250  0.006576814
1421.095312500  0.006500227
1421.099218750  0.006537066
1421.103125000  0.006566787
1421.107031250  0.006513750
1421.110937500  0.006564566
1421.114843750  0.006545178
1421.118750000  0.006564239
1421.122656250  0.006529047
1421.126562500  0.006559898
1421.130468750  0.006454081
1421.134375000  0.006560567
1421.138281250  0.006552549
1421.142187500  0.006483159
1421.146093750  0.006469384
1421.150000000  0.006518353
1421.153906250  0.006614521
1421.157812500  0.006486801
1421.161718750  0.006559181
1421.165625000  0.006507782
1421.169531250  0.006579854
1421.173437500  0.006616594
1421.177343750  0.006525514
1421.181250000  0.006606914
1421.185156250  0.006504632
1421.189062500  0.006541503
1421.192968750  0.006537365
1421.196875000  0.006520398
1421.200781250  0.006621267
1421.204687500  0.006598580
1421.208593750  0.006528576
1421.212500000  0.006496401
1421.216406250  0.006511290
1421.220312500  0.006508225
1421.224218750  0.006569748
1421.228125000  0.006502927
1421.232031250  0.006545774
1421.235937500  0.006601721
1421.239843750  0.006586112
1421.243750000  0.006547826
1421.247656250  0.006515245
1421.251562500  0.006471490
1421.255468750  0.006519401
1421.259375000  0.006603429
1421.263281250  0.006552994
1421.267187500  0.006521731
1421.271093750  0.006527315
1421.275000000  0.006537420
1421.278906250  0.006575684
1421.282812500  0.006545846
1421.286718750  0.006526225
1421.290625000  0.006535188
1421.294531250  0.006617694
1421.298437500  0.006539293
1421.302343750  0.006544989
1421.306250000  0.006536515
1421.310156250  0.006495450
1421.314062500  0.006562462
1421.317968750  0.006565268
1421.321875000  0.006614373
1421.325781250  0.006536509
1421.329687500  0.006594142
1421.333593750  0.006625642
1421.337500000  0.006544370
1421.341406250  0.006575772
1421.345312500  0.006625372
1421.349218750  0.006503565
1421.353125000  0.006518405
1421.357031250  0.006602049
1421.360937500  0.006555585
1421.364843750  0.006580165
1421.368750000  0.006565010
1421.372656250  0.006580962
1421.376562500  0.006569344
1421.380468750  0.006480695
1421.384375000  0.006536741
1421.388281250  0.006591662
1421.392187500  0.006602747
1421.396093750  0.006521524
1421.400000000  0.006597847
1421.403906250  0.006575956
1421.407812500  0.006580809
1421.411718750  0.006518000
1421.415625000  0.006501972
1421.419531250  0.006559621
1421.423437500  0.006606878
1421.427343750  0.006552473
1421.431250000  0.006527162
1421.435156250  0.006589351
1421.439062500  0.006562822
1421.442968750  0.006547013
1421.446875000  0.006604907
1421.450781250  0.006564453
1421.454687500  0.006527127
1421.458593750  0.006557462
1421.462500000  0.006540461
1421.466406250  0.006522876
1421.470312500  0.006517072
1421.474218750  0.006614817
1421.478125000  0.006583319
1421.482031250  0.006546150
1421.485937500  0.006538347
1421.489843750  0.006621077
1421.493750000  0.006511434
1421.497656250  0.006539124
1421.501562500  0.006587626
1421.505468750  0.006492934
1421.509375000  0.006602008
1421.513281250  0.006561188
1421.517187500  0.006503089
1421.521093750  0.006489474
1421.525000000  0.006550154
1421.528906250  0.006546534
1421.532812500  0.006606543
1421.536718750  0.006487338
1421.540625000  0.006522084
1421.544531250  0.006509298
1421.548437500  0.006524516
1421.552343750  0.006512448
1421.556250000  0.006495865
1421.560156250  0.006521095
1421.564062500  0.006466462
1421.567968750  0.006566517
1421.571875000  0.006561612
1421.575781250  0.006545977
1421.579687500  0.006599870
1421.583593750  0.006573716
1421.587500000  0.006527543
1421.591406250  0.006567853
1421.595312500  0.006566683
1421.599218750  0.006590771
1421.603125000  0.006572197
1421.607031250  0.006507989
1421.610937500  0.006514693
1421.614843750  0.006526117
1421.618750000  0.006581509
1421.622656250  0.006524612
1421.626562500  0.006567701
1421.630468750  0.006551225
1421.634375000  0.006531147
1421.638281250  0.006564659
1421.642187500  0.006522489
1421.646093750  0.006560260
1421.650000000  0.006491567
1421.653906250  0.006539239
1421.657812500  0.006535345
1421.661718750  0.006464278
1421.665625000  0.006518008
1421.669531250  0.006513407
1421.673437500  0.006508694
1421.677343750  0.006566377
1421.681250000  0.006606431
1421.685156250  0.006498733
1421.689062500  0.006545190
1421.692968750  0.006575089
1421.696875000  0.006527872
1421.700781250  0.006582209
1421.704687500  0.006621679
1421.708593750  0.006521419
1421.712500000  0.006604823
1421.716406250  0.006485711
1421.720312500  0.006562067
1421.724218750  0.006560266
1421.728125000  0.006522800
1421.732031250  0.006538421
1421.735937500  0.006494865
1421.739843750  0.006501764
1421.743750000  0.006476378
1421.747656250  0.006529830
1421.751562500  0.006555303
1421.755468750  0.006526131
1421.759375000  0.006548605
1421.763281250  0.006567167
1421.767187500  0.006507947
1421.771093750  0.006610791
1421.775000000  0.006541571
1421.778906250  0.006543777
1421.782812500  0.006487624
1421.786718750  0.006537908
1421.790625000  0.006518803
1421.794531250  0.006533655
1421.798437500  0.006540407
1421.802343750  0.006529573
1421.806250000  0.006520479
1421.810156250  0.006464324
1421.814062500  0.006570368
1421.817968750  0.006555698
1421.821875000  0.006467198
1421.825781250  0.006570857
1421.829687500  0.006602433
1421.833593750  0.006501170
1421.837500000  0.006514615
1421.841406250  0.006565030
1421.845312500  0.006502882
1421.849218750  0.006479182
1421.853125000  0.006490330
1421.857031250  0.006527045
1421.860937500  0.006530637
1421.864843750  0.006552024
1421.868750000  0.006545027
1421.872656250  0.006554241
1421.876562500  0.006523858
1421.880468750  0.006505905
1421.884375000  0.006499628
1421.888281250  0.006543368
1421.892187500  0.006561035
1421.896093750  0.006572029
1421.900000000  0.006472496
1421.903906250  0.006527475
1421.907812500  0.006524163
1421.911718750  0.006500783
1421.915625000  0.006466128
1421.919531250  0.006503688
1421.923437500  0.006557475
1421.927343750  0.006526177
1421.931250000  0.006457968
1421.935156250  0.006501624
1421.939062500  0.006439159
1421.942968750  0.006531394
1421.946875000  0.006450713
1421.950781250  0.006467881
1421.954687500  0.006615380
1421.958593750  0.006555762
1421.962500000  0.006583970
1421.966406250  0.006512431
1421.970312500  0.006526337
1421.974218750  0.006525265
1421.978125000  0.006518879
1421.982031250  0.006534073
1421.985937500  0.006512791
1421.989843750  0.006487336
1421.993750000  0.006531419
1421.997656250  0.006533780
1422.001562500  0.006457615
1422.005468750  0.006575072
1422.009375000  0.006550947
1422.013281250  0.006511660
1422.017187500  0.006484940
1422.021093750  0.006506073
1422.025000000  0.006512685
1422.028906250  0.006482696
1422.032812500  0.006514357
1422.036718750  0.006517170
1422.040625000  0.006534915
1422.044531250  0.006512651
1422.048437500  0.006453495
1422.052343750  0.006514251
1422.056250000  0.006546287
1422.060156250  0.006459602
1422.064062500  0.006554368
1422.067968750  0.006545927
1422.071875000  0.006489696
1422.075781250  0.006490766
1422.079687500  0.006482260
1422.083593750  0.006485885
1422.087500000  0.006488717
1422.091406250  0.006511542
1422.095312500  0.006501071
1422.099218750  0.006494403
1422.103125000  0.006498543
1422.107031250  0.006546840
1422.110937500  0.006475730
1422.114843750  0.006505297
1422.118750000  0.006514936
1422.122656250  0.006496264
1422.126562500  0.006496757
1422.130468750  0.006507750
1422.134375000  0.006486520
1422.138281250  0.006517435
1422.142187500  0.006456014
1422.146093750  0.006582460
1422.150000000  0.006517365
1422.153906250  0.006563770
1422.157812500  0.006428182
1422.161718750  0.006494213
1422.165625000  0.006401621
1422.169531250  0.006473129
1422.173437500  0.006510774
1422.177343750  0.006558198
1422.181250000  0.006549932
1422.185156250  0.006506396
1422.189062500  0.006503291
1422.192968750  0.006511677
1422.196875000  0.006458969
1422.200781250  0.006581488
1422.204687500  0.006489938
1422.208593750  0.006488219
1422.212500000  0.006468297
1422.216406250  0.006507227
1422.220312500  0.006472521
1422.224218750  0.006454091
1422.228125000  0.006462496
1422.232031250  0.006498496
1422.235937500  0.006527760
1422.239843750  0.006470022
1422.243750000  0.006548838
1422.247656250  0.006572957
1422.251562500  0.006483479
1422.255468750  0.006534037
1422.259375000  0.006517881
1422.263281250  0.006548111
1422.267187500  0.006529246
1422.271093750  0.006507766
1422.275000000  0.006481519
1422.278906250  0.006502099
1422.282812500  0.006441588
1422.286718750  0.006422098
1422.290625000  0.006481148
1422.294531250  0.006468942
1422.298437500  0.006496579
1422.302343750  0.006428713
1422.306250000  0.006492754
1422.310156250  0.006506143
1422.314062500  0.006515131
1422.317968750  0.006438185
1422.321875000  0.006478019
1422.325781250  0.006511774
1422.329687500  0.006522833
1422.333593750  0.006506782
1422.337500000  0.006482871
1422.341406250  0.006465526
1422.345312500  0.006721467
1422.349218750  0.006501254
1422.353125000  0.006473883
1422.357031250  0.006512629
1422.360937500  0.006485088
1422.364843750  0.006465640
1422.368750000  0.006495845
1422.372656250  0.006455148
1422.376562500  0.006438365
1422.380468750  0.006464674
1422.384375000  0.006475155
1422.388281250  0.006454732
1422.392187500  0.006670423
1422.396093750  0.006549086
1422.400000000  0.006475562
1422.403906250  0.006514915
1422.407812500  0.006491822
1422.411718750  0.006469103
1422.415625000  0.006466500
1422.419531250  0.006489448
1422.423437500  0.006559550
1422.427343750  0.006485979
1422.431250000  0.006480254
1422.435156250  0.006505181
1422.439062500  0.006581237
1422.442968750  0.006486244
1422.446875000  0.006521800
1422.450781250  0.006478188
1422.454687500  0.006520423
1422.458593750  0.006485247
1422.462500000  0.006515301
1422.466406250  0.006451279
1422.470312500  0.006468312
1422.474218750  0.006536113
1422.478125000  0.006445433
1422.482031250  0.006492437
1422.485937500  0.006566344
1422.489843750  0.006531650
1422.493750000  0.006494245
1422.497656250  0.006484257
1422.501562500  0.006444890
1422.505468750  0.006486594
1422.509375000  0.006486720
1422.513281250  0.006531876
1422.517187500  0.006494396
1422.521093750  0.006478697
1422.525000000  0.006451819
1422.528906250  0.006507155
1422.532812500  0.006537284
1422.536718750  0.006598358
1422.540625000  0.006489198
1422.544531250  0.006515117
1422.548437500  0.006554072
1422.552343750  0.006516318
1422.556250000  0.006542495
1422.560156250  0.006564903
1422.564062500  0.006563777
1422.567968750  0.006481542
1422.571875000  0.006525914
1422.575781250  0.006535410
1422.579687500  0.006540291
1422.583593750  0.006574147
1422.587500000  0.006557749
1422.591406250  0.006464931
1422.595312500  0.006478944
1422.599218750  0.006528508
1422.603125000  0.006464297
1422.607031250  0.006549820
1422.610937500  0.006482611
1422.614843750  0.006547476
1422.618750000  0.006465011
1422.622656250  0.006516859
1422.626562500  0.006499354
1422.630468750  0.006508411
1422.634375000  0.006530410
1422.638281250  0.006519494
1422.642187500  0.006509030
1422.646093750  0.006493333
1422.650000000  0.006518155
1422.653906250  0.006505164
1422.657812500  0.006488624
1422.661718750  0.006491952
1422.665625000  0.006554775
1422.669531250  0.006532925
1422.673437500  0.006529224
1422.677343750  0.006580167
1422.681250000  0.006543497
1422.685156250  0.006529520
1422.689062500  0.006572043
1422.692968750  0.006482951
1422.696875000  0.006580399
1422.700781250  0.006566118
1422.704687500  0.006546622
1422.708593750  0.006471630
1422.712500000  0.006447586
1422.716406250  0.006469109
1422.720312500  0.006478015
1422.724218750  0.006550083
1422.728125000  0.006490382
1422.732031250  0.006496939
1422.735937500  0.006486793
1422.739843750  0.006540864
1422.743750000  0.006525768
1422.747656250  0.006505283
1422.751562500  0.006524974
1422.755468750  0.006505521
1422.759375000  0.006514400
1422.763281250  0.006498693
1422.767187500  0.006505985
1422.771093750  0.006569247
1422.775000000  0.006495565
1422.778906250  0.006498032
1422.782812500  0.006514554
1422.786718750  0.006572251
1422.790625000  0.006497941
1422.794531250  0.006483519
1422.798437500  0.006496616
1422.802343750  0.006492483
1422.806250000  0.006489083
1422.810156250  0.006486750
1422.814062500  0.006542822
1422.817968750  0.006526582
1422.821875000  0.006530008
1422.825781250  0.006537200
1422.829687500  0.006455408
1422.833593750  0.006536912
1422.837500000  0.006530390
1422.841406250  0.006471442
1422.845312500  0.006476595
1422.849218750  0.006543141
1422.853125000  0.006510108
1422.857031250  0.006488409
1422.860937500  0.006517855
1422.864843750  0.006566970
1422.868750000  0.006534537
1422.872656250  0.006520811
1422.876562500  0.006520198
1422.880468750  0.006503950
1422.884375000  0.006557020
1422.888281250  0.006530316
1422.892187500  0.006587635
1422.896093750  0.006473586
1422.900000000  0.006522622
1422.903906250  0.006541672
1422.907812500  0.006496312
1422.911718750  0.006487368
1422.915625000  0.006578465
1422.919531250  0.006506334
1422.923437500  0.006538818
1422.927343750  0.006518788
1422.931250000  0.006567633
1422.935156250  0.006575267
1422.939062500  0.006583469
1422.942968750  0.006558741
1422.946875000  0.006521679
1422.950781250  0.006540029
1422.954687500  0.006549036
1422.958593750  0.006517152
1422.962500000  0.006519835
1422.966406250  0.006592578
1422.970312500  0.006540538
1422.974218750  0.006511219
1422.978125000  0.006511034
1422.982031250  0.006537217
1422.985937500  0.006514696
1422.989843750  0.006507926
1422.993750000  0.006529236
1422.997656250  0.006528103
1423.001562500  0.006544845
1423.005468750  0.006571171
1423.009375000  0.006620481
1423.013281250  0.006489253
1423.017187500  0.006594291
1423.021093750  0.006489712
1423.025000000  0.006520988
1423.028906250  0.006536085
1423.032812500  0.006556014
1423.036718750  0.006546352
1423.040625000  0.006564776
1423.044531250  0.006553820
1423.048437500  0.006490541
1423.052343750  0.006504956
1423.056250000  0.006596262
1423.060156250  0.006538514
1423.064062500  0.006544150
1423.067968750  0.006599444
1423.071875000  0.006564564
1423.075781250  0.006521250
1423.079687500  0.006559609
1423.083593750  0.006501252
1423.087500000  0.006565245
1423.091406250  0.006534486
1423.095312500  0.006499689
1423.099218750  0.006597174
1423.103125000  0.006626755
1423.107031250  0.006576691
1423.110937500  0.006549152
1423.114843750  0.006524052
1423.118750000  0.006573681
1423.122656250  0.006614433
1423.126562500  0.006567153
1423.130468750  0.006633915
1423.134375000  0.006519245
1423.138281250  0.006541347
1423.142187500  0.006574384
1423.146093750  0.006556342
1423.150000000  0.006656849
1423.153906250  0.006537132
1423.157812500  0.006586899
1423.161718750  0.006560235
1423.165625000  0.006578591
1423.169531250  0.006553575
1423.173437500  0.006609865
1423.177343750  0.006579968
1423.181250000  0.006570875
1423.185156250  0.006615677
1423.189062500  0.006566407
1423.192968750  0.006577025
1423.196875000  0.006613014
1423.200781250  0.006645445
1423.204687500  0.006613367
1423.208593750  0.006546295
1423.212500000  0.006578399
1423.216406250  0.006652228
1423.220312500  0.006580139
1423.224218750  0.006582054
1423.228125000  0.006611197
1423.232031250  0.006590446
1423.235937500  0.006659422
1423.239843750  0.006598969
1423.243750000  0.006621107
1423.247656250  0.006648560
1423.251562500  0.006652277
1423.255468750  0.006608347
1423.259375000  0.006620513
1423.263281250  0.006626531
1423.267187500  0.006590010
1423.271093750  0.006648666
1423.275000000  0.006646428
1423.278906250  0.006616435
1423.282812500  0.006622873
1423.286718750  0.006648725
1423.290625000  0.006646181
1423.294531250  0.006689250
1423.298437500  0.006625737
1423.302343750  0.006645154
1423.306250000  0.006715251
1423.310156250  0.006645885
1423.314062500  0.006623041
1423.317968750  0.006738200
1423.321875000  0.006678370
1423.325781250  0.006636816
1423.329687500  0.006703854
1423.333593750  0.006677161
1423.337500000  0.006698183
1423.341406250  0.006687355
1423.345312500  0.006600241
1423.349218750  0.006634622
1423.353125000  0.006650658
1423.357031250  0.006687767
1423.360937500  0.006677947
1423.364843750  0.006632780
1423.368750000  0.006610718
1423.372656250  0.006605920
1423.376562500  0.006669602
1423.380468750  0.006647478
1423.384375000  0.006655317
1423.388281250  0.006679386
1423.392187500  0.006708554
1423.396093750  0.006692339
1423.400000000  0.006638157
1423.403906250  0.006684280
1423.407812500  0.006666645
1423.411718750  0.006672496
1423.415625000  0.006749833
1423.419531250  0.006699561
1423.423437500  0.006710273
1423.427343750  0.006700163
1423.431250000  0.006707976
1423.435156250  0.006661269
1423.439062500  0.006777442
1423.442968750  0.006710839
1423.446875000  0.006700293
1423.450781250  0.006699269
1423.454687500  0.006750918
1423.458593750  0.006683252
1423.462500000  0.006764280
1423.466406250  0.006749777
1423.470312500  0.006735722
1423.474218750  0.006739997
1423.478125000  0.006784269
1423.482031250  0.006720240
1423.485937500  0.006762915
1423.489843750  0.006821354
1423.493750000  0.006776792
1423.497656250  0.006734449
1423.501562500  0.006715215
1423.505468750  0.006768023
1423.509375000  0.006759280
1423.513281250  0.006783380
1423.517187500  0.006776914
1423.521093750  0.006726190
1423.525000000  0.006813109
1423.528906250  0.006803054
1423.532812500  0.006888558
1423.536718750  0.006793016
1423.540625000  0.006748053
1423.544531250  0.006814355
1423.548437500  0.006882645
1423.552343750  0.006805050
1423.556250000  0.006818435
1423.560156250  0.006820118
1423.564062500  0.006794511
1423.567968750  0.006819912
1423.571875000  0.006835194
1423.575781250  0.006799005
1423.579687500  0.006869188
1423.583593750  0.006900284
1423.587500000  0.006803574
1423.591406250  0.006867148
1423.595312500  0.006819901
1423.599218750  0.006795078
1423.603125000  0.006845020
1423.607031250  0.006879187
1423.610937500  0.006845965
1423.614843750  0.006828844
1423.618750000  0.006824008
1423.622656250  0.006915375
1423.626562500  0.006876896
1423.630468750  0.006887369
1423.634375000  0.006820585
1423.638281250  0.006848883
1423.642187500  0.006893582
1423.646093750  0.006883303
1423.650000000  0.006827994
1423.653906250  0.006875281
1423.657812500  0.006863080
1423.661718750  0.006892528
1423.665625000  0.006905702
1423.669531250  0.006917642
1423.673437500  0.006884726
1423.677343750  0.006983018
1423.681250000  0.006853877
1423.685156250  0.006833071
1423.689062500  0.006922423
1423.692968750  0.006913087
1423.696875000  0.006909471
1423.700781250  0.006947464
1423.704687500  0.006877830
1423.708593750  0.006964499
1423.712500000  0.006934461
1423.716406250  0.006958258
1423.720312500  0.006938743
1423.724218750  0.007035067
1423.728125000  0.006935902
1423.732031250  0.006926665
1423.735937500  0.006973061
1423.739843750  0.006977091
1423.743750000  0.006943564
1423.747656250  0.006936663
1423.751562500  0.006990053
1423.755468750  0.006990997
1423.759375000  0.006957213
1423.763281250  0.006964602
1423.767187500  0.006996308
1423.771093750  0.007058140
1423.775000000  0.007054793
1423.778906250  0.007006870
1423.782812500  0.006927436
1423.786718750  0.006958434
1423.790625000  0.007075770
1423.794531250  0.007007769
1423.798437500  0.006976020
1423.802343750  0.006989116
1423.806250000  0.007012996
1423.810156250  0.007064232
1423.814062500  0.007015705
1423.817968750  0.007196305
1423.821875000  0.007039196
1423.825781250  0.007074985
1423.829687500  0.007053774
1423.833593750  0.007022011
1423.837500000  0.007063546
1423.841406250  0.007103475
1423.845312500  0.007114310
1423.849218750  0.007071405
1423.853125000  0.007009859
1423.857031250  0.007013805
1423.860937500  0.007087752
1423.864843750  0.007205098
1423.868750000  0.007190946
1423.872656250  0.007151381
1423.876562500  0.007098934
1423.880468750  0.007098393
1423.884375000  0.007137641
1423.888281250  0.007175836
1423.892187500  0.007084673
1423.896093750  0.007132819
1423.900000000  0.007113923
1423.903906250  0.007131596
1423.907812500  0.007162371
1423.911718750  0.007116413
1423.915625000  0.007170155
1423.919531250  0.007149839
1423.923437500  0.007158211
1423.927343750  0.007199730
1423.931250000  0.007161418
1423.935156250  0.007108557
1423.939062500  0.007138210
1423.942968750  0.007210397
1423.946875000  0.007195408
1423.950781250  0.007138302
1423.954687500  0.007166548
1423.958593750  0.007238018
1423.962500000  0.007276441
1423.966406250  0.007189118
1423.970312500  0.007192088
1423.974218750  0.007200831
1423.978125000  0.007259034
1423.982031250  0.007226273
1423.985937500  0.007488372
1423.989843750  0.007588051
1423.993750000  0.007361879
1423.997656250  0.008142785
1424.001562500  0.009177899
1424.005468750  0.007442272
1424.009375000  0.007456602
1424.013281250  0.007263282
1424.017187500  0.007279054
1424.021093750  0.007255409
1424.025000000  0.007259161
1424.028906250  0.007276710
1424.032812500  0.007172841
1424.036718750  0.007301481
1424.040625000  0.007259796
1424.044531250  0.007256223
1424.048437500  0.007268262
1424.052343750  0.007292771
1424.056250000  0.007358340
1424.060156250  0.007278003
1424.064062500  0.007313463
1424.067968750  0.007284046
1424.071875000  0.007307342
1424.075781250  0.007264379
1424.079687500  0.007271569
1424.083593750  0.007300511
1424.087500000  0.007317879
1424.091406250  0.007350371
1424.095312500  0.007365538
1424.099218750  0.007363101
1424.103125000  0.007452166
1424.107031250  0.007412677
1424.110937500  0.007308471
1424.114843750  0.007366975
1424.118750000  0.007380007
1424.122656250  0.007391445
1424.126562500  0.007346931
1424.130468750  0.007415163
1424.134375000  0.007369635
1424.138281250  0.007297945
1424.142187500  0.007430025
1424.146093750  0.007442141
1424.150000000  0.007616505
1424.153906250  0.007593702
1424.157812500  0.007418141
1424.161718750  0.007469283
1424.165625000  0.007566135
1424.169531250  0.007446165
1424.173437500  0.007449221
1424.177343750  0.007439740
1424.181250000  0.007494479
1424.185156250  0.007499500
1424.189062500  0.007598494
1424.192968750  0.007391167
1424.196875000  0.007487031
1424.200781250  0.007768299
1424.204687500  0.007416588
1424.208593750  0.007533594
1424.212500000  0.007578447
1424.216406250  0.007551201
1424.220312500  0.007595565
1424.224218750  0.007702759
1424.228125000  0.007586134
1424.232031250  0.007584186
1424.235937500  0.007565234
1424.239843750  0.007653076
1424.243750000  0.007582718
1424.247656250  0.007821636
1424.251562500  0.007650322
1424.255468750  0.007630892
1424.259375000  0.007547653
1424.263281250  0.007526589
1424.267187500  0.007569775
1424.271093750  0.007640821
1424.275000000  0.007640659
1424.278906250  0.007567230
1424.282812500  0.007504778
1424.286718750  0.007670412
1424.290625000  0.007501529
1424.294531250  0.007667926
1424.298437500  0.007553833
1424.302343750  0.007518065
1424.306250000  0.007546950
1424.310156250  0.007537516
1424.314062500  0.007493966
1424.317968750  0.007541733
1424.321875000  0.007583613
1424.325781250  0.007484857
1424.329687500  0.007562718
1424.333593750  0.007510858
1424.337500000  0.007594701
1424.341406250  0.007652222
1424.345312500  0.007595537
1424.349218750  0.007555322
1424.353125000  0.007525254
1424.357031250  0.007559702
1424.360937500  0.007540137
1424.364843750  0.007478793
1424.368750000  0.007539662
1424.372656250  0.007480427
1424.376562500  0.007493815
1424.380468750  0.007565823
1424.384375000  0.007561957
1424.388281250  0.007568225
1424.392187500  0.007693555
1424.396093750  0.007590041

