3000(10000)
1416.400000000  0.007062958
1416.403906250  0.007029362
1416.407812500  0.007073688
1416.411718750  0.007132519
1416.415625000  0.007146681
1416.419531250  0.007077787
1416.423437500  0.007132786
1416.427343750  0.007218856
1416.431250000  0.007083678
1416.435156250  0.007193687
1416.439062500  0.007223243
1416.442968750  0.007183553
1416.446875000  0.007100867
1416.450781250  0.007077359
1416.454687500  0.007061707
1416.458593750  0.007072660
1416.462500000  0.007081321
1416.466406250  0.007075133
1416.470312500  0.007073417
1416.474218750  0.007122715
1416.478125000  0.007161182
1416.482031250  0.007269790
1416.485937500  0.007399895
1416.489843750  0.007115811
1416.493750000  0.007038496
1416.497656250  0.007150955
1416.501562500  0.007181970
1416.505468750  0.007060716
1416.509375000  0.007046867
1416.513281250  0.007184696
1416.517187500  0.007075266
1416.521093750  0.007074282
1416.525000000  0.007088268
1416.528906250  0.007129400
1416.532812500  0.007319208
1416.536718750  0.007204637
1416.540625000  0.007146621
1416.544531250  0.007094786
1416.548437500  0.007032884
1416.552343750  0.007106079
1416.556250000  0.007039730
1416.560156250  0.007131395
1416.564062500  0.007059205
1416.567968750  0.007087294
1416.571875000  0.007134800
1416.575781250  0.007103821
1416.579687500  0.007284314
1416.583593750  0.007129869
1416.587500000  0.007181562
1416.591406250  0.007249284
1416.595312500  0.007181290
1416.599218750  0.007104046
1416.603125000  0.007060246
1416.607031250  0.007070990
1416.610937500  0.007129266
1416.614843750  0.007049473
1416.618750000  0.007071877
1416.622656250  0.007050481
1416.626562500  0.007249969
1416.630468750  0.007231103
1416.634375000  0.007172671
1416.638281250  0.007129818
1416.642187500  0.007156871
1416.646093750  0.007463366
1416.650000000  0.007408064
1416.653906250  0.007413760
1416.657812500  0.007208712
1416.661718750  0.007084166
1416.665625000  0.007092543
1416.669531250  0.007001707
1416.673437500  0.007109347
1416.677343750  0.007241826
1416.681250000  0.007055651
1416.685156250  0.007030469
1416.689062500  0.007117001
1416.692968750  0.007122013
1416.696875000  0.007094379
1416.700781250  0.007392386
1416.704687500  0.007198844
1416.708593750  0.007083772
1416.712500000  0.007075131
1416.716406250  0.007048051
1416.720312500  0.007042874
1416.724218750  0.007146237
1416.728125000  0.006939925
1416.732031250  0.007006557
1416.735937500  0.007028469
1416.739843750  0.006966307
1416.743750000  0.007004071
1416.747656250  0.007009152
1416.751562500  0.007126008
1416.755468750  0.007483285
1416.759375000  0.007150164
1416.763281250  0.007079066
1416.767187500  0.006976934
1416.771093750  0.007181231
1416.775000000  0.006952753
1416.778906250  0.006950976
1416.782812500  0.006997066
1416.786718750  0.007060487
1416.790625000  0.006988077
1416.794531250  0.007039837
1416.798437500  0.006966244
1416.802343750  0.007033291
1416.806250000  0.007229668
1416.810156250  0.009167657
1416.814062500  0.007949516
1416.817968750  0.007375364
1416.821875000  0.007085481
1416.825781250  0.007103325
1416.829687500  0.006982801
1416.833593750  0.007039467
1416.837500000  0.007133897
1416.841406250  0.007142551
1416.845312500  0.007104763
1416.849218750  0.007176338
1416.853125000  0.007295367
1416.857031250  0.007677421
1416.860937500  0.008922627
1416.864843750  0.020596178
1416.868750000  0.016012039
1416.872656250  0.008586045
1416.876562500  0.007533007
1416.880468750  0.007247809
1416.884375000  0.007153492
1416.888281250  0.007076053
1416.892187500  0.007127299
1416.896093750  0.007097313
1416.900000000  0.007015715
1416.903906250  0.007008512
1416.907812500  0.006948363
1416.911718750  0.007091321
1416.915625000  0.007281240
1416.919531250  0.008791443
1416.923437500  0.008016959
1416.927343750  0.007034456
1416.931250000  0.006940844
1416.935156250  0.006879154
1416.939062500  0.006880644
1416.942968750  0.006810315
1416.946875000  0.006864220
1416.950781250  0.006896514
1416.954687500  0.006797640
1416.958593750  0.006918283
1416.962500000  0.007058877
1416.966406250  0.006891917
1416.970312500  0.006947251
1416.974218750  0.007408765
1416.978125000  0.007241610
1416.982031250  0.006867790
1416.985937500  0.006878876
1416.989843750  0.006860495
1416.993750000  0.006858885
1416.997656250  0.007193298
1417.001562500  0.007715986
1417.005468750  0.006920282
1417.009375000  0.007066056
1417.013281250  0.006770854
1417.017187500  0.006760618
1417.021093750  0.006733474
1417.025000000  0.006915186
1417.028906250  0.007213480
1417.032812500  0.007158013
1417.036718750  0.006766759
1417.040625000  0.006753647
1417.044531250  0.006752696
1417.048437500  0.006736654
1417.052343750  0.006809980
1417.056250000  0.006889433
1417.060156250  0.006786358
1417.064062500  0.006812569
1417.067968750  0.006758305
1417.071875000  0.006833878
1417.075781250  0.006993165
1417.079687500  0.007266919
1417.083593750  0.007481615
1417.087500000  0.007269628
1417.091406250  0.006911867
1417.095312500  0.006813710
1417.099218750  0.006821571
1417.103125000  0.006930211
1417.107031250  0.006840238
1417.110937500  0.006722030
1417.114843750  0.006674936
1417.118750000  0.006679349
1417.122656250  0.006687883
1417.126562500  0.006678030
1417.130468750  0.006679735
1417.134375000  0.006762236
1417.138281250  0.006921524
1417.142187500  0.006839366
1417.146093750  0.006708158
1417.150000000  0.006785041
1417.153906250  0.006760136
1417.157812500  0.006669919
1417.161718750  0.006695740
1417.165625000  0.006696292
1417.169531250  0.006598800
1417.173437500  0.006634029
1417.177343750  0.006629463
1417.181250000  0.006698812
1417.185156250  0.006637546
1417.189062500  0.006689025
1417.192968750  0.006756525
1417.196875000  0.006771448
1417.200781250  0.006817210
1417.204687500  0.006631420
1417.208593750  0.006607637
1417.212500000  0.006572442
1417.216406250  0.006608626
1417.220312500  0.006545875
1417.224218750  0.006623696
1417.228125000  0.006547235
1417.232031250  0.006561428
1417.235937500  0.006535401
1417.239843750  0.006534088
1417.243750000  0.006670921
1417.247656250  0.006881762
1417.251562500  0.006736215
1417.255468750  0.006552615
1417.259375000  0.006588046
1417.263281250  0.006546671
1417.267187500  0.006483335
1417.271093750  0.006531374
1417.275000000  0.006568395
1417.278906250  0.006564058
1417.282812500  0.006551665
1417.286718750  0.006557314
1417.290625000  0.006544269
1417.294531250  0.006745310
1417.298437500  0.006576230
1417.302343750  0.006609412
1417.306250000  0.006612865
1417.310156250  0.006500742
1417.314062500  0.006529166
1417.317968750  0.006472854
1417.321875000  0.006551967
1417.325781250  0.006458502
1417.329687500  0.006435878
1417.333593750  0.006450963
1417.337500000  0.006552230
1417.341406250  0.006653254
1417.345312500  0.006576996
1417.349218750  0.006453469
1417.353125000  0.006537625
1417.357031250  0.006510758
1417.360937500  0.006524456
1417.364843750  0.006488533
1417.368750000  0.006483844
1417.372656250  0.006456252
1417.376562500  0.006509263
1417.380468750  0.006495877
1417.384375000  0.006504209
1417.388281250  0.006541417
1417.392187500  0.006583456
1417.396093750  0.006511310
1417.400000000  0.006482975
1417.403906250  0.006441563
1417.407812500  0.006464437
1417.411718750  0.006505140
1417.415625000  0.006531062
1417.419531250  0.006435022
1417.423437500  0.006394234
1417.427343750  0.006442276
1417.431250000  0.006482923
1417.435156250  0.006503799
1417.439062500  0.006556147
1417.442968750  0.006457141
1417.446875000  0.006483025
1417.450781250  0.006428277
1417.454687500  0.006489897
1417.458593750  0.006386451
1417.462500000  0.006335146
1417.466406250  0.006479857
1417.470312500  0.006421947
1417.474218750  0.006414441
1417.478125000  0.006413864
1417.482031250  0.006469708
1417.485937500  0.006593340
1417.489843750  0.006385381
1417.493750000  0.006346229
1417.497656250  0.006486988
1417.501562500  0.006428316
1417.505468750  0.006390677
1417.509375000  0.006348970
1417.513281250  0.006420862
1417.517187500  0.006390052
1417.521093750  0.006410324
1417.525000000  0.006418667
1417.528906250  0.006414795
1417.532812500  0.006612927
1417.536718750  0.006381603
1417.540625000  0.006367931
1417.544531250  0.006373651
1417.548437500  0.006322731
1417.552343750  0.006402725
1417.556250000  0.006401180
1417.560156250  0.006371413
1417.564062500  0.006413011
1417.567968750  0.006386237
1417.571875000  0.006385858
1417.575781250  0.006402985
1417.579687500  0.006532465
1417.583593750  0.006365157
1417.587500000  0.006381839
1417.591406250  0.006354191
1417.595312500  0.006371666
1417.599218750  0.006370215
1417.603125000  0.006351880
1417.607031250  0.006308629
1417.610937500  0.006331472
1417.614843750  0.006230315
1417.618750000  0.006393200
1417.622656250  0.006412301
1417.626562500  0.006437098
1417.630468750  0.006435932
1417.634375000  0.006363722
1417.638281250  0.006343321
1417.642187500  0.006359805
1417.646093750  0.006269867
1417.650000000  0.006300549
1417.653906250  0.006380438
1417.657812500  0.006318062
1417.661718750  0.006346117
1417.665625000  0.006314219
1417.669531250  0.006304971
1417.673437500  0.006362217
1417.677343750  0.006480242
1417.681250000  0.006325031
1417.685156250  0.006315873
1417.689062500  0.006385008
1417.692968750  0.006323927
1417.696875000  0.006272089
1417.700781250  0.006330362
1417.704687500  0.006300347
1417.708593750  0.006282995
1417.712500000  0.006321817
1417.716406250  0.006330866
1417.720312500  0.006297760
1417.724218750  0.006538747
1417.728125000  0.006306492
1417.732031250  0.006296496
1417.735937500  0.006355069
1417.739843750  0.006280008
1417.743750000  0.006361730
1417.747656250  0.006257733
1417.751562500  0.006266510
1417.755468750  0.006291751
1417.759375000  0.006276177
1417.763281250  0.006361851
1417.767187500  0.006336557
1417.771093750  0.006459572
1417.775000000  0.006380823
1417.778906250  0.006229139
1417.782812500  0.006243724
1417.786718750  0.006247993
1417.790625000  0.006298843
1417.794531250  0.006269407
1417.798437500  0.006320841
1417.802343750  0.006260436
1417.806250000  0.006255957
1417.810156250  0.006211243
1417.814062500  0.006335051
1417.817968750  0.006442719
1417.821875000  0.006277287
1417.825781250  0.006327937
1417.829687500  0.006250410
1417.833593750  0.006350334
1417.837500000  0.006264863
1417.841406250  0.006276841
1417.845312500  0.006257352
1417.849218750  0.006284229
1417.853125000  0.006239079
1417.857031250  0.006301497
1417.860937500  0.006221785
1417.864843750  0.006371312
1417.868750000  0.006365729
1417.872656250  0.006264773
1417.876562500  0.006260089
1417.880468750  0.006296089
1417.884375000  0.006236799
1417.888281250  0.006292153
1417.892187500  0.006316391
1417.896093750  0.006330341
1417.900000000  0.006198196
1417.903906250  0.006274175
1417.907812500  0.006322729
1417.911718750  0.006244443
1417.915625000  0.006362557
1417.919531250  0.006229088
1417.923437500  0.006278505
1417.927343750  0.006177903
1417.931250000  0.006223054
1417.935156250  0.006212015
1417.939062500  0.006253870
1417.942968750  0.006255308
1417.946875000  0.006278018
1417.950781250  0.006168850
1417.954687500  0.006249055
1417.958593750  0.006241331
1417.962500000  0.006384094
1417.966406250  0.006163787
1417.970312500  0.006199007
1417.974218750  0.006226457
1417.978125000  0.006234715
1417.982031250  0.006228619
1417.985937500  0.006260925
1417.989843750  0.006205747
1417.993750000  0.006183977
1417.997656250  0.006242004
1418.001562500  0.006239642
1418.005468750  0.006249044
1418.009375000  0.006372601
1418.013281250  0.006210034
1418.017187500  0.006281543
1418.021093750  0.006176759
1418.025000000  0.006223260
1418.028906250  0.006193534
1418.032812500  0.006159372
1418.036718750  0.006183890
1418.040625000  0.006222731
1418.044531250  0.006215189
1418.048437500  0.006236476
1418.052343750  0.006221529
1418.056250000  0.006417658
1418.060156250  0.006239936
1418.064062500  0.006183497
1418.067968750  0.006205044
1418.071875000  0.006224552
1418.075781250  0.006233108
1418.079687500  0.006185561
1418.083593750  0.006294772
1418.087500000  0.006233582
1418.091406250  0.006161093
1418.095312500  0.006214320
1418.099218750  0.006192148
1418.103125000  0.006320518
1418.107031250  0.006260850
1418.110937500  0.006176780
1418.114843750  0.006238817
1418.118750000  0.006224317
1418.122656250  0.006187641
1418.126562500  0.006235297
1418.130468750  0.006206474
1418.134375000  0.006224499
1418.138281250  0.006238362
1418.142187500  0.006251357
1418.146093750  0.006210317
1418.150000000  0.006225433
1418.153906250  0.006341001
1418.157812500  0.006188103
1418.161718750  0.006235495
1418.165625000  0.006209656
1418.169531250  0.006161280
1418.173437500  0.006148231
1418.177343750  0.006219868
1418.181250000  0.006233121
1418.185156250  0.006122314
1418.189062500  0.006222364
1418.192968750  0.006157484
1418.196875000  0.006206520
1418.200781250  0.006414939
1418.204687500  0.006288597
1418.208593750  0.006232245
1418.212500000  0.006173985
1418.216406250  0.006198119
1418.220312500  0.006146315
1418.224218750  0.006141400
1418.228125000  0.006195191
1418.232031250  0.006156249
1418.235937500  0.006191383
1418.239843750  0.006197978
1418.243750000  0.006205656
1418.247656250  0.006387426
1418.251562500  0.006209460
1418.255468750  0.006163205
1418.259375000  0.006174189
1418.263281250  0.006129602
1418.267187500  0.006139547
1418.271093750  0.006174321
1418.275000000  0.006208128
1418.278906250  0.006143509
1418.282812500  0.006136230
1418.286718750  0.006171000
1418.290625000  0.006252866
1418.294531250  0.006349778
1418.298437500  0.006163139
1418.302343750  0.006141864
1418.306250000  0.006213113
1418.310156250  0.006131280
1418.314062500  0.006156117
1418.317968750  0.006146431
1418.321875000  0.006176474
1418.325781250  0.006100230
1418.329687500  0.006149157
1418.333593750  0.006133037
1418.337500000  0.006192262
1418.341406250  0.006262071
1418.345312500  0.006285012
1418.349218750  0.006158223
1418.353125000  0.006221179
1418.357031250  0.006136661
1418.360937500  0.006225369
1418.364843750  0.006136555
1418.368750000  0.006213625
1418.372656250  0.006171102
1418.376562500  0.006153105
1418.380468750  0.006156098
1418.384375000  0.006177424
1418.388281250  0.006234379
1418.392187500  0.006260817
1418.396093750  0.006162430
1418.400000000  0.006210814
1418.403906250  0.006139815
1418.407812500  0.006200705
1418.411718750  0.006142703
1418.415625000  0.006155631
1418.419531250  0.006124955
1418.423437500  0.006183223
1418.427343750  0.006161076
1418.431250000  0.006147616
1418.435156250  0.006184213
1418.439062500  0.006351306
1418.442968750  0.006235792
1418.446875000  0.006162389
1418.450781250  0.006126731
1418.454687500  0.006200481
1418.458593750  0.006157590
1418.462500000  0.006205540
1418.466406250  0.006195460
1418.470312500  0.006167338
1418.474218750  0.006161947
1418.478125000  0.006171412
1418.482031250  0.006181373
1418.485937500  0.006372335
1418.489843750  0.006208335
1418.493750000  0.006151776
1418.497656250  0.006181363
1418.501562500  0.006194490
1418.505468750  0.006213964
1418.509375000  0.006200456
1418.513281250  0.006145561
1418.517187500  0.006196403
1418.521093750  0.006159710
1418.525000000  0.006137325
1418.528906250  0.006151554
1418.532812500  0.006459015
1418.536718750  0.006200426
1418.540625000  0.006137458
1418.544531250  0.006221401
1418.548437500  0.006165374
1418.552343750  0.006193769
1418.556250000  0.006190031
1418.560156250  0.006162464
1418.564062500  0.006189401
1418.567968750  0.006225926
1418.571875000  0.006154510
1418.575781250  0.006140660
1418.579687500  0.006263825
1418.583593750  0.006221581
1418.587500000  0.006133960
1418.591406250  0.006158491
1418.595312500  0.006181949
1418.599218750  0.006152500
1418.603125000  0.006161468
1418.607031250  0.006185063
1418.610937500  0.006182074
1418.614843750  0.006199808
1418.618750000  0.006220723
1418.622656250  0.006141227
1418.626562500  0.006270810
1418.630468750  0.006238962
1418.634375000  0.006185824
1418.638281250  0.006188116
1418.642187500  0.006198597
1418.646093750  0.006202865
1418.650000000  0.006235949
1418.653906250  0.006174179
1418.657812500  0.006213198
1418.661718750  0.006172949
1418.665625000  0.006183209
1418.669531250  0.006184640
1418.673437500  0.006270258
1418.677343750  0.006346923
1418.681250000  0.006214126
1418.685156250  0.006191832
1418.689062500  0.006194366
1418.692968750  0.006131750
1418.696875000  0.006232616
1418.700781250  0.006169270
1418.704687500  0.006194594
1418.708593750  0.006211088
1418.712500000  0.006227660
1418.716406250  0.006227149
1418.720312500  0.006180423
1418.724218750  0.006286738
1418.728125000  0.006171214
1418.732031250  0.006243531
1418.735937500  0.006187498
1418.739843750  0.006162720
1418.743750000  0.006175048
1418.747656250  0.006195976
1418.751562500  0.006184918
1418.755468750  0.006163952
1418.759375000  0.006173123
1418.763281250  0.006147294
1418.767187500  0.006193021
1418.771093750  0.006322427
1418.775000000  0.006186715
1418.778906250  0.006170250
1418.782812500  0.006215433
1418.786718750  0.006217521
1418.790625000  0.006143864
1418.794531250  0.006204308
1418.798437500  0.006143156
1418.802343750  0.006219315
1418.806250000  0.006166433
1418.810156250  0.006242029
1418.814062500  0.006250279
1418.817968750  0.006327901
1418.821875000  0.006224328
1418.825781250  0.006233060
1418.829687500  0.006148547
1418.833593750  0.006208585
1418.837500000  0.006262159
1418.841406250  0.006172041
1418.845312500  0.006159345
1418.849218750  0.006240692
1418.853125000  0.006182002
1418.857031250  0.006194092
1418.860937500  0.006211197
1418.864843750  0.006235425
1418.868750000  0.006253046
1418.872656250  0.006157424
1418.876562500  0.006206772
1418.880468750  0.006150955
1418.884375000  0.006227998
1418.888281250  0.006187935
1418.892187500  0.006221454
1418.896093750  0.006193299
1418.900000000  0.006205636
1418.903906250  0.006177467
1418.907812500  0.006255824
1418.911718750  0.006291807
1418.915625000  0.006404539
1418.919531250  0.006272118
1418.923437500  0.006220311
1418.927343750  0.006193552
1418.931250000  0.006211907
1418.935156250  0.006208433
1418.939062500  0.006244655
1418.942968750  0.006267930
1418.946875000  0.006212860
1418.950781250  0.006191023
1418.954687500  0.006164392
1418.958593750  0.006229797
1418.962500000  0.006374024
1418.966406250  0.006134180
1418.970312500  0.006226679
1418.974218750  0.006208819
1418.978125000  0.006199777
1418.982031250  0.006189343
1418.985937500  0.006189693
1418.989843750  0.006189965
1418.993750000  0.006137659
1418.997656250  0.006210855
1419.001562500  0.006226456
1419.005468750  0.006203717
1419.009375000  0.006408928
1419.013281250  0.006157824
1419.017187500  0.006154118
1419.021093750  0.006159940
1419.025000000  0.006199427
1419.028906250  0.006196393
1419.032812500  0.006224705
1419.036718750  0.006155922
1419.040625000  0.006160037
1419.044531250  0.006298254
1419.048437500  0.006166503
1419.052343750  0.006226491
1419.056250000  0.006313631
1419.060156250  0.006260973
1419.064062500  0.006151910
1419.067968750  0.006299577
1419.071875000  0.006195790
1419.075781250  0.006204715
1419.079687500  0.006237146
1419.083593750  0.006146508
1419.087500000  0.006222908
1419.091406250  0.006212858
1419.095312500  0.006200446
1419.099218750  0.006190766
1419.103125000  0.006312224
1419.107031250  0.006234110
1419.110937500  0.006223075
1419.114843750  0.006202396
1419.118750000  0.006229553
1419.122656250  0.006229587
1419.126562500  0.006206303
1419.130468750  0.006198637
1419.134375000  0.006920321
1419.138281250  0.006245579
1419.142187500  0.006225674
1419.146093750  0.006256205
1419.150000000  0.006229004
1419.153906250  0.006331711
1419.157812500  0.006262270
1419.161718750  0.006179061
1419.165625000  0.006198013
1419.169531250  0.006173761
1419.173437500  0.006206508
1419.177343750  0.006204454
1419.181250000  0.006214059
1419.185156250  0.006237594
1419.189062500  0.006194937
1419.192968750  0.006257290
1419.196875000  0.006247384
1419.200781250  0.006426400
1419.204687500  0.006264379
1419.208593750  0.006148542
1419.212500000  0.006213230
1419.216406250  0.006154059
1419.220312500  0.006298098
1419.224218750  0.006220562
1419.228125000  0.006240225
1419.232031250  0.006168747
1419.235937500  0.006200333
1419.239843750  0.006199752
1419.243750000  0.006187825
1419.247656250  0.006410436
1419.251562500  0.006200462
1419.255468750  0.006225371
1419.259375000  0.006225045
1419.263281250  0.006170492
1419.267187500  0.006220287
1419.271093750  0.006191947
1419.275000000  0.006196024
1419.278906250  0.006237667
1419.282812500  0.006199033
1419.286718750  0.006215594
1419.290625000  0.006169472
1419.294531250  0.006375060
1419.298437500  0.006260266
1419.302343750  0.006231607
1419.306250000  0.006203400
1419.310156250  0.006160960
1419.314062500  0.006192869
1419.317968750  0.006180313
1419.321875000  0.006173973
1419.325781250  0.006270109
1419.329687500  0.006228521
1419.333593750  0.006249837
1419.337500000  0.006218711
1419.341406250  0.006339907
1419.345312500  0.006229079
1419.349218750  0.006249583
1419.353125000  0.006225285
1419.357031250  0.006188012
1419.360937500  0.006255801
1419.364843750  0.006208331
1419.368750000  0.006218130
1419.372656250  0.006204187
1419.376562500  0.006222480
1419.380468750  0.006203095
1419.384375000  0.006274455
1419.388281250  0.006300356
1419.392187500  0.006265423
1419.396093750  0.006190180
1419.400000000  0.006207231
1419.403906250  0.006200078
1419.407812500  0.006224404
1419.411718750  0.006154041
1419.415625000  0.006196138
1419.419531250  0.006201097
1419.423437500  0.006223728
1419.427343750  0.006148191
1419.431250000  0.006252948
1419.435156250  0.006225551
1419.439062500  0.006356938
1419.442968750  0.006201369
1419.446875000  0.006121987
1419.450781250  0.006186371
1419.454687500  0.006177274
1419.458593750  0.006226155
1419.462500000  0.006165778
1419.466406250  0.006174405
1419.470312500  0.006166930
1419.474218750  0.006190294
1419.478125000  0.006144086
1419.482031250  0.006212384
1419.485937500  0.006333693
1419.489843750  0.006269002
1419.493750000  0.006180428
1419.497656250  0.006205917
1419.501562500  0.006235595
1419.505468750  0.006198004
1419.509375000  0.006169814
1419.513281250  0.006179293
1419.517187500  0.006183147
1419.521093750  0.006180889
1419.525000000  0.006177149
1419.528906250  0.006202064
1419.532812500  0.006376516
1419.536718750  0.006210020
1419.540625000  0.006178668
1419.544531250  0.006211294
1419.548437500  0.006207106
1419.552343750  0.006138850
1419.556250000  0.006178715
1419.560156250  0.006142594
1419.564062500  0.006199591
1419.567968750  0.006196517
1419.571875000  0.006187524
1419.575781250  0.006167300
1419.579687500  0.006261407
1419.583593750  0.006183608
1419.587500000  0.006208445
1419.591406250  0.006243154
1419.595312500  0.006165936
1419.599218750  0.006171681
1419.603125000  0.006210208
1419.607031250  0.006168828
1419.610937500  0.006141866
1419.614843750  0.006224028
1419.618750000  0.006205011
1419.622656250  0.006223020
1419.626562500  0.006284355
1419.630468750  0.006218431
1419.634375000  0.006197973
1419.638281250  0.006184546
1419.642187500  0.006165047
1419.646093750  0.006152853
1419.650000000  0.006131444
1419.653906250  0.006168459
1419.657812500  0.006146104
1419.661718750  0.006199311
1419.665625000  0.006187273
1419.669531250  0.006169502
1419.673437500  0.006155702
1419.677343750  0.006213586
1419.681250000  0.006235236
1419.685156250  0.006151594
1419.689062500  0.006148671
1419.692968750  0.006182156
1419.696875000  0.006213641
1419.700781250  0.006187836
1419.704687500  0.006176676
1419.708593750  0.006187329
1419.712500000  0.006160015
1419.716406250  0.006158203
1419.720312500  0.006159395
1419.724218750  0.006357948
1419.728125000  0.006169879
1419.732031250  0.006186437
1419.735937500  0.006153261
1419.739843750  0.006157426
1419.743750000  0.006229789
1419.747656250  0.006198090
1419.751562500  0.006143529
1419.755468750  0.006145037
1419.759375000  0.006193704
1419.763281250  0.006110439
1419.767187500  0.006226762
1419.771093750  0.006274511
1419.775000000  0.006162031
1419.778906250  0.006155152
1419.782812500  0.006146319
1419.786718750  0.006126410
1419.790625000  0.006134122
1419.794531250  0.006193766
1419.798437500  0.006160494
1419.802343750  0.006174122
1419.806250000  0.006129478
1419.810156250  0.006194550
1419.814062500  0.006138635
1419.817968750  0.006314137
1419.821875000  0.006147311
1419.825781250  0.006157594
1419.829687500  0.006173607
1419.833593750  0.006164108
1419.837500000  0.006160634
1419.841406250  0.006208401
1419.845312500  0.006119887
1419.849218750  0.006214483
1419.853125000  0.006234154
1419.857031250  0.006198412
1419.860937500  0.006179180
1419.864843750  0.006314943
1419.868750000  0.006184789
1419.872656250  0.006189834
1419.876562500  0.006196307
1419.880468750  0.006186695
1419.884375000  0.006141493
1419.888281250  0.006189666
1419.892187500  0.006204486
1419.896093750  0.006185620
1419.900000000  0.006158776
1419.903906250  0.006186717
1419.907812500  0.006186110
1419.911718750  0.006247847
1419.915625000  0.006298207
1419.919531250  0.006188993
1419.923437500  0.006143741
1419.927343750  0.006174764
1419.931250000  0.006160798
1419.935156250  0.006133170
1419.939062500  0.006161917
1419.942968750  0.006222315
1419.946875000  0.006168925
1419.950781250  0.006175226
1419.954687500  0.006164356
1419.958593750  0.006171653
1419.962500000  0.006298714
1419.966406250  0.006154148
1419.970312500  0.006243988
1419.974218750  0.006239731
1419.978125000  0.006226344
1419.982031250  0.006376820
1419.985937500  0.007575499
1419.989843750  0.007576093
1419.993750000  0.006671952
1419.997656250  0.008529726
1420.001562500  0.010776828
1420.005468750  0.006657509
1420.009375000  0.006427584
1420.013281250  0.006322491
1420.017187500  0.006249102
1420.021093750  0.006255046
1420.025000000  0.006232483
1420.028906250  0.006207280
1420.032812500  0.006220296
1420.036718750  0.006186223
1420.040625000  0.006246878
1420.044531250  0.006180166
1420.048437500  0.006176797
1420.052343750  0.006257026
1420.056250000  0.006212425
1420.060156250  0.006203014
1420.064062500  0.006157814
1420.067968750  0.006158274
1420.071875000  0.006252249
1420.075781250  0.006214154
1420.079687500  0.006228309
1420.083593750  0.006122396
1420.087500000  0.006243688
1420.091406250  0.006170864
1420.095312500  0.006183369
1420.099218750  0.006179781
1420.103125000  0.006247655
1420.107031250  0.006261000
1420.110937500  0.006166231
1420.114843750  0.006210997
1420.118750000  0.006115500
1420.122656250  0.006187827
1420.126562500  0.006162765
1420.130468750  0.006190171
1420.134375000  0.006185560
1420.138281250  0.006213042
1420.142187500  0.006167568
1420.146093750  0.006210275
1420.150000000  0.006203798
1420.153906250  0.006279500
1420.157812500  0.006162765
1420.161718750  0.006195832
1420.165625000  0.006177099
1420.169531250  0.006171277
1420.173437500  0.006173249
1420.177343750  0.006223389
1420.181250000  0.006181364
1420.185156250  0.006191260
1420.189062500  0.006181605
1420.192968750  0.006216335
1420.196875000  0.006211151
1420.200781250  0.006289952
1420.204687500  0.006135613
1420.208593750  0.006189650
1420.212500000  0.006179068
1420.216406250  0.006212230
1420.220312500  0.006159503
1420.224218750  0.006205688
1420.228125000  0.006136786
1420.232031250  0.006140431
1420.235937500  0.006168332
1420.239843750  0.006154437
1420.243750000  0.006160273
1420.247656250  0.006272682
1420.251562500  0.006128977
1420.255468750  0.006213695
1420.259375000  0.006170052
1420.263281250  0.006210334
1420.267187500  0.006161831
1420.271093750  0.006188741
1420.275000000  0.006195733
1420.278906250  0.006156186
1420.282812500  0.006127993
1420.286718750  0.006170096
1420.290625000  0.006183988
1420.294531250  0.006264226
1420.298437500  0.006212617
1420.302343750  0.006189501
1420.306250000  0.006276562
1420.310156250  0.006145309
1420.314062500  0.006166384
1420.317968750  0.006221180
1420.321875000  0.006237173
1420.325781250  0.006146460
1420.329687500  0.006196671
1420.333593750  0.006177221
1420.337500000  0.006202110
1420.341406250  0.006239117
1420.345312500  0.006282941
1420.349218750  0.006234591
1420.353125000  0.006190636
1420.357031250  0.006267106
1420.360937500  0.006337716
1420.364843750  0.006240354
1420.368750000  0.006296776
1420.372656250  0.006328829
1420.376562500  0.006257535
1420.380468750  0.006312623
1420.384375000  0.006356569
1420.388281250  0.006341669
1420.392187500  0.006424462
1420.396093750  0.006324065
1420.400000000  0.007365892
1420.403906250  0.006329579
1420.407812500  0.006437265
1420.411718750  0.006362120
1420.415625000  0.006346083
1420.419531250  0.006288484
1420.423437500  0.006309793
1420.427343750  0.006346070
1420.431250000  0.006323581
1420.435156250  0.006373270
1420.439062500  0.006427336
1420.442968750  0.006315154
1420.446875000  0.006265847
1420.450781250  0.006238120
1420.454687500  0.006254609
1420.458593750  0.006250617
1420.462500000  0.006207636
1420.466406250  0.006235205
1420.470312500  0.006231255
1420.474218750  0.006224988
1420.478125000  0.006225085
1420.482031250  0.006214552
1420.485937500  0.006318290
1420.489843750  0.006248683
1420.493750000  0.006192927
1420.497656250  0.006218158
1420.501562500  0.006188313
1420.505468750  0.006199454
1420.509375000  0.006105658
1420.513281250  0.006193709
1420.517187500  0.006123134
1420.521093750  0.006174521
1420.525000000  0.006152586
1420.528906250  0.006159588
1420.532812500  0.006296252
1420.536718750  0.006124391
1420.540625000  0.006189234
1420.544531250  0.006186453
1420.548437500  0.006134741
1420.552343750  0.006111159
1420.556250000  0.006175055
1420.560156250  0.006200566
1420.564062500  0.006162829
1420.567968750  0.006179075
1420.571875000  0.006141086
1420.575781250  0.006169905
1420.579687500  0.006234063
1420.583593750  0.006178551
1420.587500000  0.006169616
1420.591406250  0.006170123
1420.595312500  0.006183913
1420.599218750  0.006198005
1420.603125000  0.006194145
1420.607031250  0.006121409
1420.610937500  0.006120226
1420.614843750  0.006133532
1420.618750000  0.006122661
1420.622656250  0.006081970
1420.626562500  0.006154411
1420.630468750  0.006168054
1420.634375000  0.006185929
1420.638281250  0.006079346
1420.642187500  0.006136130
1420.646093750  0.006087342
1420.650000000  0.006150721
1420.653906250  0.006090597
1420.657812500  0.006116268
1420.661718750  0.006111827
1420.665625000  0.006111858
1420.669531250  0.006110864
1420.673437500  0.006116795
1420.677343750  0.006160374
1420.681250000  0.006131060
1420.685156250  0.006130989
1420.689062500  0.006142755
1420.692968750  0.006146213
1420.696875000  0.006094398
1420.700781250  0.006108810
1420.704687500  0.006138442
1420.708593750  0.006089953
1420.712500000  0.006137009
1420.716406250  0.006038793
1420.720312500  0.006106765
1420.724218750  0.006201278
1420.728125000  0.006079165
1420.732031250  0.006117701
1420.735937500  0.006127551
1420.739843750  0.006086193
1420.743750000  0.006129618
1420.747656250  0.006143034
1420.751562500  0.006067176
1420.755468750  0.006172754
1420.759375000  0.006086688
1420.763281250  0.006119097
1420.767187500  0.006077712
1420.771093750  0.006186288
1420.775000000  0.006051965
1420.778906250  0.006174991
1420.782812500  0.006102008
1420.786718750  0.006093144
1420.790625000  0.006132143
1420.794531250  0.006080377
1420.798437500  0.006041906
1420.802343750  0.006074489
1420.806250000  0.006083978
1420.810156250  0.006139339
1420.814062500  0.006108021
1420.817968750  0.006191262
1420.821875000  0.006068066
1420.825781250  0.006102466
1420.829687500  0.006059316
1420.833593750  0.006104989
1420.837500000  0.006081504
1420.841406250  0.006069690
1420.845312500  0.006100776
1420.849218750  0.006097805
1420.853125000  0.006081735
1420.857031250  0.006101139
1420.860937500  0.006136723
1420.864843750  0.006164657
1420.868750000  0.006110559
1420.872656250  0.006127662
1420.876562500  0.006065341
1420.880468750  0.006101548
1420.884375000  0.006172312
1420.888281250  0.006080143
1420.892187500  0.006108137
1420.896093750  0.006115095
1420.900000000  0.006043731
1420.903906250  0.006069365
1420.907812500  0.006021821
1420.911718750  0.006074733
1420.915625000  0.006116380
1420.919531250  0.006084868
1420.923437500  0.006085278
1420.927343750  0.006055536
1420.931250000  0.006095050
1420.935156250  0.006077573
1420.939062500  0.006077752
1420.942968750  0.006099518
1420.946875000  0.006121375
1420.950781250  0.006138434
1420.954687500  0.006079375
1420.958593750  0.006091415
1420.962500000  0.006148410
1420.966406250  0.006099747
1420.970312500  0.006109328
1420.974218750  0.006126292
1420.978125000  0.006041630
1420.982031250  0.006079300
1420.985937500  0.006077590
1420.989843750  0.006082606
1420.993750000  0.006124030
1420.997656250  0.006058008
1421.001562500  0.006103137
1421.005468750  0.006096339
1421.009375000  0.006161702
1421.013281250  0.006060670
1421.017187500  0.006111902
1421.021093750  0.006080508
1421.025000000  0.006094886
1421.028906250  0.006116721
1421.032812500  0.006085025
1421.036718750  0.006103907
1421.040625000  0.006059200
1421.044531250  0.006068016
1421.048437500  0.006112340
1421.052343750  0.006087184
1421.056250000  0.006182639
1421.060156250  0.006092446
1421.064062500  0.006055742
1421.067968750  0.006083492
1421.071875000  0.006049941
1421.075781250  0.006073560
1421.079687500  0.006067368
1421.083593750  0.006073928
1421.087500000  0.006083632
1421.091406250  0.006104011
1421.095312500  0.006094562
1421.099218750  0.006095906
1421.103125000  0.006170709
1421.107031250  0.006167936
1421.110937500  0.006099106
1421.114843750  0.006081198
1421.118750000  0.006084323
1421.122656250  0.006105632
1421.126562500  0.006109160
1421.130468750  0.006050972
1421.134375000  0.006088518
1421.138281250  0.006101884
1421.142187500  0.006042046
1421.146093750  0.006080815
1421.150000000  0.006114513
1421.153906250  0.006058318
1421.157812500  0.006110122
1421.161718750  0.006062971
1421.165625000  0.006013800
1421.169531250  0.006041990
1421.173437500  0.006080890
1421.177343750  0.006085278
1421.181250000  0.006125169
1421.185156250  0.006061481
1421.189062500  0.006061286
1421.192968750  0.006029340
1421.196875000  0.006085637
1421.200781250  0.006152598
1421.204687500  0.006129152
1421.208593750  0.006081110
1421.212500000  0.006037714
1421.216406250  0.006073794
1421.220312500  0.006104603
1421.224218750  0.006101212
1421.228125000  0.006087055
1421.232031250  0.006091569
1421.235937500  0.006067689
1421.239843750  0.006061675
1421.243750000  0.006075372
1421.247656250  0.006177225
1421.251562500  0.006089227
1421.255468750  0.006097945
1421.259375000  0.006081197
1421.263281250  0.006089277
1421.267187500  0.006087254
1421.271093750  0.006112244
1421.275000000  0.006139610
1421.278906250  0.006078107
1421.282812500  0.006113656
1421.286718750  0.006099285
1421.290625000  0.006136464
1421.294531250  0.006124493
1421.298437500  0.006081209
1421.302343750  0.006140780
1421.306250000  0.006082142
1421.310156250  0.006095006
1421.314062500  0.006145437
1421.317968750  0.006203444
1421.321875000  0.006080893
1421.325781250  0.006071365
1421.329687500  0.006114050
1421.333593750  0.006090182
1421.337500000  0.006113718
1421.341406250  0.006129244
1421.345312500  0.006119202
1421.349218750  0.006060846
1421.353125000  0.006048542
1421.357031250  0.006129134
1421.360937500  0.006064037
1421.364843750  0.006012169
1421.368750000  0.006110864
1421.372656250  0.006098080
1421.376562500  0.006088483
1421.380468750  0.006127604
1421.384375000  0.006114112
1421.388281250  0.006168782
1421.392187500  0.006093910
1421.396093750  0.006149815
1421.400000000  0.006207299
1421.403906250  0.006097991
1421.407812500  0.006155357
1421.411718750  0.006031307
1421.415625000  0.006085778
1421.419531250  0.006128715
1421.423437500  0.006128032
1421.427343750  0.006105024
1421.431250000  0.006094557
1421.435156250  0.006172502
1421.439062500  0.006149972
1421.442968750  0.006132546
1421.446875000  0.006085670
1421.450781250  0.006126718
1421.454687500  0.006109981
1421.458593750  0.006072268
1421.462500000  0.006030908
1421.466406250  0.006078270
1421.470312500  0.006174258
1421.474218750  0.006144655
1421.478125000  0.006133211
1421.482031250  0.006099079
1421.485937500  0.006268969
1421.489843750  0.006116420
1421.493750000  0.006105708
1421.497656250  0.006059304
1421.501562500  0.006087196
1421.505468750  0.006147049
1421.509375000  0.006080232
1421.513281250  0.006117023
1421.517187500  0.006054675
1421.521093750  0.006065384
1421.525000000  0.006051642
1421.528906250  0.006174312
1421.532812500  0.006127599
1421.536718750  0.006070622
1421.540625000  0.006169744
1421.544531250  0.006094822
1421.548437500  0.006087483
1421.552343750  0.006117993
1421.556250000  0.006088451
1421.560156250  0.006127811
1421.564062500  0.006163181
1421.567968750  0.006058146
1421.571875000  0.006191471
1421.575781250  0.006133397
1421.579687500  0.006208135
1421.583593750  0.006116529
1421.587500000  0.006124487
1421.591406250  0.006116744
1421.595312500  0.006109955
1421.599218750  0.006122257
1421.603125000  0.006086175
1421.607031250  0.006049307
1421.610937500  0.006135866
1421.614843750  0.006072598
1421.618750000  0.006078395
1421.622656250  0.006098237
1421.626562500  0.006140253
1421.630468750  0.006122056
1421.634375000  0.006067276
1421.638281250  0.006114012
1421.642187500  0.006057697
1421.646093750  0.006086634
1421.650000000  0.006109194
1421.653906250  0.006043962
1421.657812500  0.006077923
1421.661718750  0.006084151
1421.665625000  0.006068422
1421.669531250  0.006046810
1421.673437500  0.006102155
1421.677343750  0.006114534
1421.681250000  0.006103801
1421.685156250  0.006033433
1421.689062500  0.006057352
1421.692968750  0.006126277
1421.696875000  0.006058601
1421.700781250  0.006050469
1421.704687500  0.006084916
1421.708593750  0.006039204
1421.712500000  0.006117309
1421.716406250  0.006056504
1421.720312500  0.005990419
1421.724218750  0.006138032
1421.728125000  0.006073751
1421.732031250  0.006109505
1421.735937500  0.006043286
1421.739843750  0.006066302
1421.743750000  0.006092693
1421.747656250  0.006090908
1421.751562500  0.006121619
1421.755468750  0.006069638
1421.759375000  0.006127803
1421.763281250  0.006060975
1421.767187500  0.006072027
1421.771093750  0.006114870
1421.775000000  0.006092456
1421.778906250  0.006119851
1421.782812500  0.006110564
1421.786718750  0.006091797
1421.790625000  0.006047363
1421.794531250  0.006056318
1421.798437500  0.006068051
1421.802343750  0.006045073
1421.806250000  0.006092574
1421.810156250  0.006051105
1421.814062500  0.006041161
1421.817968750  0.006126372
1421.821875000  0.005998212
1421.825781250  0.006078010
1421.829687500  0.006033001
1421.833593750  0.006063416
1421.837500000  0.006028399
1421.841406250  0.006073852
1421.845312500  0.005991155
1421.849218750  0.006005059
1421.853125000  0.006031311
1421.857031250  0.006073683
1421.860937500  0.006011012
1421.864843750  0.006067284
1421.868750000  0.006090572
1421.872656250  0.006051082
1421.876562500  0.006088270
1421.880468750  0.006018676
1421.884375000  0.006038918
1421.888281250  0.006062808
1421.892187500  0.006088433
1421.896093750  0.005989785
1421.900000000  0.006020735
1421.903906250  0.005996892
1421.907812500  0.006037434
1421.911718750  0.006106887
1421.915625000  0.006072789
1421.919531250  0.006078723
1421.923437500  0.006044242
1421.927343750  0.006017725
1421.931250000  0.006064535
1421.935156250  0.006043361
1421.939062500  0.006014371
1421.942968750  0.006026579
1421.946875000  0.005976713
1421.950781250  0.006057615
1421.954687500  0.006004805
1421.958593750  0.006009087
1421.962500000  0.006068474
1421.966406250  0.005980784
1421.970312500  0.006070888
1421.974218750  0.006015654
1421.978125000  0.006011219
1421.982031250  0.006079212
1421.985937500  0.006046124
1421.989843750  0.006010265
1421.993750000  0.006014577
1421.997656250  0.005984611
1422.001562500  0.006030819
1422.005468750  0.006082911
1422.009375000  0.006048966
1422.013281250  0.006007368
1422.017187500  0.005963055
1422.021093750  0.006034505
1422.025000000  0.006038565
1422.028906250  0.006007867
1422.032812500  0.006041411
1422.036718750  0.006076236
1422.040625000  0.005985421
1422.044531250  0.006050338
1422.048437500  0.006014311
1422.052343750  0.006052914
1422.056250000  0.005958267
1422.060156250  0.005991928
1422.064062500  0.006016439
1422.067968750  0.005954842
1422.071875000  0.006009064
1422.075781250  0.005992548
1422.079687500  0.006010558
1422.083593750  0.006024755
1422.087500000  0.005954032
1422.091406250  0.005999917
1422.095312500  0.006013504
1422.099218750  0.006018440
1422.103125000  0.006009849
1422.107031250  0.006019737
1422.110937500  0.005998165
1422.114843750  0.006025025
1422.118750000  0.005958654
1422.122656250  0.005997615
1422.126562500  0.005979025
1422.130468750  0.005981072
1422.134375000  0.006003673
1422.138281250  0.006036439
1422.142187500  0.005973779
1422.146093750  0.006006613
1422.150000000  0.006038418
1422.153906250  0.005992590
1422.157812500  0.005978113
1422.161718750  0.006022678
1422.165625000  0.005952251
1422.169531250  0.005969052
1422.173437500  0.005985799
1422.177343750  0.006035464
1422.181250000  0.006015847
1422.185156250  0.005984286
1422.189062500  0.005976082
1422.192968750  0.006006638
1422.196875000  0.005980564
1422.200781250  0.006006782
1422.204687500  0.005981619
1422.208593750  0.005965532
1422.212500000  0.006007769
1422.216406250  0.006043867
1422.220312500  0.006011230
1422.224218750  0.005990227
1422.228125000  0.005997882
1422.232031250  0.005984890
1422.235937500  0.005974150
1422.239843750  0.005916592
1422.243750000  0.005995417
1422.247656250  0.006042640
1422.251562500  0.005962970
1422.255468750  0.006008552
1422.259375000  0.005909851
1422.263281250  0.005987856
1422.267187500  0.005959023
1422.271093750  0.005968301
1422.275000000  0.005991081
1422.278906250  0.005977388
1422.282812500  0.005974431
1422.286718750  0.005960645
1422.290625000  0.006011159
1422.294531250  0.006011706
1422.298437500  0.005960296
1422.302343750  0.005964274
1422.306250000  0.005948585
1422.310156250  0.005967149
1422.314062500  0.005961540
1422.317968750  0.005954147
1422.321875000  0.005935288
1422.325781250  0.005941855
1422.329687500  0.006005367
1422.333593750  0.005962654
1422.337500000  0.006018523
1422.341406250  0.006023498
1422.345312500  0.005950966
1422.349218750  0.005939770
1422.353125000  0.005961595
1422.357031250  0.005971266
1422.360937500  0.005961536
1422.364843750  0.005992576
1422.368750000  0.006010822
1422.372656250  0.005901374
1422.376562500  0.006014255
1422.380468750  0.005959234
1422.384375000  0.005986239
1422.388281250  0.005999115
1422.392187500  0.005951643
1422.396093750  0.005959572
1422.400000000  0.006022853
1422.403906250  0.006004883
1422.407812500  0.005954870
1422.411718750  0.006030527
1422.415625000  0.005938007
1422.419531250  0.005939108
1422.423437500  0.005939890
1422.427343750  0.005914592
1422.431250000  0.005921939
1422.435156250  0.006074105
1422.439062500  0.005964964
1422.442968750  0.005990670
1422.446875000  0.005916591
1422.450781250  0.005990656
1422.454687500  0.005981691
1422.458593750  0.006020223
1422.462500000  0.005918220
1422.466406250  0.006016579
1422.470312500  0.005991883
1422.474218750  0.005938952
1422.478125000  0.005958171
1422.482031250  0.005961738
1422.485937500  0.006045720
1422.489843750  0.006003355
1422.493750000  0.005963886
1422.497656250  0.005926740
1422.501562500  0.005985178
1422.505468750  0.005942430
1422.509375000  0.005941989
1422.513281250  0.005988787
1422.517187500  0.005914551
1422.521093750  0.005955099
1422.525000000  0.005957154
1422.528906250  0.006001665
1422.532812500  0.005983738
1422.536718750  0.005971818
1422.540625000  0.005928231
1422.544531250  0.005927987
1422.548437500  0.005960127
1422.552343750  0.005970655
1422.556250000  0.006013423
1422.560156250  0.005997133
1422.564062500  0.006017499
1422.567968750  0.005954943
1422.571875000  0.005927899
1422.575781250  0.005923646
1422.579687500  0.005946905
1422.583593750  0.005939141
1422.587500000  0.005954139
1422.591406250  0.005989877
1422.595312500  0.005954794
1422.599218750  0.006049326
1422.603125000  0.006001588
1422.607031250  0.005946775
1422.610937500  0.005959588
1422.614843750  0.005940550
1422.618750000  0.005946177
1422.622656250  0.005936373
1422.626562500  0.006081613
1422.630468750  0.005984678
1422.634375000  0.006000107
1422.638281250  0.005976366
1422.642187500  0.006012444
1422.646093750  0.005995844
1422.650000000  0.006022417
1422.653906250  0.005974708
1422.657812500  0.005982306
1422.661718750  0.005968136
1422.665625000  0.005999098
1422.669531250  0.005966281
1422.673437500  0.006008584
1422.677343750  0.005986950
1422.681250000  0.005948618
1422.685156250  0.005973155
1422.689062500  0.005972320
1422.692968750  0.005937060
1422.696875000  0.005947976
1422.700781250  0.006029209
1422.704687500  0.006006616
1422.708593750  0.005924030
1422.712500000  0.006008181
1422.716406250  0.005952677
1422.720312500  0.006037641
1422.724218750  0.006042549
1422.728125000  0.005983473
1422.732031250  0.005996635
1422.735937500  0.006031622
1422.739843750  0.006013906
1422.743750000  0.006046442
1422.747656250  0.005960447
1422.751562500  0.005973575
1422.755468750  0.005960080
1422.759375000  0.005997698
1422.763281250  0.005977596
1422.767187500  0.005948285
1422.771093750  0.006001156
1422.775000000  0.005970247
1422.778906250  0.006003146
1422.782812500  0.005954809
1422.786718750  0.005970028
1422.790625000  0.006027929
1422.794531250  0.005982598
1422.798437500  0.006041544
1422.802343750  0.006098396
1422.806250000  0.005910128
1422.810156250  0.005994189
1422.814062500  0.005958873
1422.817968750  0.006035231
1422.821875000  0.006012474
1422.825781250  0.006006268
1422.829687500  0.005947594
1422.833593750  0.005999656
1422.837500000  0.006007190
1422.841406250  0.006007394
1422.845312500  0.006054050
1422.849218750  0.005971596
1422.853125000  0.005946800
1422.857031250  0.005985333
1422.860937500  0.006007493
1422.864843750  0.005996241
1422.868750000  0.006060666
1422.872656250  0.006015401
1422.876562500  0.006042143
1422.880468750  0.005980894
1422.884375000  0.005999067
1422.888281250  0.006074610
1422.892187500  0.006058529
1422.896093750  0.005989809
1422.900000000  0.006036374
1422.903906250  0.005991783
1422.907812500  0.005968453
1422.911718750  0.006002719
1422.915625000  0.006069905
1422.919531250  0.006052177
1422.923437500  0.006064219
1422.927343750  0.005942901
1422.931250000  0.006035908
1422.935156250  0.006022519
1422.939062500  0.006023957
1422.942968750  0.006025523
1422.946875000  0.006024627
1422.950781250  0.006043751
1422.954687500  0.006004255
1422.958593750  0.006003572
1422.962500000  0.006089455
1422.966406250  0.006025680
1422.970312500  0.006019990
1422.974218750  0.006020662
1422.978125000  0.006030144
1422.982031250  0.006008904
1422.985937500  0.005996377
1422.989843750  0.006013200
1422.993750000  0.006052901
1422.997656250  0.006035099
1423.001562500  0.006022704
1423.005468750  0.006041293
1423.009375000  0.006132008
1423.013281250  0.006049539
1423.017187500  0.005995589
1423.021093750  0.006040386
1423.025000000  0.006080464
1423.028906250  0.005984027
1423.032812500  0.006013210
1423.036718750  0.006043957
1423.040625000  0.006032708
1423.044531250  0.006016380
1423.048437500  0.006048846
1423.052343750  0.006059783
1423.056250000  0.006156553
1423.060156250  0.006035039
1423.064062500  0.006014803
1423.067968750  0.006010209
1423.071875000  0.006040442
1423.075781250  0.005999915
1423.079687500  0.006072465
1423.083593750  0.006063363
1423.087500000  0.005972248
1423.091406250  0.006067838
1423.095312500  0.005998141
1423.099218750  0.006052337
1423.103125000  0.006080114
1423.107031250  0.006098244
1423.110937500  0.006087080
1423.114843750  0.006053014
1423.118750000  0.006094144
1423.122656250  0.006029180
1423.126562500  0.006095860
1423.130468750  0.006087135
1423.134375000  0.006080150
1423.138281250  0.006073976
1423.142187500  0.006046414
1423.146093750  0.006009753
1423.150000000  0.006133017
1423.153906250  0.006084736
1423.157812500  0.006119952
1423.161718750  0.006034367
1423.165625000  0.006018212
1423.169531250  0.006072718
1423.173437500  0.006095566
1423.177343750  0.006093866
1423.181250000  0.006083560
1423.185156250  0.006061069
1423.189062500  0.006082927
1423.192968750  0.006064830
1423.196875000  0.006054727
1423.200781250  0.006163722
1423.204687500  0.006129573
1423.208593750  0.006085060
1423.212500000  0.006049927
1423.216406250  0.006103037
1423.220312500  0.006066325
1423.224218750  0.006109954
1423.228125000  0.006043722
1423.232031250  0.006066847
1423.235937500  0.006094823
1423.239843750  0.006074064
1423.243750000  0.006085256
1423.247656250  0.006182848
1423.251562500  0.006146447
1423.255468750  0.006113385
1423.259375000  0.006063125
1423.263281250  0.006091181
1423.267187500  0.006100348
1423.271093750  0.006096290
1423.275000000  0.006120811
1423.278906250  0.006110505
1423.282812500  0.006123625
1423.286718750  0.006090061
1423.290625000  0.006125129
1423.294531250  0.006202398
1423.298437500  0.006153861
1423.302343750  0.006097367
1423.306250000  0.006205609
1423.310156250  0.006088168
1423.314062500  0.006099086
1423.317968750  0.006081512
1423.321875000  0.006096018
1423.325781250  0.006176146
1423.329687500  0.006190799
1423.333593750  0.006128531
1423.337500000  0.006162121
1423.341406250  0.006276775
1423.345312500  0.006169596
1423.349218750  0.006142214
1423.353125000  0.006130949
1423.357031250  0.006161180
1423.360937500  0.006189159
1423.364843750  0.006162897
1423.368750000  0.006192304
1423.372656250  0.006192423
1423.376562500  0.006182402
1423.380468750  0.006106677
1423.384375000  0.006168165
1423.388281250  0.006265329
1423.392187500  0.006256884
1423.396093750  0.006228299
1423.400000000  0.006165657
1423.403906250  0.006164439
1423.407812500  0.006169728
1423.411718750  0.006211041
1423.415625000  0.006165363
1423.419531250  0.006193414
1423.423437500  0.006200324
1423.427343750  0.006165919
1423.431250000  0.006249378
1423.435156250  0.006230492
1423.439062500  0.006336841
1423.442968750  0.006188157
1423.446875000  0.006233425
1423.450781250  0.006172968
1423.454687500  0.006193698
1423.458593750  0.006219927
1423.462500000  0.006240435
1423.466406250  0.006268150
1423.470312500  0.006215841
1423.474218750  0.006172625
1423.478125000  0.006265451
1423.482031250  0.006306586
1423.485937500  0.006351872
1423.489843750  0.006272417
1423.493750000  0.006194183
1423.497656250  0.006318459
1423.501562500  0.006264857
1423.505468750  0.006254326
1423.509375000  0.006256415
1423.513281250  0.006309514
1423.517187500  0.006200272
1423.521093750  0.006216693
1423.525000000  0.006238708
1423.528906250  0.006244681
1423.532812500  0.006418499
1423.536718750  0.006278092
1423.540625000  0.006325249
1423.544531250  0.006275908
1423.548437500  0.006277520
1423.552343750  0.006269900
1423.556250000  0.006289235
1423.560156250  0.006370143
1423.564062500  0.006262015
1423.567968750  0.006256529
1423.571875000  0.006292269
1423.575781250  0.006279793
1423.579687500  0.006420259
1423.583593750  0.006336608
1423.587500000  0.006310208
1423.591406250  0.006331568
1423.595312500  0.006332543
1423.599218750  0.006331712
1423.603125000  0.006357115
1423.607031250  0.006369052
1423.610937500  0.006342511
1423.614843750  0.006322296
1423.618750000  0.006374095
1423.622656250  0.006344423
1423.626562500  0.006444605
1423.630468750  0.006408047
1423.634375000  0.006363284
1423.638281250  0.006365190
1423.642187500  0.006335839
1423.646093750  0.006386327
1423.650000000  0.006442418
1423.653906250  0.006348826
1423.657812500  0.006411870
1423.661718750  0.006433473
1423.665625000  0.006343401
1423.669531250  0.006383784
1423.673437500  0.006413023
1423.677343750  0.006520868
1423.681250000  0.006354600
1423.685156250  0.006390721
1423.689062500  0.006435320
1423.692968750  0.006433261
1423.696875000  0.006379314
1423.700781250  0.006426917
1423.704687500  0.006448950
1423.708593750  0.006411772
1423.712500000  0.006393387
1423.716406250  0.006440314
1423.720312500  0.006437044
1423.724218750  0.006680044
1423.728125000  0.006457728
1423.732031250  0.006487082
1423.735937500  0.006438868
1423.739843750  0.006451479
1423.743750000  0.006535660
1423.747656250  0.006484350
1423.751562500  0.006466000
1423.755468750  0.006446285
1423.759375000  0.006529746
1423.763281250  0.006474458
1423.767187500  0.006516091
1423.771093750  0.006666422
1423.775000000  0.006565183
1423.778906250  0.006490179
1423.782812500  0.006529296
1423.786718750  0.006458366
1423.790625000  0.006494275
1423.794531250  0.006488070
1423.798437500  0.006577899
1423.802343750  0.006545016
1423.806250000  0.006459493
1423.810156250  0.006495261
1423.814062500  0.006548810
1423.817968750  0.006648295
1423.821875000  0.006578276
1423.825781250  0.006602088
1423.829687500  0.006601990
1423.833593750  0.006572595
1423.837500000  0.006559217
1423.841406250  0.006554195
1423.845312500  0.006571585
1423.849218750  0.006590253
1423.853125000  0.006542478
1423.857031250  0.006607797
1423.860937500  0.006602430
1423.864843750  0.006672411
1423.868750000  0.006646948
1423.872656250  0.006620406
1423.876562500  0.006605410
1423.880468750  0.006623048
1423.884375000  0.006640323
1423.888281250  0.006632662
1423.892187500  0.006692745
1423.896093750  0.006571265
1423.900000000  0.006596457
1423.903906250  0.006638321
1423.907812500  0.006609580
1423.911718750  0.006709129
1423.915625000  0.006754741
1423.919531250  0.006657629
1423.923437500  0.006599422
1423.927343750  0.006667724
1423.931250000  0.006717950
1423.935156250  0.006732633
1423.939062500  0.006675164
1423.942968750  0.006654122
1423.946875000  0.006726041
1423.950781250  0.006603750
1423.954687500  0.006677707
1423.958593750  0.006760790
1423.962500000  0.006837757
1423.966406250  0.006732181
1423.970312500  0.006753082
1423.974218750  0.006762157
1423.978125000  0.006804631
1423.982031250  0.006947958
1423.985937500  0.009763864
1423.989843750  0.010086474
1423.993750000  0.007236926
1423.997656250  0.008150908
1424.001562500  0.009391458
1424.005468750  0.007003612
1424.009375000  0.007072146
1424.013281250  0.006785831
1424.017187500  0.006779495
1424.021093750  0.006770720
1424.025000000  0.006755824
1424.028906250  0.006906439
1424.032812500  0.006826653
1424.036718750  0.006842880
1424.040625000  0.006782729
1424.044531250  0.006788719
1424.048437500  0.006799168
1424.052343750  0.006730678
1424.056250000  0.006918062
1424.060156250  0.006847533
1424.064062500  0.006818100
1424.067968750  0.006807200
1424.071875000  0.006751841
1424.075781250  0.006790498
1424.079687500  0.006879876
1424.083593750  0.006806510
1424.087500000  0.006781730
1424.091406250  0.006842724
1424.095312500  0.006830794
1424.099218750  0.006876528
1424.103125000  0.006898743
1424.107031250  0.006930799
1424.110937500  0.006815231
1424.114843750  0.006851709
1424.118750000  0.006853146
1424.122656250  0.006852033
1424.126562500  0.006903478
1424.130468750  0.006962928
1424.134375000  0.006883662
1424.138281250  0.006977311
1424.142187500  0.006975885
1424.146093750  0.006927322
1424.150000000  0.007157403
1424.153906250  0.007158617
1424.157812500  0.006964485
1424.161718750  0.006980058
1424.165625000  0.007030208
1424.169531250  0.007044736
1424.173437500  0.006980293
1424.177343750  0.006980138
1424.181250000  0.006975161
1424.185156250  0.007048788
1424.189062500  0.007125548
1424.192968750  0.007008023
1424.196875000  0.007031533
1424.200781250  0.007318086
1424.204687500  0.007114705
1424.208593750  0.007146244
1424.212500000  0.007166454
1424.216406250  0.007105298
1424.220312500  0.007040230
1424.224218750  0.007356423
1424.228125000  0.007090845
1424.232031250  0.007190276
1424.235937500  0.007132651
1424.239843750  0.007089866
1424.243750000  0.007087744
1424.247656250  0.007403810
1424.251562500  0.007232992
1424.255468750  0.007194354
1424.259375000  0.007147644
1424.263281250  0.007110614
1424.267187500  0.007075904
1424.271093750  0.007171089
1424.275000000  0.007124952
1424.278906250  0.007193062
1424.282812500  0.007081354
1424.286718750  0.007162196
1424.290625000  0.007134134
1424.294531250  0.007242301
1424.298437500  0.007156246
1424.302343750  0.007022919
1424.306250000  0.007001621
1424.310156250  0.007029414
1424.314062500  0.007060501
1424.317968750  0.007129620
1424.321875000  0.007095688
1424.325781250  0.007012370
1424.329687500  0.007076954
1424.333593750  0.007132759
1424.337500000  0.007074344
1424.341406250  0.007203858
1424.345312500  0.007078433
1424.349218750  0.007077021
1424.353125000  0.007067778
1424.357031250  0.007097751
1424.360937500  0.007021634
1424.364843750  0.007027368
1424.368750000  0.007083257
1424.372656250  0.007199614
1424.376562500  0.007073524
1424.380468750  0.007115388
1424.384375000  0.007100760
1424.388281250  0.007113522
1424.392187500  0.007239250
1424.396093750  0.007050207

