1000(10000)
1416.400000000  0.007098123
1416.403906250  0.007159457
1416.407812500  0.007148551
1416.411718750  0.007140746
1416.415625000  0.007174457
1416.419531250  0.007115342
1416.423437500  0.007164979
1416.427343750  0.007203571
1416.431250000  0.007148162
1416.435156250  0.007225434
1416.439062500  0.007323429
1416.442968750  0.007250867
1416.446875000  0.007195823
1416.450781250  0.007071430
1416.454687500  0.007126777
1416.458593750  0.007085000
1416.462500000  0.007067756
1416.466406250  0.007099154
1416.470312500  0.007083016
1416.474218750  0.007128950
1416.478125000  0.007164240
1416.482031250  0.007223520
1416.485937500  0.007430137
1416.489843750  0.007168471
1416.493750000  0.007125514
1416.497656250  0.007144367
1416.501562500  0.007099546
1416.505468750  0.007166994
1416.509375000  0.007123440
1416.513281250  0.007124377
1416.517187500  0.007123008
1416.521093750  0.007112255
1416.525000000  0.007143953
1416.528906250  0.007158251
1416.532812500  0.007366363
1416.536718750  0.007182108
1416.540625000  0.007138977
1416.544531250  0.007135903
1416.548437500  0.007115349
1416.552343750  0.007152700
1416.556250000  0.007061708
1416.560156250  0.007127955
1416.564062500  0.007060940
1416.567968750  0.007069603
1416.571875000  0.007051834
1416.575781250  0.007173414
1416.579687500  0.007215979
1416.583593750  0.007272305
1416.587500000  0.007180980
1416.591406250  0.007236597
1416.595312500  0.007069904
1416.599218750  0.007158728
1416.603125000  0.007190731
1416.607031250  0.007108279
1416.610937500  0.007135159
1416.614843750  0.007076684
1416.618750000  0.007137524
1416.622656250  0.007116790
1416.626562500  0.007286876
1416.630468750  0.007192189
1416.634375000  0.007126582
1416.638281250  0.007083397
1416.642187500  0.007140179
1416.646093750  0.007604152
1416.650000000  0.007200576
1416.653906250  0.007187658
1416.657812500  0.007154541
1416.661718750  0.007046247
1416.665625000  0.007068660
1416.669531250  0.007112905
1416.673437500  0.007100421
1416.677343750  0.007284079
1416.681250000  0.007130912
1416.685156250  0.007091529
1416.689062500  0.007019470
1416.692968750  0.007098470
1416.696875000  0.007112860
1416.700781250  0.007378149
1416.704687500  0.007214835
1416.708593750  0.007112116
1416.712500000  0.007047886
1416.716406250  0.007019021
1416.720312500  0.007093744
1416.724218750  0.007246329
1416.728125000  0.007095432
1416.732031250  0.007053316
1416.735937500  0.006929080
1416.739843750  0.007052920
1416.743750000  0.007018992
1416.747656250  0.007054610
1416.751562500  0.007200167
1416.755468750  0.007856478
1416.759375000  0.007418976
1416.763281250  0.007070127
1416.767187500  0.007037942
1416.771093750  0.007284920
1416.775000000  0.007098530
1416.778906250  0.007002263
1416.782812500  0.007091668
1416.786718750  0.007124615
1416.790625000  0.007058496
1416.794531250  0.006994581
1416.798437500  0.007024230
1416.802343750  0.007127797
1416.806250000  0.007272885
1416.810156250  0.009095586
1416.814062500  0.008053522
1416.817968750  0.007496429
1416.821875000  0.007057184
1416.825781250  0.007053761
1416.829687500  0.007047167
1416.833593750  0.007124247
1416.837500000  0.007132705
1416.841406250  0.007101105
1416.845312500  0.007082356
1416.849218750  0.007038541
1416.853125000  0.007131107
1416.857031250  0.007120996
1416.860937500  0.007592269
1416.864843750  0.010648589
1416.868750000  0.009416517
1416.872656250  0.007475453
1416.876562500  0.007213166
1416.880468750  0.007053818
1416.884375000  0.006996360
1416.888281250  0.006991026
1416.892187500  0.007075630
1416.896093750  0.007138404
1416.900000000  0.006997457
1416.903906250  0.006973244
1416.907812500  0.007052010
1416.911718750  0.007158253
1416.915625000  0.007413411
1416.919531250  0.009302770
1416.923437500  0.008308472
1416.927343750  0.007172878
1416.931250000  0.006958035
1416.935156250  0.006937241
1416.939062500  0.006914305
1416.942968750  0.006910163
1416.946875000  0.006950065
1416.950781250  0.006866242
1416.954687500  0.006880590
1416.958593750  0.006888276
1416.962500000  0.007122058
1416.966406250  0.006925904
1416.970312500  0.007037874
1416.974218750  0.007740642
1416.978125000  0.007463327
1416.982031250  0.006943969
1416.985937500  0.006924593
1416.989843750  0.006848169
1416.993750000  0.006856497
1416.997656250  0.007233873
1417.001562500  0.007718305
1417.005468750  0.006902964
1417.009375000  0.007179872
1417.013281250  0.006810269
1417.017187500  0.006885064
1417.021093750  0.006858017
1417.025000000  0.006914550
1417.028906250  0.007483723
1417.032812500  0.007405566
1417.036718750  0.006862505
1417.040625000  0.006801401
1417.044531250  0.006817351
1417.048437500  0.006806887
1417.052343750  0.006781685
1417.056250000  0.006928648
1417.060156250  0.006781313
1417.064062500  0.006768452
1417.067968750  0.006777440
1417.071875000  0.006783946
1417.075781250  0.006807411
1417.079687500  0.006892471
1417.083593750  0.007226727
1417.087500000  0.007143521
1417.091406250  0.006827899
1417.095312500  0.006749502
1417.099218750  0.006759961
1417.103125000  0.006934891
1417.107031250  0.006839116
1417.110937500  0.006747680
1417.114843750  0.006736423
1417.118750000  0.006767650
1417.122656250  0.006725486
1417.126562500  0.006662984
1417.130468750  0.006668279
1417.134375000  0.006742240
1417.138281250  0.006950711
1417.142187500  0.006884776
1417.146093750  0.006760430
1417.150000000  0.006790299
1417.153906250  0.006775973
1417.157812500  0.006640033
1417.161718750  0.006680459
1417.165625000  0.006670206
1417.169531250  0.006671097
1417.173437500  0.006735682
1417.177343750  0.006615701
1417.181250000  0.006677404
1417.185156250  0.006669589
1417.189062500  0.006693251
1417.192968750  0.006869565
1417.196875000  0.006807207
1417.200781250  0.006861612
1417.204687500  0.006579119
1417.208593750  0.006673915
1417.212500000  0.006596530
1417.216406250  0.006620749
1417.220312500  0.006617521
1417.224218750  0.006598246
1417.228125000  0.006566346
1417.232031250  0.006613300
1417.235937500  0.006582608
1417.239843750  0.006633732
1417.243750000  0.006628862
1417.247656250  0.006897583
1417.251562500  0.006755827
1417.255468750  0.006569102
1417.259375000  0.006603152
1417.263281250  0.006554500
1417.267187500  0.006613348
1417.271093750  0.006579005
1417.275000000  0.006561100
1417.278906250  0.006501032
1417.282812500  0.006614728
1417.286718750  0.006570244
1417.290625000  0.006542704
1417.294531250  0.006736841
1417.298437500  0.006570322
1417.302343750  0.006601628
1417.306250000  0.006628354
1417.310156250  0.006506567
1417.314062500  0.006552630
1417.317968750  0.006516558
1417.321875000  0.006522890
1417.325781250  0.006491672
1417.329687500  0.006554762
1417.333593750  0.006523433
1417.337500000  0.006531409
1417.341406250  0.006681363
1417.345312500  0.006622143
1417.349218750  0.006561218
1417.353125000  0.006579283
1417.357031250  0.006583047
1417.360937500  0.006576214
1417.364843750  0.006541531
1417.368750000  0.006495115
1417.372656250  0.006510300
1417.376562500  0.006520480
1417.380468750  0.006487568
1417.384375000  0.006506384
1417.388281250  0.006582872
1417.392187500  0.006640635
1417.396093750  0.006529077
1417.400000000  0.006408951
1417.403906250  0.006448118
1417.407812500  0.006424905
1417.411718750  0.006493349
1417.415625000  0.006561521
1417.419531250  0.006509433
1417.423437500  0.006417018
1417.427343750  0.006423223
1417.431250000  0.006423300
1417.435156250  0.006433311
1417.439062500  0.006643604
1417.442968750  0.006450536
1417.446875000  0.006514669
1417.450781250  0.006381719
1417.454687500  0.006444494
1417.458593750  0.006449686
1417.462500000  0.006502375
1417.466406250  0.006426454
1417.470312500  0.006490922
1417.474218750  0.006432934
1417.478125000  0.006402755
1417.482031250  0.006435387
1417.485937500  0.006641650
1417.489843750  0.006417211
1417.493750000  0.006453968
1417.497656250  0.006397475
1417.501562500  0.006403442
1417.505468750  0.006369492
1417.509375000  0.006445439
1417.513281250  0.006400031
1417.517187500  0.006435397
1417.521093750  0.006457837
1417.525000000  0.006465132
1417.528906250  0.006347569
1417.532812500  0.006630374
1417.536718750  0.006432869
1417.540625000  0.006403052
1417.544531250  0.006362460
1417.548437500  0.006362641
1417.552343750  0.006408861
1417.556250000  0.006362655
1417.560156250  0.006387232
1417.564062500  0.006396886
1417.567968750  0.006413312
1417.571875000  0.006378303
1417.575781250  0.006371717
1417.579687500  0.006554362
1417.583593750  0.006445439
1417.587500000  0.006321710
1417.591406250  0.006421029
1417.595312500  0.006310145
1417.599218750  0.006361964
1417.603125000  0.006414371
1417.607031250  0.006322930
1417.610937500  0.006337920
1417.614843750  0.006390298
1417.618750000  0.006305061
1417.622656250  0.006400184
1417.626562500  0.006480462
1417.630468750  0.006439118
1417.634375000  0.006398283
1417.638281250  0.006391297
1417.642187500  0.006383007
1417.646093750  0.006408194
1417.650000000  0.006328624
1417.653906250  0.006377084
1417.657812500  0.006307388
1417.661718750  0.006351159
1417.665625000  0.006345921
1417.669531250  0.006325194
1417.673437500  0.006385378
1417.677343750  0.006502178
1417.681250000  0.006316685
1417.685156250  0.006390367
1417.689062500  0.006447201
1417.692968750  0.006286885
1417.696875000  0.006327192
1417.700781250  0.006318469
1417.704687500  0.006318439
1417.708593750  0.006274509
1417.712500000  0.006256984
1417.716406250  0.006304420
1417.720312500  0.006289942
1417.724218750  0.006493419
1417.728125000  0.006351789
1417.732031250  0.006311326
1417.735937500  0.006348341
1417.739843750  0.006352833
1417.743750000  0.006391004
1417.747656250  0.006344338
1417.751562500  0.006330178
1417.755468750  0.006342627
1417.759375000  0.006317234
1417.763281250  0.006274535
1417.767187500  0.006288419
1417.771093750  0.006484553
1417.775000000  0.006335401
1417.778906250  0.006311990
1417.782812500  0.006310330
1417.786718750  0.006364725
1417.790625000  0.006322303
1417.794531250  0.006267714
1417.798437500  0.006338234
1417.802343750  0.006368733
1417.806250000  0.006272596
1417.810156250  0.006278574
1417.814062500  0.006219204
1417.817968750  0.006500560
1417.821875000  0.006292391
1417.825781250  0.006305479
1417.829687500  0.006203011
1417.833593750  0.006270527
1417.837500000  0.006231775
1417.841406250  0.006279654
1417.845312500  0.006290778
1417.849218750  0.006312199
1417.853125000  0.006290385
1417.857031250  0.006334487
1417.860937500  0.006294993
1417.864843750  0.006307820
1417.868750000  0.006335942
1417.872656250  0.006237590
1417.876562500  0.006260948
1417.880468750  0.006261099
1417.884375000  0.006232462
1417.888281250  0.006296665
1417.892187500  0.006267359
1417.896093750  0.006255700
1417.900000000  0.006246770
1417.903906250  0.006316588
1417.907812500  0.006319670
1417.911718750  0.006311878
1417.915625000  0.006359865
1417.919531250  0.006251481
1417.923437500  0.006284149
1417.927343750  0.006224593
1417.931250000  0.006264968
1417.935156250  0.006279784
1417.939062500  0.006280182
1417.942968750  0.006308204
1417.946875000  0.006175964
1417.950781250  0.006231057
1417.954687500  0.006214869
1417.958593750  0.006232392
1417.962500000  0.006401496
1417.966406250  0.006274765
1417.970312500  0.006248288
1417.974218750  0.006220089
1417.978125000  0.006259128
1417.982031250  0.006206487
1417.985937500  0.006220531
1417.989843750  0.006248911
1417.993750000  0.006222862
1417.997656250  0.006167236
1418.001562500  0.006281468
1418.005468750  0.006220088
1418.009375000  0.006438162
1418.013281250  0.006188272
1418.017187500  0.006259765
1418.021093750  0.006240079
1418.025000000  0.006222890
1418.028906250  0.006244596
1418.032812500  0.006256995
1418.036718750  0.006255367
1418.040625000  0.006235429
1418.044531250  0.006208515
1418.048437500  0.006216075
1418.052343750  0.006203828
1418.056250000  0.006369761
1418.060156250  0.006287213
1418.064062500  0.006211539
1418.067968750  0.006202730
1418.071875000  0.006280124
1418.075781250  0.006162103
1418.079687500  0.006280719
1418.083593750  0.006209081
1418.087500000  0.006221415
1418.091406250  0.006203787
1418.095312500  0.006224669
1418.099218750  0.006225574
1418.103125000  0.006316964
1418.107031250  0.006317059
1418.110937500  0.006227568
1418.114843750  0.006280571
1418.118750000  0.006180364
1418.122656250  0.006221251
1418.126562500  0.006243459
1418.130468750  0.006195046
1418.134375000  0.006171989
1418.138281250  0.006208850
1418.142187500  0.006127749
1418.146093750  0.006153300
1418.150000000  0.006240774
1418.153906250  0.006307494
1418.157812500  0.006176123
1418.161718750  0.006251249
1418.165625000  0.006236397
1418.169531250  0.006148520
1418.173437500  0.006234256
1418.177343750  0.006201433
1418.181250000  0.006242844
1418.185156250  0.006265181
1418.189062500  0.006155473
1418.192968750  0.006125501
1418.196875000  0.006234294
1418.200781250  0.006393997
1418.204687500  0.006150533
1418.208593750  0.006205514
1418.212500000  0.006176464
1418.216406250  0.006151184
1418.220312500  0.006207799
1418.224218750  0.006158507
1418.228125000  0.006204185
1418.232031250  0.006134858
1418.235937500  0.006226781
1418.239843750  0.006153747
1418.243750000  0.006229599
1418.247656250  0.006366007
1418.251562500  0.006236513
1418.255468750  0.006136711
1418.259375000  0.006221581
1418.263281250  0.006136207
1418.267187500  0.006222082
1418.271093750  0.006173865
1418.275000000  0.006157174
1418.278906250  0.006126674
1418.282812500  0.006128099
1418.286718750  0.006201560
1418.290625000  0.006196296
1418.294531250  0.006369364
1418.298437500  0.006195005
1418.302343750  0.006130399
1418.306250000  0.006223175
1418.310156250  0.006204943
1418.314062500  0.006249395
1418.317968750  0.006167270
1418.321875000  0.006171610
1418.325781250  0.006127688
1418.329687500  0.006130360
1418.333593750  0.006159392
1418.337500000  0.006174242
1418.341406250  0.006306224
1418.345312500  0.006296844
1418.349218750  0.006142611
1418.353125000  0.006106387
1418.357031250  0.006137288
1418.360937500  0.006146447
1418.364843750  0.006093695
1418.368750000  0.006169417
1418.372656250  0.006150726
1418.376562500  0.006187927
1418.380468750  0.006105795
1418.384375000  0.006205585
1418.388281250  0.006314142
1418.392187500  0.006314993
1418.396093750  0.006165471
1418.400000000  0.006311037
1418.403906250  0.006182063
1418.407812500  0.006209747
1418.411718750  0.006175901
1418.415625000  0.006197622
1418.419531250  0.006199009
1418.423437500  0.006233811
1418.427343750  0.006135805
1418.431250000  0.006200329
1418.435156250  0.006207837
1418.439062500  0.006308387
1418.442968750  0.006156277
1418.446875000  0.006159204
1418.450781250  0.006161296
1418.454687500  0.006179795
1418.458593750  0.006155767
1418.462500000  0.006125465
1418.466406250  0.006152664
1418.470312500  0.006196062
1418.474218750  0.006207293
1418.478125000  0.006137218
1418.482031250  0.006253896
1418.485937500  0.006362363
1418.489843750  0.006210102
1418.493750000  0.006138471
1418.497656250  0.006169709
1418.501562500  0.006130526
1418.505468750  0.006154325
1418.509375000  0.006168837
1418.513281250  0.006188820
1418.517187500  0.006131355
1418.521093750  0.006179698
1418.525000000  0.006157914
1418.528906250  0.006210703
1418.532812500  0.006398307
1418.536718750  0.006190186
1418.540625000  0.006140855
1418.544531250  0.006172236
1418.548437500  0.006194443
1418.552343750  0.006246685
1418.556250000  0.006169954
1418.560156250  0.006202968
1418.564062500  0.006220434
1418.567968750  0.006187983
1418.571875000  0.006201411
1418.575781250  0.006212378
1418.579687500  0.006370040
1418.583593750  0.006212625
1418.587500000  0.006173170
1418.591406250  0.006161490
1418.595312500  0.006174780
1418.599218750  0.006168518
1418.603125000  0.006225601
1418.607031250  0.006215440
1418.610937500  0.006151150
1418.614843750  0.006157496
1418.618750000  0.006236727
1418.622656250  0.006146144
1418.626562500  0.006297899
1418.630468750  0.006226170
1418.634375000  0.006230663
1418.638281250  0.006180116
1418.642187500  0.006130680
1418.646093750  0.006161746
1418.650000000  0.006200823
1418.653906250  0.006149451
1418.657812500  0.006189079
1418.661718750  0.006199090
1418.665625000  0.006201850
1418.669531250  0.006144671
1418.673437500  0.006242282
1418.677343750  0.006350366
1418.681250000  0.006208581
1418.685156250  0.006163143
1418.689062500  0.006231895
1418.692968750  0.006194560
1418.696875000  0.006168320
1418.700781250  0.006126215
1418.704687500  0.006172111
1418.708593750  0.006183017
1418.712500000  0.006221625
1418.716406250  0.006184374
1418.720312500  0.006153606
1418.724218750  0.006362800
1418.728125000  0.006318124
1418.732031250  0.006163208
1418.735937500  0.006124375
1418.739843750  0.006121940
1418.743750000  0.006158209
1418.747656250  0.006129989
1418.751562500  0.006190759
1418.755468750  0.006185151
1418.759375000  0.006151804
1418.763281250  0.006143371
1418.767187500  0.006230291
1418.771093750  0.006367937
1418.775000000  0.006172326
1418.778906250  0.006256520
1418.782812500  0.006177937
1418.786718750  0.006163448
1418.790625000  0.006098187
1418.794531250  0.006142540
1418.798437500  0.006181388
1418.802343750  0.006251258
1418.806250000  0.006135953
1418.810156250  0.006209300
1418.814062500  0.006162591
1418.817968750  0.006363417
1418.821875000  0.006232740
1418.825781250  0.006288792
1418.829687500  0.006146150
1418.833593750  0.006214099
1418.837500000  0.006230620
1418.841406250  0.006189158
1418.845312500  0.006255367
1418.849218750  0.006183862
1418.853125000  0.006189401
1418.857031250  0.006142191
1418.860937500  0.006219211
1418.864843750  0.006355432
1418.868750000  0.006233847
1418.872656250  0.006231412
1418.876562500  0.006209217
1418.880468750  0.006140342
1418.884375000  0.006230744
1418.888281250  0.006154837
1418.892187500  0.006201580
1418.896093750  0.006209470
1418.900000000  0.006169267
1418.903906250  0.006174776
1418.907812500  0.006199029
1418.911718750  0.006310035
1418.915625000  0.006377201
1418.919531250  0.006231545
1418.923437500  0.006226997
1418.927343750  0.006221640
1418.931250000  0.006256398
1418.935156250  0.006251192
1418.939062500  0.006196528
1418.942968750  0.006206757
1418.946875000  0.006220686
1418.950781250  0.006214616
1418.954687500  0.006183559
1418.958593750  0.006215123
1418.962500000  0.006450047
1418.966406250  0.006185885
1418.970312500  0.006291325
1418.974218750  0.006150104
1418.978125000  0.006224792
1418.982031250  0.006150374
1418.985937500  0.006207258
1418.989843750  0.006156362
1418.993750000  0.006200374
1418.997656250  0.006264581
1419.001562500  0.006279363
1419.005468750  0.006157559
1419.009375000  0.006459440
1419.013281250  0.006272169
1419.017187500  0.006256355
1419.021093750  0.006228903
1419.025000000  0.006247840
1419.028906250  0.006204350
1419.032812500  0.006281306
1419.036718750  0.006219940
1419.040625000  0.006231830
1419.044531250  0.006173997
1419.048437500  0.006130383
1419.052343750  0.006144913
1419.056250000  0.006392461
1419.060156250  0.006273320
1419.064062500  0.006249302
1419.067968750  0.006180996
1419.071875000  0.006227857
1419.075781250  0.006200651
1419.079687500  0.006207941
1419.083593750  0.006223725
1419.087500000  0.006253834
1419.091406250  0.006121674
1419.095312500  0.006217852
1419.099218750  0.006212575
1419.103125000  0.006354553
1419.107031250  0.006304054
1419.110937500  0.006269401
1419.114843750  0.006213412
1419.118750000  0.006202759
1419.122656250  0.006223367
1419.126562500  0.006178296
1419.130468750  0.006233003
1419.134375000  0.006664595
1419.138281250  0.006249422
1419.142187500  0.006260994
1419.146093750  0.006240008
1419.150000000  0.006288099
1419.153906250  0.006275709
1419.157812500  0.006261947
1419.161718750  0.006304478
1419.165625000  0.006225739
1419.169531250  0.006222352
1419.173437500  0.006213280
1419.177343750  0.006244043
1419.181250000  0.006232006
1419.185156250  0.006218228
1419.189062500  0.006254502
1419.192968750  0.006157145
1419.196875000  0.006248635
1419.200781250  0.006429709
1419.204687500  0.006267305
1419.208593750  0.006221807
1419.212500000  0.006275028
1419.216406250  0.006188169
1419.220312500  0.006259798
1419.224218750  0.006273691
1419.228125000  0.006282436
1419.232031250  0.006251105
1419.235937500  0.006236245
1419.239843750  0.006302897
1419.243750000  0.006318126
1419.247656250  0.006468873
1419.251562500  0.006297066
1419.255468750  0.006203622
1419.259375000  0.006252399
1419.263281250  0.006251093
1419.267187500  0.006255331
1419.271093750  0.006243770
1419.275000000  0.006214951
1419.278906250  0.006181467
1419.282812500  0.006214290
1419.286718750  0.006218354
1419.290625000  0.006253620
1419.294531250  0.006416296
1419.298437500  0.006252582
1419.302343750  0.006295299
1419.306250000  0.006211422
1419.310156250  0.006262241
1419.314062500  0.006235762
1419.317968750  0.006245387
1419.321875000  0.006277094
1419.325781250  0.006288710
1419.329687500  0.006251593
1419.333593750  0.006312925
1419.337500000  0.006258758
1419.341406250  0.006406507
1419.345312500  0.006312630
1419.349218750  0.006245469
1419.353125000  0.006360458
1419.357031250  0.006218804
1419.360937500  0.006304661
1419.364843750  0.006222728
1419.368750000  0.006240530
1419.372656250  0.006266343
1419.376562500  0.006184140
1419.380468750  0.006292614
1419.384375000  0.006323223
1419.388281250  0.006345002
1419.392187500  0.006365123
1419.396093750  0.006282649
1419.400000000  0.006183442
1419.403906250  0.006206062
1419.407812500  0.006230309
1419.411718750  0.006282945
1419.415625000  0.006293532
1419.419531250  0.006216634
1419.423437500  0.006254172
1419.427343750  0.006264781
1419.431250000  0.006262844
1419.435156250  0.006349467
1419.439062500  0.006424194
1419.442968750  0.006281849
1419.446875000  0.006253043
1419.450781250  0.006292513
1419.454687500  0.006281214
1419.458593750  0.006257678
1419.462500000  0.006275269
1419.466406250  0.006227346
1419.470312500  0.006287413
1419.474218750  0.006224020
1419.478125000  0.006272862
1419.482031250  0.006297220
1419.485937500  0.006439047
1419.489843750  0.006271688
1419.493750000  0.006302208
1419.497656250  0.006326420
1419.501562500  0.006279762
1419.505468750  0.006296532
1419.509375000  0.006237057
1419.513281250  0.006285009
1419.517187500  0.006293404
1419.521093750  0.006264484
1419.525000000  0.006269307
1419.528906250  0.006221001
1419.532812500  0.006455377
1419.536718750  0.006306120
1419.540625000  0.006331690
1419.544531250  0.006305028
1419.548437500  0.006274288
1419.552343750  0.006270883
1419.556250000  0.006280530
1419.560156250  0.006277337
1419.564062500  0.006314360
1419.567968750  0.006247543
1419.571875000  0.006278357
1419.575781250  0.006262494
1419.579687500  0.006414146
1419.583593750  0.006341525
1419.587500000  0.006303541
1419.591406250  0.006316257
1419.595312500  0.006284670
1419.599218750  0.006286767
1419.603125000  0.006258049
1419.607031250  0.006309247
1419.610937500  0.006320926
1419.614843750  0.006338039
1419.618750000  0.006283338
1419.622656250  0.006333955
1419.626562500  0.006380843
1419.630468750  0.006393411
1419.634375000  0.006290809
1419.638281250  0.006318195
1419.642187500  0.006265129
1419.646093750  0.006270693
1419.650000000  0.006267341
1419.653906250  0.006278966
1419.657812500  0.006343529
1419.661718750  0.006324558
1419.665625000  0.006260919
1419.669531250  0.006327615
1419.673437500  0.006356030
1419.677343750  0.006417158
1419.681250000  0.006287597
1419.685156250  0.006340174
1419.689062500  0.006280813
1419.692968750  0.006248870
1419.696875000  0.006324694
1419.700781250  0.006298752
1419.704687500  0.006245396
1419.708593750  0.006296581
1419.712500000  0.006340138
1419.716406250  0.006250694
1419.720312500  0.006369685
1419.724218750  0.006472022
1419.728125000  0.006249264
1419.732031250  0.006338558
1419.735937500  0.006277765
1419.739843750  0.006300335
1419.743750000  0.006323366
1419.747656250  0.006286166
1419.751562500  0.006289068
1419.755468750  0.006295855
1419.759375000  0.006304737
1419.763281250  0.006258140
1419.767187500  0.006262525
1419.771093750  0.006481352
1419.775000000  0.006298913
1419.778906250  0.006340558
1419.782812500  0.006291420
1419.786718750  0.006318678
1419.790625000  0.006239473
1419.794531250  0.006347052
1419.798437500  0.006300661
1419.802343750  0.006313296
1419.806250000  0.006309672
1419.810156250  0.006351209
1419.814062500  0.006306880
1419.817968750  0.006441615
1419.821875000  0.006269276
1419.825781250  0.006353210
1419.829687500  0.006289516
1419.833593750  0.006316222
1419.837500000  0.006295148
1419.841406250  0.006313925
1419.845312500  0.006302454
1419.849218750  0.006291364
1419.853125000  0.006334881
1419.857031250  0.006279487
1419.860937500  0.006377350
1419.864843750  0.006427708
1419.868750000  0.006367861
1419.872656250  0.006321997
1419.876562500  0.006262730
1419.880468750  0.006386645
1419.884375000  0.006280047
1419.888281250  0.006310534
1419.892187500  0.006301918
1419.896093750  0.006338061
1419.900000000  0.006362705
1419.903906250  0.006338956
1419.907812500  0.006324885
1419.911718750  0.006326368
1419.915625000  0.006431904
1419.919531250  0.006324675
1419.923437500  0.006313711
1419.927343750  0.006325051
1419.931250000  0.006306227
1419.935156250  0.006341069
1419.939062500  0.006358592
1419.942968750  0.006384536
1419.946875000  0.006382995
1419.950781250  0.006336369
1419.954687500  0.006320730
1419.958593750  0.006333378
1419.962500000  0.006464705
1419.966406250  0.006421349
1419.970312500  0.006352035
1419.974218750  0.006381569
1419.978125000  0.006429713
1419.982031250  0.006432363
1419.985937500  0.007122827
1419.989843750  0.007196052
1419.993750000  0.006617781
1419.997656250  0.007826804
1420.001562500  0.009216786
1420.005468750  0.006630156
1420.009375000  0.006502364
1420.013281250  0.006425254
1420.017187500  0.006438158
1420.021093750  0.006351177
1420.025000000  0.006373696
1420.028906250  0.006333332
1420.032812500  0.006386541
1420.036718750  0.006357781
1420.040625000  0.006384993
1420.044531250  0.006341160
1420.048437500  0.006354552
1420.052343750  0.006397968
1420.056250000  0.006471607
1420.060156250  0.006365184
1420.064062500  0.006387149
1420.067968750  0.006343808
1420.071875000  0.006356995
1420.075781250  0.006403222
1420.079687500  0.006356829
1420.083593750  0.006424457
1420.087500000  0.006390277
1420.091406250  0.006364357
1420.095312500  0.006354148
1420.099218750  0.006392838
1420.103125000  0.006461952
1420.107031250  0.006434352
1420.110937500  0.006358841
1420.114843750  0.006362907
1420.118750000  0.006417211
1420.122656250  0.006340143
1420.126562500  0.006327876
1420.130468750  0.006414347
1420.134375000  0.006379951
1420.138281250  0.006351263
1420.142187500  0.006413346
1420.146093750  0.006368184
1420.150000000  0.006416831
1420.153906250  0.006477341
1420.157812500  0.006397097
1420.161718750  0.006414108
1420.165625000  0.006355791
1420.169531250  0.006361274
1420.173437500  0.006394659
1420.177343750  0.006360671
1420.181250000  0.006378866
1420.185156250  0.006416644
1420.189062500  0.006418611
1420.192968750  0.006392614
1420.196875000  0.006423460
1420.200781250  0.006573296
1420.204687500  0.006362708
1420.208593750  0.006438240
1420.212500000  0.006365865
1420.216406250  0.006411759
1420.220312500  0.006431967
1420.224218750  0.006404066
1420.228125000  0.006361694
1420.232031250  0.006371862
1420.235937500  0.006399606
1420.239843750  0.006389459
1420.243750000  0.006391848
1420.247656250  0.006575152
1420.251562500  0.006412802
1420.255468750  0.006446404
1420.259375000  0.006403102
1420.263281250  0.006399080
1420.267187500  0.006419262
1420.271093750  0.006391759
1420.275000000  0.006426143
1420.278906250  0.006389081
1420.282812500  0.006417812
1420.286718750  0.006370684
1420.290625000  0.006415653
1420.294531250  0.006581319
1420.298437500  0.006423417
1420.302343750  0.006410404
1420.306250000  0.006450521
1420.310156250  0.006426736
1420.314062500  0.006523495
1420.317968750  0.006419031
1420.321875000  0.006421835
1420.325781250  0.006492180
1420.329687500  0.006487169
1420.333593750  0.006470785
1420.337500000  0.006443568
1420.341406250  0.006576377
1420.345312500  0.006522265
1420.349218750  0.006508357
1420.353125000  0.006557290
1420.357031250  0.006459165
1420.360937500  0.006560845
1420.364843750  0.006551813
1420.368750000  0.006559082
1420.372656250  0.006593286
1420.376562500  0.006559550
1420.380468750  0.006594615
1420.384375000  0.006595876
1420.388281250  0.006675490
1420.392187500  0.006645333
1420.396093750  0.006668156
1420.400000000  0.007492227
1420.403906250  0.006600717
1420.407812500  0.006639712
1420.411718750  0.006697874
1420.415625000  0.006598635
1420.419531250  0.006604132
1420.423437500  0.006595070
1420.427343750  0.006619888
1420.431250000  0.006548662
1420.435156250  0.006562304
1420.439062500  0.006684112
1420.442968750  0.006583831
1420.446875000  0.006608214
1420.450781250  0.006581285
1420.454687500  0.006534808
1420.458593750  0.006523164
1420.462500000  0.006462148
1420.466406250  0.006557402
1420.470312500  0.006556843
1420.474218750  0.006514242
1420.478125000  0.006454784
1420.482031250  0.006565461
1420.485937500  0.006641279
1420.489843750  0.006502482
1420.493750000  0.006459743
1420.497656250  0.006488046
1420.501562500  0.006503982
1420.505468750  0.006539398
1420.509375000  0.006377881
1420.513281250  0.006506261
1420.517187500  0.006450510
1420.521093750  0.006458201
1420.525000000  0.006437733
1420.528906250  0.006482488
1420.532812500  0.006635567
1420.536718750  0.006511885
1420.540625000  0.006452909
1420.544531250  0.006486597
1420.548437500  0.006500620
1420.552343750  0.006482297
1420.556250000  0.006441732
1420.560156250  0.006498809
1420.564062500  0.006409342
1420.567968750  0.006496407
1420.571875000  0.006489108
1420.575781250  0.006510617
1420.579687500  0.006575465
1420.583593750  0.006509805
1420.587500000  0.006499144
1420.591406250  0.006458219
1420.595312500  0.006512721
1420.599218750  0.006476681
1420.603125000  0.006511164
1420.607031250  0.006460790
1420.610937500  0.006426984
1420.614843750  0.006492122
1420.618750000  0.006495621
1420.622656250  0.006434100
1420.626562500  0.006514064
1420.630468750  0.006559928
1420.634375000  0.006555484
1420.638281250  0.006485342
1420.642187500  0.006518704
1420.646093750  0.006523515
1420.650000000  0.006493797
1420.653906250  0.006500483
1420.657812500  0.006506801
1420.661718750  0.006511363
1420.665625000  0.006447435
1420.669531250  0.006563972
1420.673437500  0.006520835
1420.677343750  0.006589569
1420.681250000  0.006532339
1420.685156250  0.006560525
1420.689062500  0.006559618
1420.692968750  0.006444390
1420.696875000  0.006494839
1420.700781250  0.006564310
1420.704687500  0.006548836
1420.708593750  0.006531625
1420.712500000  0.006437483
1420.716406250  0.006544238
1420.720312500  0.006490417
1420.724218750  0.006562578
1420.728125000  0.006531455
1420.732031250  0.006454830
1420.735937500  0.006534570
1420.739843750  0.006522164
1420.743750000  0.006530615
1420.747656250  0.006565745
1420.751562500  0.006555331
1420.755468750  0.006554858
1420.759375000  0.006512458
1420.763281250  0.006519650
1420.767187500  0.006527763
1420.771093750  0.006614774
1420.775000000  0.006491598
1420.778906250  0.006557177
1420.782812500  0.006538419
1420.786718750  0.006513543
1420.790625000  0.006524319
1420.794531250  0.006491941
1420.798437500  0.006526380
1420.802343750  0.006508589
1420.806250000  0.006549826
1420.810156250  0.006508634
1420.814062500  0.006513727
1420.817968750  0.006585278
1420.821875000  0.006566149
1420.825781250  0.006554514
1420.829687500  0.006633746
1420.833593750  0.006506062
1420.837500000  0.006537330
1420.841406250  0.006606941
1420.845312500  0.006485083
1420.849218750  0.006535649
1420.853125000  0.006559220
1420.857031250  0.006554284
1420.860937500  0.006523267
1420.864843750  0.006615856
1420.868750000  0.006574444
1420.872656250  0.006520678
1420.876562500  0.006560204
1420.880468750  0.006586675
1420.884375000  0.006530561
1420.888281250  0.006533395
1420.892187500  0.006605981
1420.896093750  0.006561528
1420.900000000  0.006546367
1420.903906250  0.006521282
1420.907812500  0.006571341
1420.911718750  0.006543650
1420.915625000  0.006617578
1420.919531250  0.006565011
1420.923437500  0.006585813
1420.927343750  0.006588492
1420.931250000  0.006585899
1420.935156250  0.006620744
1420.939062500  0.006585273
1420.942968750  0.006588552
1420.946875000  0.006581841
1420.950781250  0.006552019
1420.954687500  0.006627681
1420.958593750  0.006578174
1420.962500000  0.006615863
1420.966406250  0.006609730
1420.970312500  0.006531272
1420.974218750  0.006588762
1420.978125000  0.006540286
1420.982031250  0.006629139
1420.985937500  0.006670775
1420.989843750  0.006585725
1420.993750000  0.006622951
1420.997656250  0.006539616
1421.001562500  0.006562101
1421.005468750  0.006542142
1421.009375000  0.006766027
1421.013281250  0.006496100
1421.017187500  0.006609545
1421.021093750  0.006567340
1421.025000000  0.006593492
1421.028906250  0.006626266
1421.032812500  0.006603619
1421.036718750  0.006557552
1421.040625000  0.006613852
1421.044531250  0.006679443
1421.048437500  0.006597147
1421.052343750  0.006618064
1421.056250000  0.006684287
1421.060156250  0.006568885
1421.064062500  0.006632316
1421.067968750  0.006634329
1421.071875000  0.006622850
1421.075781250  0.006631342
1421.079687500  0.006581224
1421.083593750  0.006643346
1421.087500000  0.006556339
1421.091406250  0.006653064
1421.095312500  0.006579524
1421.099218750  0.006589981
1421.103125000  0.006605962
1421.107031250  0.006633142
1421.110937500  0.006632518
1421.114843750  0.006661684
1421.118750000  0.006650724
1421.122656250  0.006634211
1421.126562500  0.006633040
1421.130468750  0.006640984
1421.134375000  0.006616046
1421.138281250  0.006654420
1421.142187500  0.006658393
1421.146093750  0.006622123
1421.150000000  0.006621511
1421.153906250  0.006668468
1421.157812500  0.006649904
1421.161718750  0.006647728
1421.165625000  0.006624553
1421.169531250  0.006576538
1421.173437500  0.006659795
1421.177343750  0.006651261
1421.181250000  0.006618169
1421.185156250  0.006628336
1421.189062500  0.006632214
1421.192968750  0.006670621
1421.196875000  0.006694394
1421.200781250  0.006695394
1421.204687500  0.006585572
1421.208593750  0.006690457
1421.212500000  0.006673423
1421.216406250  0.006642160
1421.220312500  0.006617117
1421.224218750  0.006705982
1421.228125000  0.006575286
1421.232031250  0.006653106
1421.235937500  0.006608978
1421.239843750  0.006664734
1421.243750000  0.006616570
1421.247656250  0.006725265
1421.251562500  0.006671649
1421.255468750  0.006635153
1421.259375000  0.006692301
1421.263281250  0.006694234
1421.267187500  0.006734780
1421.271093750  0.006724683
1421.275000000  0.006699027
1421.278906250  0.006599827
1421.282812500  0.006719544
1421.286718750  0.006724412
1421.290625000  0.006625856
1421.294531250  0.006840163
1421.298437500  0.006698711
1421.302343750  0.006717565
1421.306250000  0.006642100
1421.310156250  0.006630757
1421.314062500  0.006746652
1421.317968750  0.006689356
1421.321875000  0.006689749
1421.325781250  0.006774614
1421.329687500  0.006753154
1421.333593750  0.006682060
1421.337500000  0.006715503
1421.341406250  0.006695357
1421.345312500  0.006703817
1421.349218750  0.006701399
1421.353125000  0.006693674
1421.357031250  0.006704738
1421.360937500  0.006761531
1421.364843750  0.006719610
1421.368750000  0.006763874
1421.372656250  0.006702324
1421.376562500  0.006793190
1421.380468750  0.006723769
1421.384375000  0.006763708
1421.388281250  0.006712963
1421.392187500  0.006757793
1421.396093750  0.006722419
1421.400000000  0.006776744
1421.403906250  0.006775016
1421.407812500  0.006736521
1421.411718750  0.006690671
1421.415625000  0.006699016
1421.419531250  0.006721687
1421.423437500  0.006722384
1421.427343750  0.006693182
1421.431250000  0.006741723
1421.435156250  0.006675197
1421.439062500  0.006848144
1421.442968750  0.006697833
1421.446875000  0.006706366
1421.450781250  0.006727425
1421.454687500  0.006741133
1421.458593750  0.006709413
1421.462500000  0.006728667
1421.466406250  0.006783934
1421.470312500  0.006694259
1421.474218750  0.006697900
1421.478125000  0.006651368
1421.482031250  0.006740262
1421.485937500  0.006784821
1421.489843750  0.006790794
1421.493750000  0.006704643
1421.497656250  0.006717481
1421.501562500  0.006707719
1421.505468750  0.006720166
1421.509375000  0.006776974
1421.513281250  0.006699396
1421.517187500  0.006729594
1421.521093750  0.006768870
1421.525000000  0.006714214
1421.528906250  0.006730443
1421.532812500  0.006848370
1421.536718750  0.006768275
1421.540625000  0.006749281
1421.544531250  0.006711438
1421.548437500  0.006747845
1421.552343750  0.006741196
1421.556250000  0.006734513
1421.560156250  0.006663350
1421.564062500  0.006770772
1421.567968750  0.006664207
1421.571875000  0.006736128
1421.575781250  0.006764458
1421.579687500  0.006811454
1421.583593750  0.006800268
1421.587500000  0.006724553
1421.591406250  0.006679379
1421.595312500  0.006712702
1421.599218750  0.006668485
1421.603125000  0.006685869
1421.607031250  0.006730395
1421.610937500  0.006667115
1421.614843750  0.006741390
1421.618750000  0.006647997
1421.622656250  0.006729424
1421.626562500  0.006736955
1421.630468750  0.006806360
1421.634375000  0.006729017
1421.638281250  0.006729527
1421.642187500  0.006718525
1421.646093750  0.006776360
1421.650000000  0.006649805
1421.653906250  0.006694796
1421.657812500  0.006723285
1421.661718750  0.006707817
1421.665625000  0.006695231
1421.669531250  0.006662941
1421.673437500  0.006662230
1421.677343750  0.006756204
1421.681250000  0.006757210
1421.685156250  0.006745627
1421.689062500  0.006668225
1421.692968750  0.006750551
1421.696875000  0.006613703
1421.700781250  0.006691610
1421.704687500  0.006723609
1421.708593750  0.006682986
1421.712500000  0.006685843
1421.716406250  0.006705433
1421.720312500  0.006705194
1421.724218750  0.006710469
1421.728125000  0.006678065
1421.732031250  0.006697860
1421.735937500  0.006663762
1421.739843750  0.006639284
1421.743750000  0.006643200
1421.747656250  0.006657097
1421.751562500  0.006692137
1421.755468750  0.006634169
1421.759375000  0.006637915
1421.763281250  0.006670714
1421.767187500  0.006701694
1421.771093750  0.006624591
1421.775000000  0.006672258
1421.778906250  0.006669444
1421.782812500  0.006693655
1421.786718750  0.006639969
1421.790625000  0.006637499
1421.794531250  0.006625161
1421.798437500  0.006608770
1421.802343750  0.006682891
1421.806250000  0.006635399
1421.810156250  0.006570806
1421.814062500  0.006672799
1421.817968750  0.006702719
1421.821875000  0.006649138
1421.825781250  0.006663556
1421.829687500  0.006624959
1421.833593750  0.006600262
1421.837500000  0.006702921
1421.841406250  0.006640066
1421.845312500  0.006661236
1421.849218750  0.006628310
1421.853125000  0.006651744
1421.857031250  0.006594672
1421.860937500  0.006667113
1421.864843750  0.006651228
1421.868750000  0.006671442
1421.872656250  0.006618524
1421.876562500  0.006617148
1421.880468750  0.006594674
1421.884375000  0.006620020
1421.888281250  0.006611912
1421.892187500  0.006554401
1421.896093750  0.006617803
1421.900000000  0.006590213
1421.903906250  0.006639520
1421.907812500  0.006639310
1421.911718750  0.006619901
1421.915625000  0.006624040
1421.919531250  0.006605247
1421.923437500  0.006614640
1421.927343750  0.006589033
1421.931250000  0.006560284
1421.935156250  0.006614426
1421.939062500  0.006581585
1421.942968750  0.006608675
1421.946875000  0.006559679
1421.950781250  0.006577319
1421.954687500  0.006622664
1421.958593750  0.006612938
1421.962500000  0.006671671
1421.966406250  0.006551900
1421.970312500  0.006606010
1421.974218750  0.006569229
1421.978125000  0.006540246
1421.982031250  0.006633783
1421.985937500  0.006569902
1421.989843750  0.006597420
1421.993750000  0.006512325
1421.997656250  0.006566270
1422.001562500  0.006521725
1422.005468750  0.006553676
1422.009375000  0.006568580
1422.013281250  0.006551563
1422.017187500  0.006576434
1422.021093750  0.006540577
1422.025000000  0.006564182
1422.028906250  0.006520147
1422.032812500  0.006525918
1422.036718750  0.006563365
1422.040625000  0.006526837
1422.044531250  0.006546450
1422.048437500  0.006566399
1422.052343750  0.006557640
1422.056250000  0.006581036
1422.060156250  0.006554197
1422.064062500  0.006621177
1422.067968750  0.006558062
1422.071875000  0.006514840
1422.075781250  0.006602209
1422.079687500  0.006552417
1422.083593750  0.006520005
1422.087500000  0.006521993
1422.091406250  0.006577914
1422.095312500  0.006555233
1422.099218750  0.006531982
1422.103125000  0.006585068
1422.107031250  0.006580285
1422.110937500  0.006524425
1422.114843750  0.006544761
1422.118750000  0.006491805
1422.122656250  0.006514417
1422.126562500  0.006570460
1422.130468750  0.006539803
1422.134375000  0.006520880
1422.138281250  0.006538380
1422.142187500  0.006533225
1422.146093750  0.006486978
1422.150000000  0.006527689
1422.153906250  0.006622650
1422.157812500  0.006519414
1422.161718750  0.006589905
1422.165625000  0.006546686
1422.169531250  0.006476697
1422.173437500  0.006526185
1422.177343750  0.006469207
1422.181250000  0.006487810
1422.185156250  0.006487182
1422.189062500  0.006475098
1422.192968750  0.006482430
1422.196875000  0.006489743
1422.200781250  0.006584790
1422.204687500  0.006493693
1422.208593750  0.006542581
1422.212500000  0.006511949
1422.216406250  0.006516361
1422.220312500  0.006521702
1422.224218750  0.006467745
1422.228125000  0.006478753
1422.232031250  0.006485417
1422.235937500  0.006482911
1422.239843750  0.006469441
1422.243750000  0.006527539
1422.247656250  0.006516423
1422.251562500  0.006524696
1422.255468750  0.006522794
1422.259375000  0.006523820
1422.263281250  0.006435853
1422.267187500  0.006483228
1422.271093750  0.006489487
1422.275000000  0.006518938
1422.278906250  0.006416470
1422.282812500  0.006477278
1422.286718750  0.006505232
1422.290625000  0.006427017
1422.294531250  0.006536481
1422.298437500  0.006476947
1422.302343750  0.006436555
1422.306250000  0.006397432
1422.310156250  0.006483737
1422.314062500  0.006390187
1422.317968750  0.006527159
1422.321875000  0.006498763
1422.325781250  0.006494536
1422.329687500  0.006525097
1422.333593750  0.006491041
1422.337500000  0.006450436
1422.341406250  0.006525265
1422.345312500  0.006641636
1422.349218750  0.006443957
1422.353125000  0.006471285
1422.357031250  0.006409015
1422.360937500  0.006467968
1422.364843750  0.006488750
1422.368750000  0.006434637
1422.372656250  0.006466752
1422.376562500  0.006497142
1422.380468750  0.006471883
1422.384375000  0.006549515
1422.388281250  0.006495787
1422.392187500  0.006566859
1422.396093750  0.006436721
1422.400000000  0.006449212
1422.403906250  0.006486646
1422.407812500  0.006514495
1422.411718750  0.006447420
1422.415625000  0.006502331
1422.419531250  0.006490188
1422.423437500  0.006540155
1422.427343750  0.006444815
1422.431250000  0.006462701
1422.435156250  0.006410276
1422.439062500  0.006563747
1422.442968750  0.006473633
1422.446875000  0.006484566
1422.450781250  0.006444530
1422.454687500  0.006471321
1422.458593750  0.006402368
1422.462500000  0.006421048
1422.466406250  0.006478275
1422.470312500  0.006395984
1422.474218750  0.006411062
1422.478125000  0.006442334
1422.482031250  0.006442204
1422.485937500  0.006448689
1422.489843750  0.006442659
1422.493750000  0.006457908
1422.497656250  0.006474879
1422.501562500  0.006419939
1422.505468750  0.006415651
1422.509375000  0.006394438
1422.513281250  0.006466450
1422.517187500  0.006421854
1422.521093750  0.006456931
1422.525000000  0.006427266
1422.528906250  0.006435219
1422.532812500  0.006500096
1422.536718750  0.006485629
1422.540625000  0.006424142
1422.544531250  0.006368679
1422.548437500  0.006380554
1422.552343750  0.006465629
1422.556250000  0.006399978
1422.560156250  0.006463738
1422.564062500  0.006425875
1422.567968750  0.006449259
1422.571875000  0.006462302
1422.575781250  0.006448070
1422.579687500  0.006579413
1422.583593750  0.006467690
1422.587500000  0.006527683
1422.591406250  0.006463591
1422.595312500  0.006430532
1422.599218750  0.006463404
1422.603125000  0.006452612
1422.607031250  0.006443419
1422.610937500  0.006455700
1422.614843750  0.006467282
1422.618750000  0.006379994
1422.622656250  0.006468803
1422.626562500  0.006468368
1422.630468750  0.006490010
1422.634375000  0.006321226
1422.638281250  0.006439951
1422.642187500  0.006382871
1422.646093750  0.006457705
1422.650000000  0.006379423
1422.653906250  0.006495745
1422.657812500  0.006390513
1422.661718750  0.006478014
1422.665625000  0.006416110
1422.669531250  0.006459838
1422.673437500  0.006429562
1422.677343750  0.006520672
1422.681250000  0.006431005
1422.685156250  0.006382481
1422.689062500  0.006426853
1422.692968750  0.006532230
1422.696875000  0.006436879
1422.700781250  0.006462111
1422.704687500  0.006399980
1422.708593750  0.006379693
1422.712500000  0.006387312
1422.716406250  0.006490212
1422.720312500  0.006417781
1422.724218750  0.006459753
1422.728125000  0.006450700
1422.732031250  0.006474502
1422.735937500  0.006391939
1422.739843750  0.006449667
1422.743750000  0.006471714
1422.747656250  0.006396417
1422.751562500  0.006485437
1422.755468750  0.006444124
1422.759375000  0.006390927
1422.763281250  0.006398091
1422.767187500  0.006465680
1422.771093750  0.006495086
1422.775000000  0.006401509
1422.778906250  0.006432129
1422.782812500  0.006385497
1422.786718750  0.006529978
1422.790625000  0.006395870
1422.794531250  0.006434034
1422.798437500  0.006357363
1422.802343750  0.006407715
1422.806250000  0.006432191
1422.810156250  0.006455535
1422.814062500  0.006341530
1422.817968750  0.006413017
1422.821875000  0.006440766
1422.825781250  0.006382374
1422.829687500  0.006406836
1422.833593750  0.006369876
1422.837500000  0.006415551
1422.841406250  0.006407463
1422.845312500  0.006419106
1422.849218750  0.006429559
1422.853125000  0.006376814
1422.857031250  0.006412149
1422.860937500  0.006384311
1422.864843750  0.006460948
1422.868750000  0.006448543
1422.872656250  0.006471409
1422.876562500  0.006420707
1422.880468750  0.006408933
1422.884375000  0.006369732
1422.888281250  0.006466789
1422.892187500  0.006393494
1422.896093750  0.006372434
1422.900000000  0.006485865
1422.903906250  0.006426434
1422.907812500  0.006382117
1422.911718750  0.006428469
1422.915625000  0.006497957
1422.919531250  0.006412918
1422.923437500  0.006456036
1422.927343750  0.006470009
1422.931250000  0.006434534
1422.935156250  0.006344367
1422.939062500  0.006475960
1422.942968750  0.006421052
1422.946875000  0.006441130
1422.950781250  0.006454601
1422.954687500  0.006322789
1422.958593750  0.006457554
1422.962500000  0.006461012
1422.966406250  0.006384962
1422.970312500  0.006472041
1422.974218750  0.006354993
1422.978125000  0.006427212
1422.982031250  0.006424451
1422.985937500  0.006387605
1422.989843750  0.006443664
1422.993750000  0.006461688
1422.997656250  0.006389824
1423.001562500  0.006399368
1423.005468750  0.006421136
1423.009375000  0.006507253
1423.013281250  0.006455040
1423.017187500  0.006480220
1423.021093750  0.006420670
1423.025000000  0.006464110
1423.028906250  0.006452154
1423.032812500  0.006404831
1423.036718750  0.006406575
1423.040625000  0.006417121
1423.044531250  0.006441867
1423.048437500  0.006358110
1423.052343750  0.006369465
1423.056250000  0.006440379
1423.060156250  0.006426639
1423.064062500  0.006413651
1423.067968750  0.006483874
1423.071875000  0.006462752
1423.075781250  0.006379416
1423.079687500  0.006456216
1423.083593750  0.006449944
1423.087500000  0.006458128
1423.091406250  0.006342820
1423.095312500  0.006457134
1423.099218750  0.006496600
1423.103125000  0.006482053
1423.107031250  0.006443859
1423.110937500  0.006457084
1423.114843750  0.006440781
1423.118750000  0.006470564
1423.122656250  0.006420545
1423.126562500  0.006394993
1423.130468750  0.006449122
1423.134375000  0.006404116
1423.138281250  0.006386912
1423.142187500  0.006461175
1423.146093750  0.006473010
1423.150000000  0.006461013
1423.153906250  0.006464101
1423.157812500  0.006446867
1423.161718750  0.006423714
1423.165625000  0.006407630
1423.169531250  0.006434649
1423.173437500  0.006401440
1423.177343750  0.006487686
1423.181250000  0.006474603
1423.185156250  0.006433993
1423.189062500  0.006449546
1423.192968750  0.006478573
1423.196875000  0.006449147
1423.200781250  0.006532388
1423.204687500  0.006458729
1423.208593750  0.006439487
1423.212500000  0.006429824
1423.216406250  0.006418012
1423.220312500  0.006410024
1423.224218750  0.006424220
1423.228125000  0.006422935
1423.232031250  0.006475177
1423.235937500  0.006412038
1423.239843750  0.006444050
1423.243750000  0.006468155
1423.247656250  0.006513441
1423.251562500  0.006421519
1423.255468750  0.006443624
1423.259375000  0.006414484
1423.263281250  0.006472318
1423.267187500  0.006487673
1423.271093750  0.006409285
1423.275000000  0.006522948
1423.278906250  0.006429737
1423.282812500  0.006477536
1423.286718750  0.006462195
1423.290625000  0.006425601
1423.294531250  0.006549608
1423.298437500  0.006437470
1423.302343750  0.006515295
1423.306250000  0.006459477
1423.310156250  0.006455813
1423.314062500  0.006507533
1423.317968750  0.006479737
1423.321875000  0.006478505
1423.325781250  0.006446416
1423.329687500  0.006484445
1423.333593750  0.006456848
1423.337500000  0.006498605
1423.341406250  0.006540872
1423.345312500  0.006488233
1423.349218750  0.006451461
1423.353125000  0.006537705
1423.357031250  0.006452646
1423.360937500  0.006511259
1423.364843750  0.006490292
1423.368750000  0.006454027
1423.372656250  0.006524744
1423.376562500  0.006559368
1423.380468750  0.006516943
1423.384375000  0.006508992
1423.388281250  0.006507582
1423.392187500  0.006551170
1423.396093750  0.006475726
1423.400000000  0.006448853
1423.403906250  0.006492387
1423.407812500  0.006506606
1423.411718750  0.006534419
1423.415625000  0.006555678
1423.419531250  0.006489671
1423.423437500  0.006591092
1423.427343750  0.006552023
1423.431250000  0.006484567
1423.435156250  0.006551709
1423.439062500  0.006562506
1423.442968750  0.006520133
1423.446875000  0.006539270
1423.450781250  0.006472509
1423.454687500  0.006540631
1423.458593750  0.006537956
1423.462500000  0.006537555
1423.466406250  0.006450046
1423.470312500  0.006571860
1423.474218750  0.006492747
1423.478125000  0.006514681
1423.482031250  0.006529683
1423.485937500  0.006663492
1423.489843750  0.006538160
1423.493750000  0.006536783
1423.497656250  0.006586339
1423.501562500  0.006550037
1423.505468750  0.006563419
1423.509375000  0.006594210
1423.513281250  0.006603400
1423.517187500  0.006535332
1423.521093750  0.006531788
1423.525000000  0.006516262
1423.528906250  0.006642420
1423.532812500  0.006712189
1423.536718750  0.006595284
1423.540625000  0.006569131
1423.544531250  0.006611855
1423.548437500  0.006551036
1423.552343750  0.006609689
1423.556250000  0.006578217
1423.560156250  0.006586694
1423.564062500  0.006604220
1423.567968750  0.006546635
1423.571875000  0.006605754
1423.575781250  0.006590165
1423.579687500  0.006736914
1423.583593750  0.006634435
1423.587500000  0.006536070
1423.591406250  0.006585143
1423.595312500  0.006544716
1423.599218750  0.006548794
1423.603125000  0.006691224
1423.607031250  0.006628424
1423.610937500  0.006611475
1423.614843750  0.006612054
1423.618750000  0.006680542
1423.622656250  0.006671568
1423.626562500  0.006677596
1423.630468750  0.006676532
1423.634375000  0.006651348
1423.638281250  0.006640445
1423.642187500  0.006623200
1423.646093750  0.006615811
1423.650000000  0.006633938
1423.653906250  0.006659280
1423.657812500  0.006627212
1423.661718750  0.006645967
1423.665625000  0.006689395
1423.669531250  0.006714756
1423.673437500  0.006722194
1423.677343750  0.006823986
1423.681250000  0.006607356
1423.685156250  0.006664277
1423.689062500  0.006643702
1423.692968750  0.006647116
1423.696875000  0.006673830
1423.700781250  0.006728497
1423.704687500  0.006723115
1423.708593750  0.006680033
1423.712500000  0.006690613
1423.716406250  0.006665834
1423.720312500  0.006738125
1423.724218750  0.006876474
1423.728125000  0.006751770
1423.732031250  0.006647087
1423.735937500  0.006750326
1423.739843750  0.006761960
1423.743750000  0.006660419
1423.747656250  0.006717378
1423.751562500  0.006741202
1423.755468750  0.006727590
1423.759375000  0.006717705
1423.763281250  0.006772540
1423.767187500  0.006767328
1423.771093750  0.006884044
1423.775000000  0.006762451
1423.778906250  0.006694629
1423.782812500  0.006779056
1423.786718750  0.006738084
1423.790625000  0.006746144
1423.794531250  0.006754797
1423.798437500  0.006727276
1423.802343750  0.006680023
1423.806250000  0.006736709
1423.810156250  0.006839992
1423.814062500  0.006683066
1423.817968750  0.006912711
1423.821875000  0.006833262
1423.825781250  0.006817786
1423.829687500  0.006797217
1423.833593750  0.006780035
1423.837500000  0.006794669
1423.841406250  0.006791413
1423.845312500  0.006792397
1423.849218750  0.006789629
1423.853125000  0.006814572
1423.857031250  0.006782456
1423.860937500  0.006847708
1423.864843750  0.006884037
1423.868750000  0.006798394
1423.872656250  0.006792722
1423.876562500  0.006784123
1423.880468750  0.006810287
1423.884375000  0.006838041
1423.888281250  0.006886953
1423.892187500  0.006823498
1423.896093750  0.006838788
1423.900000000  0.006810603
1423.903906250  0.006786318
1423.907812500  0.006893814
1423.911718750  0.006893426
1423.915625000  0.006928365
1423.919531250  0.006805571
1423.923437500  0.006813212
1423.927343750  0.006800609
1423.931250000  0.006872233
1423.935156250  0.006891785
1423.939062500  0.006858850
1423.942968750  0.006820636
1423.946875000  0.006881424
1423.950781250  0.006917162
1423.954687500  0.006877500
1423.958593750  0.006918222
1423.962500000  0.006954227
1423.966406250  0.006840810
1423.970312500  0.006897582
1423.974218750  0.006928855
1423.978125000  0.006961265
1423.982031250  0.007001754
1423.985937500  0.008885775
1423.989843750  0.009023083
1423.993750000  0.007152309
1423.997656250  0.007275988
1424.001562500  0.007678059
1424.005468750  0.006976265
1424.009375000  0.007099181
1424.013281250  0.006932811
1424.017187500  0.006980900
1424.021093750  0.006899309
1424.025000000  0.006906701
1424.028906250  0.006941525
1424.032812500  0.007034344
1424.036718750  0.006922934
1424.040625000  0.007016987
1424.044531250  0.006967527
1424.048437500  0.006949641
1424.052343750  0.006924265
1424.056250000  0.007111457
1424.060156250  0.006983679
1424.064062500  0.006959222
1424.067968750  0.006912727
1424.071875000  0.006973231
1424.075781250  0.006949744
1424.079687500  0.007013584
1424.083593750  0.007000995
1424.087500000  0.006952044
1424.091406250  0.006975030
1424.095312500  0.006977544
1424.099218750  0.007005910
1424.103125000  0.007179861
1424.107031250  0.007058411
1424.110937500  0.006982588
1424.114843750  0.007026890
1424.118750000  0.007000960
1424.122656250  0.007041769
1424.126562500  0.007014525
1424.130468750  0.007063269
1424.134375000  0.007060607
1424.138281250  0.006996008
1424.142187500  0.007014934
1424.146093750  0.007042926
1424.150000000  0.007112087
1424.153906250  0.007203155
1424.157812500  0.007127464
1424.161718750  0.007090154
1424.165625000  0.007026452
1424.169531250  0.006996742
1424.173437500  0.007068020
1424.177343750  0.007075597
1424.181250000  0.007018087
1424.185156250  0.007062524
1424.189062500  0.007003079
1424.192968750  0.007040171
1424.196875000  0.007059188
1424.200781250  0.007381152
1424.204687500  0.007097381
1424.208593750  0.007157395
1424.212500000  0.007088962
1424.216406250  0.007127484
1424.220312500  0.007072046
1424.224218750  0.007128199
1424.228125000  0.007197502
1424.232031250  0.007047497
1424.235937500  0.007113722
1424.239843750  0.007131588
1424.243750000  0.007122679
1424.247656250  0.007381900
1424.251562500  0.007191418
1424.255468750  0.007148112
1424.259375000  0.007127202
1424.263281250  0.007154965
1424.267187500  0.007120829
1424.271093750  0.007140107
1424.275000000  0.007105107
1424.278906250  0.007134713
1424.282812500  0.007117611
1424.286718750  0.007096514
1424.290625000  0.007135747
1424.294531250  0.007311997
1424.298437500  0.007134811
1424.302343750  0.007107865
1424.306250000  0.007211253
1424.310156250  0.007099713
1424.314062500  0.007130486
1424.317968750  0.007264146
1424.321875000  0.007129233
1424.325781250  0.007134832
1424.329687500  0.007077792
1424.333593750  0.007130356
1424.337500000  0.007141277
1424.341406250  0.007318311
1424.345312500  0.007228248
1424.349218750  0.007112464
1424.353125000  0.007153440
1424.357031250  0.007122064
1424.360937500  0.007119453
1424.364843750  0.007139227
1424.368750000  0.007123756
1424.372656250  0.007209030
1424.376562500  0.007103076
1424.380468750  0.007152990
1424.384375000  0.007208543
1424.388281250  0.007195813
1424.392187500  0.007281011
1424.396093750  0.007081203

