2000(10000)
1416.400000000  0.007611048
1416.403906250  0.007610869
1416.407812500  0.007595402
1416.411718750  0.007650718
1416.415625000  0.007628820
1416.419531250  0.007597929
1416.423437500  0.007671278
1416.427343750  0.007684687
1416.431250000  0.007645307
1416.435156250  0.007642239
1416.439062500  0.007784112
1416.442968750  0.007641117
1416.446875000  0.007673694
1416.450781250  0.007646902
1416.454687500  0.007576243
1416.458593750  0.007634537
1416.462500000  0.007611136
1416.466406250  0.007555979
1416.470312500  0.007499903
1416.474218750  0.007585381
1416.478125000  0.007553322
1416.482031250  0.007650489
1416.485937500  0.007831375
1416.489843750  0.007709673
1416.493750000  0.007630901
1416.497656250  0.007603571
1416.501562500  0.007568568
1416.505468750  0.007583293
1416.509375000  0.007509355
1416.513281250  0.007622687
1416.517187500  0.007569519
1416.521093750  0.007609573
1416.525000000  0.007586563
1416.528906250  0.007606336
1416.532812500  0.007805323
1416.536718750  0.007635589
1416.540625000  0.007656190
1416.544531250  0.007560114
1416.548437500  0.007534193
1416.552343750  0.007518093
1416.556250000  0.007531512
1416.560156250  0.007580318
1416.564062500  0.007593219
1416.567968750  0.007664972
1416.571875000  0.007533949
1416.575781250  0.007616434
1416.579687500  0.007665882
1416.583593750  0.007595271
1416.587500000  0.007639153
1416.591406250  0.007692150
1416.595312500  0.007576690
1416.599218750  0.007550660
1416.603125000  0.007639877
1416.607031250  0.007593606
1416.610937500  0.007535933
1416.614843750  0.007561111
1416.618750000  0.007650849
1416.622656250  0.007568271
1416.626562500  0.007714280
1416.630468750  0.007699617
1416.634375000  0.007674889
1416.638281250  0.007635304
1416.642187500  0.007674157
1416.646093750  0.008005855
1416.650000000  0.008045244
1416.653906250  0.007874344
1416.657812500  0.007722019
1416.661718750  0.007624242
1416.665625000  0.007533587
1416.669531250  0.007552890
1416.673437500  0.007587036
1416.677343750  0.007661588
1416.681250000  0.007475664
1416.685156250  0.007534437
1416.689062500  0.007598584
1416.692968750  0.007492966
1416.696875000  0.007581343
1416.700781250  0.007657000
1416.704687500  0.007603481
1416.708593750  0.007450761
1416.712500000  0.007511027
1416.716406250  0.007489919
1416.720312500  0.007497001
1416.724218750  0.007612539
1416.728125000  0.007438743
1416.732031250  0.007421865
1416.735937500  0.007426105
1416.739843750  0.007418657
1416.743750000  0.007403271
1416.747656250  0.007405697
1416.751562500  0.007598771
1416.755468750  0.008034835
1416.759375000  0.007679683
1416.763281250  0.007604513
1416.767187500  0.007534263
1416.771093750  0.007616266
1416.775000000  0.007510157
1416.778906250  0.007497175
1416.782812500  0.007494570
1416.786718750  0.007503585
1416.790625000  0.007421040
1416.794531250  0.007455242
1416.798437500  0.007416424
1416.802343750  0.007483453
1416.806250000  0.007544659
1416.810156250  0.008941079
1416.814062500  0.008249642
1416.817968750  0.007820823
1416.821875000  0.007569847
1416.825781250  0.007488111
1416.829687500  0.007529118
1416.833593750  0.007519353
1416.837500000  0.007530826
1416.841406250  0.007692761
1416.845312500  0.007618053
1416.849218750  0.007681370
1416.853125000  0.007810078
1416.857031250  0.008341330
1416.860937500  0.009700186
1416.864843750  0.022347761
1416.868750000  0.017380466
1416.872656250  0.009217303
1416.876562500  0.008181258
1416.880468750  0.007730075
1416.884375000  0.007701144
1416.888281250  0.007520232
1416.892187500  0.007574797
1416.896093750  0.007612461
1416.900000000  0.007436990
1416.903906250  0.007404649
1416.907812500  0.007493666
1416.911718750  0.007544686
1416.915625000  0.007703938
1416.919531250  0.008924566
1416.923437500  0.008411418
1416.927343750  0.007467606
1416.931250000  0.007405693
1416.935156250  0.007338047
1416.939062500  0.007358959
1416.942968750  0.007251172
1416.946875000  0.007341615
1416.950781250  0.007293502
1416.954687500  0.007282013
1416.958593750  0.007300566
1416.962500000  0.007435782
1416.966406250  0.007369576
1416.970312500  0.007394407
1416.974218750  0.007855579
1416.978125000  0.007679392
1416.982031250  0.007290523
1416.985937500  0.007302177
1416.989843750  0.007258910
1416.993750000  0.007299264
1416.997656250  0.007704016
1417.001562500  0.008026358
1417.005468750  0.007286364
1417.009375000  0.007549742
1417.013281250  0.007220599
1417.017187500  0.007286170
1417.021093750  0.007228294
1417.025000000  0.007245945
1417.028906250  0.007613473
1417.032812500  0.007561080
1417.036718750  0.007308080
1417.040625000  0.007186201
1417.044531250  0.007165426
1417.048437500  0.007180336
1417.052343750  0.007234205
1417.056250000  0.007307252
1417.060156250  0.007199010
1417.064062500  0.007266388
1417.067968750  0.007246434
1417.071875000  0.007364569
1417.075781250  0.007456143
1417.079687500  0.007613936
1417.083593750  0.007869404
1417.087500000  0.007627450
1417.091406250  0.007248054
1417.095312500  0.007251466
1417.099218750  0.007224642
1417.103125000  0.007397465
1417.107031250  0.007181978
1417.110937500  0.007124415
1417.114843750  0.007114573
1417.118750000  0.007149434
1417.122656250  0.007145551
1417.126562500  0.007183261
1417.130468750  0.007069713
1417.134375000  0.007177075
1417.138281250  0.007253658
1417.142187500  0.007244167
1417.146093750  0.007109269
1417.150000000  0.007119829
1417.153906250  0.007129451
1417.157812500  0.007059031
1417.161718750  0.007107155
1417.165625000  0.007002507
1417.169531250  0.007016665
1417.173437500  0.007055738
1417.177343750  0.007000030
1417.181250000  0.007065000
1417.185156250  0.007069460
1417.189062500  0.007073917
1417.192968750  0.007128593
1417.196875000  0.007161031
1417.200781250  0.007230389
1417.204687500  0.006993202
1417.208593750  0.007015768
1417.212500000  0.006934372
1417.216406250  0.007000127
1417.220312500  0.006982011
1417.224218750  0.006972751
1417.228125000  0.006962521
1417.232031250  0.006954056
1417.235937500  0.006947980
1417.239843750  0.007026180
1417.243750000  0.006996244
1417.247656250  0.007245965
1417.251562500  0.007110633
1417.255468750  0.006983753
1417.259375000  0.006973687
1417.263281250  0.006942516
1417.267187500  0.006947978
1417.271093750  0.006970308
1417.275000000  0.006946447
1417.278906250  0.006957620
1417.282812500  0.006967162
1417.286718750  0.006996076
1417.290625000  0.007007350
1417.294531250  0.007111725
1417.298437500  0.006925585
1417.302343750  0.006944561
1417.306250000  0.007008833
1417.310156250  0.006872705
1417.314062500  0.006981884
1417.317968750  0.006853140
1417.321875000  0.006906827
1417.325781250  0.006899377
1417.329687500  0.006917771
1417.333593750  0.006878542
1417.337500000  0.006934938
1417.341406250  0.006959212
1417.345312500  0.006938791
1417.349218750  0.006920817
1417.353125000  0.006949575
1417.357031250  0.006874591
1417.360937500  0.006955352
1417.364843750  0.006865770
1417.368750000  0.006858937
1417.372656250  0.006923482
1417.376562500  0.006832807
1417.380468750  0.006852816
1417.384375000  0.006878496
1417.388281250  0.006908542
1417.392187500  0.006945759
1417.396093750  0.006796078
1417.400000000  0.006879032
1417.403906250  0.006825886
1417.407812500  0.006836259
1417.411718750  0.006839405
1417.415625000  0.006895501
1417.419531250  0.006910420
1417.423437500  0.006853244
1417.427343750  0.006845537
1417.431250000  0.006842511
1417.435156250  0.006775192
1417.439062500  0.006953456
1417.442968750  0.006874682
1417.446875000  0.006837995
1417.450781250  0.006787035
1417.454687500  0.006835625
1417.458593750  0.006801911
1417.462500000  0.006836030
1417.466406250  0.006895724
1417.470312500  0.006912960
1417.474218750  0.006804613
1417.478125000  0.006786484
1417.482031250  0.006788288
1417.485937500  0.006921481
1417.489843750  0.006823254
1417.493750000  0.006823429
1417.497656250  0.006770876
1417.501562500  0.006772456
1417.505468750  0.006756856
1417.509375000  0.006789371
1417.513281250  0.006751681
1417.517187500  0.006824529
1417.521093750  0.006779380
1417.525000000  0.006804370
1417.528906250  0.006845454
1417.532812500  0.006929542
1417.536718750  0.006796125
1417.540625000  0.006742030
1417.544531250  0.006784131
1417.548437500  0.006725648
1417.552343750  0.006745399
1417.556250000  0.006708943
1417.560156250  0.006710390
1417.564062500  0.006782536
1417.567968750  0.006704275
1417.571875000  0.006712795
1417.575781250  0.006744293
1417.579687500  0.006918596
1417.583593750  0.006787123
1417.587500000  0.006701880
1417.591406250  0.006753218
1417.595312500  0.006733726
1417.599218750  0.006693664
1417.603125000  0.006732952
1417.607031250  0.006692189
1417.610937500  0.006727498
1417.614843750  0.006713351
1417.618750000  0.006706754
1417.622656250  0.006715988
1417.626562500  0.006820984
1417.630468750  0.006726436
1417.634375000  0.006749132
1417.638281250  0.006684490
1417.642187500  0.006699496
1417.646093750  0.006666945
1417.650000000  0.006727301
1417.653906250  0.006716905
1417.657812500  0.006687818
1417.661718750  0.006662793
1417.665625000  0.006687824
1417.669531250  0.006689682
1417.673437500  0.006728403
1417.677343750  0.006798754
1417.681250000  0.006689312
1417.685156250  0.006716547
1417.689062500  0.006731429
1417.692968750  0.006665268
1417.696875000  0.006594769
1417.700781250  0.006694774
1417.704687500  0.006684281
1417.708593750  0.006643570
1417.712500000  0.006642520
1417.716406250  0.006715022
1417.720312500  0.006624759
1417.724218750  0.006817982
1417.728125000  0.006640204
1417.732031250  0.006602913
1417.735937500  0.006669943
1417.739843750  0.006676437
1417.743750000  0.006740580
1417.747656250  0.006654857
1417.751562500  0.006701171
1417.755468750  0.006614402
1417.759375000  0.006662964
1417.763281250  0.006596452
1417.767187500  0.006628556
1417.771093750  0.006814297
1417.775000000  0.006705528
1417.778906250  0.006650284
1417.782812500  0.006629016
1417.786718750  0.006676407
1417.790625000  0.006610233
1417.794531250  0.006647586
1417.798437500  0.006637447
1417.802343750  0.006604550
1417.806250000  0.006612916
1417.810156250  0.006606798
1417.814062500  0.006641067
1417.817968750  0.006726173
1417.821875000  0.006645560
1417.825781250  0.006614546
1417.829687500  0.006626421
1417.833593750  0.006637169
1417.837500000  0.006655106
1417.841406250  0.006596966
1417.845312500  0.006599152
1417.849218750  0.006562163
1417.853125000  0.006604870
1417.857031250  0.006624073
1417.860937500  0.006587733
1417.864843750  0.006718444
1417.868750000  0.006649551
1417.872656250  0.006619251
1417.876562500  0.006577558
1417.880468750  0.006533124
1417.884375000  0.006516982
1417.888281250  0.006570159
1417.892187500  0.006626147
1417.896093750  0.006563442
1417.900000000  0.006583106
1417.903906250  0.006576559
1417.907812500  0.006628904
1417.911718750  0.006608175
1417.915625000  0.006700527
1417.919531250  0.006613037
1417.923437500  0.006622385
1417.927343750  0.006614223
1417.931250000  0.006541889
1417.935156250  0.006626727
1417.939062500  0.006569686
1417.942968750  0.006606978
1417.946875000  0.006558293
1417.950781250  0.006555975
1417.954687500  0.006514207
1417.958593750  0.006623436
1417.962500000  0.006733471
1417.966406250  0.006588702
1417.970312500  0.006558537
1417.974218750  0.006484210
1417.978125000  0.006577373
1417.982031250  0.006524088
1417.985937500  0.006553696
1417.989843750  0.006581939
1417.993750000  0.006515812
1417.997656250  0.006533178
1418.001562500  0.006612803
1418.005468750  0.006573382
1418.009375000  0.006745333
1418.013281250  0.006557253
1418.017187500  0.006613064
1418.021093750  0.006524290
1418.025000000  0.006549528
1418.028906250  0.006524939
1418.032812500  0.006588648
1418.036718750  0.006595805
1418.040625000  0.006508969
1418.044531250  0.006572708
1418.048437500  0.006574591
1418.052343750  0.006494974
1418.056250000  0.006705603
1418.060156250  0.006566846
1418.064062500  0.006594239
1418.067968750  0.006546017
1418.071875000  0.006551341
1418.075781250  0.006485958
1418.079687500  0.006470354
1418.083593750  0.006526025
1418.087500000  0.006556120
1418.091406250  0.006530213
1418.095312500  0.006548409
1418.099218750  0.006548391
1418.103125000  0.006607526
1418.107031250  0.006640714
1418.110937500  0.006445383
1418.114843750  0.006548308
1418.118750000  0.006540810
1418.122656250  0.006506491
1418.126562500  0.006596495
1418.130468750  0.006570812
1418.134375000  0.006537586
1418.138281250  0.006477674
1418.142187500  0.006549049
1418.146093750  0.006557044
1418.150000000  0.006565059
1418.153906250  0.006648324
1418.157812500  0.006523326
1418.161718750  0.006458689
1418.165625000  0.006507061
1418.169531250  0.006493446
1418.173437500  0.006502952
1418.177343750  0.006517532
1418.181250000  0.006504015
1418.185156250  0.006464301
1418.189062500  0.006526606
1418.192968750  0.006430122
1418.196875000  0.006540359
1418.200781250  0.006655365
1418.204687500  0.006487651
1418.208593750  0.006492121
1418.212500000  0.006441677
1418.216406250  0.006527105
1418.220312500  0.006456517
1418.224218750  0.006508437
1418.228125000  0.006443753
1418.232031250  0.006526020
1418.235937500  0.006511553
1418.239843750  0.006523076
1418.243750000  0.006542811
1418.247656250  0.006667134
1418.251562500  0.006489151
1418.255468750  0.006550896
1418.259375000  0.006559323
1418.263281250  0.006487498
1418.267187500  0.006445570
1418.271093750  0.006462403
1418.275000000  0.006503356
1418.278906250  0.006534796
1418.282812500  0.006514853
1418.286718750  0.006405412
1418.290625000  0.006521514
1418.294531250  0.006671389
1418.298437500  0.006473073
1418.302343750  0.006509175
1418.306250000  0.006489742
1418.310156250  0.006444254
1418.314062500  0.006473260
1418.317968750  0.006565615
1418.321875000  0.006445157
1418.325781250  0.006488374
1418.329687500  0.006481649
1418.333593750  0.006480115
1418.337500000  0.006477428
1418.341406250  0.006600703
1418.345312500  0.006527111
1418.349218750  0.006523751
1418.353125000  0.006511727
1418.357031250  0.006466143
1418.360937500  0.006504193
1418.364843750  0.006436441
1418.368750000  0.006528355
1418.372656250  0.006418867
1418.376562500  0.006527593
1418.380468750  0.006486028
1418.384375000  0.006469402
1418.388281250  0.006511387
1418.392187500  0.006581242
1418.396093750  0.006427080
1418.400000000  0.006542847
1418.403906250  0.006470799
1418.407812500  0.006489107
1418.411718750  0.006492740
1418.415625000  0.006475711
1418.419531250  0.006435707
1418.423437500  0.006476844
1418.427343750  0.006438880
1418.431250000  0.006519576
1418.435156250  0.006535097
1418.439062500  0.006633788
1418.442968750  0.006448811
1418.446875000  0.006495320
1418.450781250  0.006512667
1418.454687500  0.006521977
1418.458593750  0.006483825
1418.462500000  0.006429960
1418.466406250  0.006496467
1418.470312500  0.006430605
1418.474218750  0.006460957
1418.478125000  0.006482960
1418.482031250  0.006460964
1418.485937500  0.006650338
1418.489843750  0.006480962
1418.493750000  0.006440192
1418.497656250  0.006509571
1418.501562500  0.006462486
1418.505468750  0.006529795
1418.509375000  0.006477632
1418.513281250  0.006458851
1418.517187500  0.006430556
1418.521093750  0.006405590
1418.525000000  0.006464563
1418.528906250  0.006473857
1418.532812500  0.006704874
1418.536718750  0.006485257
1418.540625000  0.006473123
1418.544531250  0.006502683
1418.548437500  0.006478497
1418.552343750  0.006490130
1418.556250000  0.006463011
1418.560156250  0.006461779
1418.564062500  0.006460364
1418.567968750  0.006486433
1418.571875000  0.006528046
1418.575781250  0.006520680
1418.579687500  0.006676993
1418.583593750  0.006551076
1418.587500000  0.006427184
1418.591406250  0.006451923
1418.595312500  0.006439850
1418.599218750  0.006428992
1418.603125000  0.006480800
1418.607031250  0.006466347
1418.610937500  0.006464348
1418.614843750  0.006470317
1418.618750000  0.006501797
1418.622656250  0.006487138
1418.626562500  0.006582033
1418.630468750  0.006525596
1418.634375000  0.006463949
1418.638281250  0.006462109
1418.642187500  0.006459805
1418.646093750  0.006417261
1418.650000000  0.006509058
1418.653906250  0.006443847
1418.657812500  0.006535528
1418.661718750  0.006500409
1418.665625000  0.006487987
1418.669531250  0.006462118
1418.673437500  0.006591319
1418.677343750  0.006604659
1418.681250000  0.006531688
1418.685156250  0.006527829
1418.689062500  0.006492923
1418.692968750  0.006478021
1418.696875000  0.006486742
1418.700781250  0.006492663
1418.704687500  0.006502687
1418.708593750  0.006425225
1418.712500000  0.006455809
1418.716406250  0.006530969
1418.720312500  0.006457666
1418.724218750  0.006590297
1418.728125000  0.006547943
1418.732031250  0.006467217
1418.735937500  0.006510022
1418.739843750  0.006418772
1418.743750000  0.006495626
1418.747656250  0.006474696
1418.751562500  0.006475734
1418.755468750  0.006462574
1418.759375000  0.006468669
1418.763281250  0.006463342
1418.767187500  0.006488410
1418.771093750  0.006621058
1418.775000000  0.006501069
1418.778906250  0.006492822
1418.782812500  0.006473681
1418.786718750  0.006481779
1418.790625000  0.006470341
1418.794531250  0.006565282
1418.798437500  0.006461275
1418.802343750  0.006485482
1418.806250000  0.006512335
1418.810156250  0.006505070
1418.814062500  0.006490128
1418.817968750  0.006621543
1418.821875000  0.006529518
1418.825781250  0.006537500
1418.829687500  0.006443484
1418.833593750  0.006472138
1418.837500000  0.006527958
1418.841406250  0.006468390
1418.845312500  0.006497606
1418.849218750  0.006453338
1418.853125000  0.006474089
1418.857031250  0.006472325
1418.860937500  0.006503434
1418.864843750  0.006520004
1418.868750000  0.006592562
1418.872656250  0.006482588
1418.876562500  0.006489911
1418.880468750  0.006513818
1418.884375000  0.006483627
1418.888281250  0.006486031
1418.892187500  0.006520568
1418.896093750  0.006525467
1418.900000000  0.006469875
1418.903906250  0.006440129
1418.907812500  0.006503528
1418.911718750  0.006548073
1418.915625000  0.006673348
1418.919531250  0.006527406
1418.923437500  0.006520911
1418.927343750  0.006492765
1418.931250000  0.006478434
1418.935156250  0.006441759
1418.939062500  0.006517591
1418.942968750  0.006520560
1418.946875000  0.006576219
1418.950781250  0.006516852
1418.954687500  0.006490469
1418.958593750  0.006562489
1418.962500000  0.006616251
1418.966406250  0.006525287
1418.970312500  0.006527039
1418.974218750  0.006504968
1418.978125000  0.006514677
1418.982031250  0.006471022
1418.985937500  0.006550853
1418.989843750  0.006474554
1418.993750000  0.006530585
1418.997656250  0.006490829
1419.001562500  0.006511160
1419.005468750  0.006541363
1419.009375000  0.006787474
1419.013281250  0.006516578
1419.017187500  0.006503498
1419.021093750  0.006481939
1419.025000000  0.006545323
1419.028906250  0.006536577
1419.032812500  0.006529621
1419.036718750  0.006532009
1419.040625000  0.006525556
1419.044531250  0.006528118
1419.048437500  0.006522717
1419.052343750  0.006518122
1419.056250000  0.006675728
1419.060156250  0.006529894
1419.064062500  0.006621506
1419.067968750  0.006540642
1419.071875000  0.006483820
1419.075781250  0.006526711
1419.079687500  0.006566072
1419.083593750  0.006466569
1419.087500000  0.006534815
1419.091406250  0.006558630
1419.095312500  0.006563969
1419.099218750  0.006480498
1419.103125000  0.006567614
1419.107031250  0.006594452
1419.110937500  0.006483596
1419.114843750  0.006514792
1419.118750000  0.006525955
1419.122656250  0.006534213
1419.126562500  0.006535456
1419.130468750  0.006596241
1419.134375000  0.007374916
1419.138281250  0.006536156
1419.142187500  0.006547898
1419.146093750  0.006520448
1419.150000000  0.006568910
1419.153906250  0.006571136
1419.157812500  0.006501923
1419.161718750  0.006564964
1419.165625000  0.006603840
1419.169531250  0.006590649
1419.173437500  0.006534579
1419.177343750  0.006539689
1419.181250000  0.006553390
1419.185156250  0.006577839
1419.189062500  0.006596852
1419.192968750  0.006561777
1419.196875000  0.006553719
1419.200781250  0.006671910
1419.204687500  0.006568951
1419.208593750  0.006500571
1419.212500000  0.006565301
1419.216406250  0.006523206
1419.220312500  0.006532626
1419.224218750  0.006510425
1419.228125000  0.006567386
1419.232031250  0.006529308
1419.235937500  0.006538608
1419.239843750  0.006541637
1419.243750000  0.006531562
1419.247656250  0.006646190
1419.251562500  0.006533608
1419.255468750  0.006571329
1419.259375000  0.006559581
1419.263281250  0.006525452
1419.267187500  0.006586899
1419.271093750  0.006578485
1419.275000000  0.006615260
1419.278906250  0.006507619
1419.282812500  0.006556714
1419.286718750  0.006550268
1419.290625000  0.006493742
1419.294531250  0.006679126
1419.298437500  0.006572594
1419.302343750  0.006595394
1419.306250000  0.006526319
1419.310156250  0.006533697
1419.314062500  0.006577381
1419.317968750  0.006522272
1419.321875000  0.006588610
1419.325781250  0.006611796
1419.329687500  0.006616168
1419.333593750  0.006586520
1419.337500000  0.006605277
1419.341406250  0.006673711
1419.345312500  0.006599370
1419.349218750  0.006520799
1419.353125000  0.006540506
1419.357031250  0.006567609
1419.360937500  0.006558566
1419.364843750  0.006588778
1419.368750000  0.006596939
1419.372656250  0.006604972
1419.376562500  0.006551488
1419.380468750  0.006524532
1419.384375000  0.006535007
1419.388281250  0.006585416
1419.392187500  0.006633329
1419.396093750  0.006552501
1419.400000000  0.006573412
1419.403906250  0.006538306
1419.407812500  0.006511074
1419.411718750  0.006581893
1419.415625000  0.006573639
1419.419531250  0.006550791
1419.423437500  0.006603114
1419.427343750  0.006582438
1419.431250000  0.006543281
1419.435156250  0.006594492
1419.439062500  0.006627566
1419.442968750  0.006576636
1419.446875000  0.006566189
1419.450781250  0.006576189
1419.454687500  0.006564471
1419.458593750  0.006556276
1419.462500000  0.006550589
1419.466406250  0.006571080
1419.470312500  0.006605993
1419.474218750  0.006562753
1419.478125000  0.006578085
1419.482031250  0.006542042
1419.485937500  0.006666720
1419.489843750  0.006530977
1419.493750000  0.006548872
1419.497656250  0.006607102
1419.501562500  0.006594298
1419.505468750  0.006490702
1419.509375000  0.006567944
1419.513281250  0.006622900
1419.517187500  0.006576278
1419.521093750  0.006494375
1419.525000000  0.006580349
1419.528906250  0.006554976
1419.532812500  0.006731190
1419.536718750  0.006559471
1419.540625000  0.006603727
1419.544531250  0.006558333
1419.548437500  0.006605572
1419.552343750  0.006535664
1419.556250000  0.006505691
1419.560156250  0.006630372
1419.564062500  0.006605637
1419.567968750  0.006566456
1419.571875000  0.006577584
1419.575781250  0.006558433
1419.579687500  0.006674870
1419.583593750  0.006609873
1419.587500000  0.006584303
1419.591406250  0.006554555
1419.595312500  0.006554601
1419.599218750  0.006576858
1419.603125000  0.006561384
1419.607031250  0.006580654
1419.610937500  0.006596334
1419.614843750  0.006604537
1419.618750000  0.006559160
1419.622656250  0.006510904
1419.626562500  0.006695231
1419.630468750  0.006701835
1419.634375000  0.006612202
1419.638281250  0.006627984
1419.642187500  0.006588864
1419.646093750  0.006533668
1419.650000000  0.006566843
1419.653906250  0.006592116
1419.657812500  0.006577293
1419.661718750  0.006612622
1419.665625000  0.006546006
1419.669531250  0.006552272
1419.673437500  0.006638591
1419.677343750  0.006633140
1419.681250000  0.006617564
1419.685156250  0.006592006
1419.689062500  0.006578121
1419.692968750  0.006549060
1419.696875000  0.006512965
1419.700781250  0.006542605
1419.704687500  0.006552849
1419.708593750  0.006622656
1419.712500000  0.006630977
1419.716406250  0.006582829
1419.720312500  0.006654797
1419.724218750  0.006717015
1419.728125000  0.006629917
1419.732031250  0.006563751
1419.735937500  0.006597878
1419.739843750  0.006520856
1419.743750000  0.006547255
1419.747656250  0.006615595
1419.751562500  0.006567256
1419.755468750  0.006577213
1419.759375000  0.006597886
1419.763281250  0.006635246
1419.767187500  0.006654150
1419.771093750  0.006739947
1419.775000000  0.006601004
1419.778906250  0.006600952
1419.782812500  0.006615705
1419.786718750  0.006588832
1419.790625000  0.006572624
1419.794531250  0.006617137
1419.798437500  0.006624748
1419.802343750  0.006615949
1419.806250000  0.006564507
1419.810156250  0.006552794
1419.814062500  0.006578470
1419.817968750  0.006764322
1419.821875000  0.006629413
1419.825781250  0.006611776
1419.829687500  0.006610877
1419.833593750  0.006589196
1419.837500000  0.006591306
1419.841406250  0.006573909
1419.845312500  0.006545802
1419.849218750  0.006607811
1419.853125000  0.006544151
1419.857031250  0.006579868
1419.860937500  0.006586891
1419.864843750  0.006714529
1419.868750000  0.006647846
1419.872656250  0.006613458
1419.876562500  0.006579136
1419.880468750  0.006634840
1419.884375000  0.006582289
1419.888281250  0.006650100
1419.892187500  0.006583563
1419.896093750  0.006667597
1419.900000000  0.006575046
1419.903906250  0.006580450
1419.907812500  0.006573945
1419.911718750  0.006678642
1419.915625000  0.006741582
1419.919531250  0.006640719
1419.923437500  0.006617302
1419.927343750  0.006581329
1419.931250000  0.006604201
1419.935156250  0.006514173
1419.939062500  0.006654660
1419.942968750  0.006619275
1419.946875000  0.006563598
1419.950781250  0.006628745
1419.954687500  0.006654075
1419.958593750  0.006650239
1419.962500000  0.006709284
1419.966406250  0.006608329
1419.970312500  0.006637777
1419.974218750  0.006675792
1419.978125000  0.006670078
1419.982031250  0.006770740
1419.985937500  0.008090675
1419.989843750  0.007972326
1419.993750000  0.007253193
1419.997656250  0.010196119
1420.001562500  0.013263972
1420.005468750  0.007304593
1420.009375000  0.006933156
1420.013281250  0.006690091
1420.017187500  0.006716723
1420.021093750  0.006679910
1420.025000000  0.006641379
1420.028906250  0.006646934
1420.032812500  0.006631886
1420.036718750  0.006654040
1420.040625000  0.006624537
1420.044531250  0.006626406
1420.048437500  0.006634704
1420.052343750  0.006617024
1420.056250000  0.006640141
1420.060156250  0.006626721
1420.064062500  0.006607741
1420.067968750  0.006588652
1420.071875000  0.006686750
1420.075781250  0.006630264
1420.079687500  0.006581011
1420.083593750  0.006654596
1420.087500000  0.006632748
1420.091406250  0.006603687
1420.095312500  0.006649384
1420.099218750  0.006626577
1420.103125000  0.006710244
1420.107031250  0.006633522
1420.110937500  0.006676340
1420.114843750  0.006591041
1420.118750000  0.006567483
1420.122656250  0.006603171
1420.126562500  0.006638850
1420.130468750  0.006735848
1420.134375000  0.006698132
1420.138281250  0.006619058
1420.142187500  0.006621833
1420.146093750  0.006648772
1420.150000000  0.006640894
1420.153906250  0.006797746
1420.157812500  0.006691753
1420.161718750  0.006652656
1420.165625000  0.006674847
1420.169531250  0.006641997
1420.173437500  0.006619413
1420.177343750  0.006669767
1420.181250000  0.006593074
1420.185156250  0.006681085
1420.189062500  0.006634717
1420.192968750  0.006634868
1420.196875000  0.006714772
1420.200781250  0.006764535
1420.204687500  0.006599552
1420.208593750  0.006661743
1420.212500000  0.006693531
1420.216406250  0.006663559
1420.220312500  0.006645716
1420.224218750  0.006607584
1420.228125000  0.006615131
1420.232031250  0.006659715
1420.235937500  0.006699445
1420.239843750  0.006715716
1420.243750000  0.006598587
1420.247656250  0.006754933
1420.251562500  0.006697288
1420.255468750  0.006776710
1420.259375000  0.006721249
1420.263281250  0.006723164
1420.267187500  0.006685105
1420.271093750  0.006713877
1420.275000000  0.006688956
1420.278906250  0.006696031
1420.282812500  0.006673123
1420.286718750  0.006755269
1420.290625000  0.006723867
1420.294531250  0.006875871
1420.298437500  0.006737834
1420.302343750  0.006739360
1420.306250000  0.006700795
1420.310156250  0.006712253
1420.314062500  0.006719157
1420.317968750  0.006684697
1420.321875000  0.006727455
1420.325781250  0.006772437
1420.329687500  0.006743557
1420.333593750  0.006773051
1420.337500000  0.006745885
1420.341406250  0.006830200
1420.345312500  0.006804497
1420.349218750  0.006819732
1420.353125000  0.006787046
1420.357031250  0.006827679
1420.360937500  0.006838522
1420.364843750  0.006833164
1420.368750000  0.006902921
1420.372656250  0.006910715
1420.376562500  0.006864217
1420.380468750  0.006868111
1420.384375000  0.006933725
1420.388281250  0.006917661
1420.392187500  0.007017832
1420.396093750  0.006903575
1420.400000000  0.007509634
1420.403906250  0.006935325
1420.407812500  0.006889566
1420.411718750  0.006924773
1420.415625000  0.006879402
1420.419531250  0.006823539
1420.423437500  0.006849803
1420.427343750  0.006884701
1420.431250000  0.006830085
1420.435156250  0.006876836
1420.439062500  0.006834383
1420.442968750  0.006827323
1420.446875000  0.006817855
1420.450781250  0.006781693
1420.454687500  0.006772600
1420.458593750  0.006788862
1420.462500000  0.006739396
1420.466406250  0.006753489
1420.470312500  0.006719588
1420.474218750  0.006759605
1420.478125000  0.006728218
1420.482031250  0.006824112
1420.485937500  0.006854927
1420.489843750  0.006802271
1420.493750000  0.006783272
1420.497656250  0.006750198
1420.501562500  0.006726877
1420.505468750  0.006761912
1420.509375000  0.006751573
1420.513281250  0.006831624
1420.517187500  0.006782635
1420.521093750  0.006794490
1420.525000000  0.006689834
1420.528906250  0.006785806
1420.532812500  0.006816965
1420.536718750  0.006821122
1420.540625000  0.006712419
1420.544531250  0.006761423
1420.548437500  0.006758510
1420.552343750  0.006736251
1420.556250000  0.006798267
1420.560156250  0.006732067
1420.564062500  0.006723144
1420.567968750  0.006721130
1420.571875000  0.006654576
1420.575781250  0.006753188
1420.579687500  0.006746580
1420.583593750  0.006789890
1420.587500000  0.006727857
1420.591406250  0.006738759
1420.595312500  0.006771072
1420.599218750  0.006743337
1420.603125000  0.006726495
1420.607031250  0.006783493
1420.610937500  0.006741966
1420.614843750  0.006784585
1420.618750000  0.006753933
1420.622656250  0.006757910
1420.626562500  0.006742783
1420.630468750  0.006777497
1420.634375000  0.006834967
1420.638281250  0.006694639
1420.642187500  0.006740913
1420.646093750  0.006697640
1420.650000000  0.006707644
1420.653906250  0.006678125
1420.657812500  0.006785040
1420.661718750  0.006763623
1420.665625000  0.006747249
1420.669531250  0.006742303
1420.673437500  0.006782465
1420.677343750  0.006780444
1420.681250000  0.006751787
1420.685156250  0.006728982
1420.689062500  0.006796271
1420.692968750  0.006726628
1420.696875000  0.006794849
1420.700781250  0.006793863
1420.704687500  0.006757504
1420.708593750  0.006740129
1420.712500000  0.006768382
1420.716406250  0.006861037
1420.720312500  0.006803616
1420.724218750  0.006872754
1420.728125000  0.006732152
1420.732031250  0.006765541
1420.735937500  0.006835627
1420.739843750  0.006742187
1420.743750000  0.006761548
1420.747656250  0.006723646
1420.751562500  0.006826494
1420.755468750  0.006807372
1420.759375000  0.006765284
1420.763281250  0.006767571
1420.767187500  0.006735613
1420.771093750  0.006904541
1420.775000000  0.006833988
1420.778906250  0.006740389
1420.782812500  0.006740286
1420.786718750  0.006784871
1420.790625000  0.006758601
1420.794531250  0.006742762
1420.798437500  0.006740313
1420.802343750  0.006850528
1420.806250000  0.006733095
1420.810156250  0.006815690
1420.814062500  0.006765193
1420.817968750  0.006886792
1420.821875000  0.006743448
1420.825781250  0.006845531
1420.829687500  0.006792321
1420.833593750  0.006769814
1420.837500000  0.006718880
1420.841406250  0.006741767
1420.845312500  0.006768107
1420.849218750  0.006739872
1420.853125000  0.006788524
1420.857031250  0.006785365
1420.860937500  0.006810136
1420.864843750  0.006847010
1420.868750000  0.006806695
1420.872656250  0.006781221
1420.876562500  0.006769347
1420.880468750  0.006785184
1420.884375000  0.006774155
1420.888281250  0.006763087
1420.892187500  0.006797260
1420.896093750  0.006806265
1420.900000000  0.006818315
1420.903906250  0.006748352
1420.907812500  0.006787379
1420.911718750  0.006850391
1420.915625000  0.006816395
1420.919531250  0.006810005
1420.923437500  0.006873370
1420.927343750  0.006777495
1420.931250000  0.006789881
1420.935156250  0.006779904
1420.939062500  0.006843363
1420.942968750  0.006769020
1420.946875000  0.006754335
1420.950781250  0.006773360
1420.954687500  0.006840038
1420.958593750  0.006741245
1420.962500000  0.006867265
1420.966406250  0.006732211
1420.970312500  0.006804311
1420.974218750  0.006772147
1420.978125000  0.006810765
1420.982031250  0.006725530
1420.985937500  0.006791004
1420.989843750  0.006843023
1420.993750000  0.006739757
1420.997656250  0.006742065
1421.001562500  0.006791152
1421.005468750  0.006850993
1421.009375000  0.006870384
1421.013281250  0.006744486
1421.017187500  0.006835159
1421.021093750  0.006794216
1421.025000000  0.006802859
1421.028906250  0.006776398
1421.032812500  0.006775433
1421.036718750  0.006791871
1421.040625000  0.006825705
1421.044531250  0.006804218
1421.048437500  0.006787049
1421.052343750  0.006828922
1421.056250000  0.006873107
1421.060156250  0.006812942
1421.064062500  0.006845291
1421.067968750  0.006818982
1421.071875000  0.006788921
1421.075781250  0.006807386
1421.079687500  0.006799461
1421.083593750  0.006809621
1421.087500000  0.006861594
1421.091406250  0.006798818
1421.095312500  0.006821626
1421.099218750  0.006869288
1421.103125000  0.006931440
1421.107031250  0.006807704
1421.110937500  0.006880830
1421.114843750  0.006911162
1421.118750000  0.006751530
1421.122656250  0.006809930
1421.126562500  0.006782050
1421.130468750  0.006792940
1421.134375000  0.006853223
1421.138281250  0.006890907
1421.142187500  0.006863179
1421.146093750  0.006853389
1421.150000000  0.006798086
1421.153906250  0.006907363
1421.157812500  0.006757447
1421.161718750  0.006814760
1421.165625000  0.006816606
1421.169531250  0.006828136
1421.173437500  0.006836924
1421.177343750  0.006864797
1421.181250000  0.006862246
1421.185156250  0.006858607
1421.189062500  0.006825279
1421.192968750  0.006872016
1421.196875000  0.006837706
1421.200781250  0.006877104
1421.204687500  0.006824514
1421.208593750  0.006840801
1421.212500000  0.006774144
1421.216406250  0.006852807
1421.220312500  0.006789276
1421.224218750  0.006804468
1421.228125000  0.006830798
1421.232031250  0.006789642
1421.235937500  0.006756522
1421.239843750  0.006796758
1421.243750000  0.006847623
1421.247656250  0.006887072
1421.251562500  0.006891374
1421.255468750  0.006883532
1421.259375000  0.006888993
1421.263281250  0.006771108
1421.267187500  0.006877899
1421.271093750  0.006838557
1421.275000000  0.006900497
1421.278906250  0.006856084
1421.282812500  0.006828766
1421.286718750  0.006848928
1421.290625000  0.006854760
1421.294531250  0.006912910
1421.298437500  0.006864978
1421.302343750  0.006874899
1421.306250000  0.006844469
1421.310156250  0.006818667
1421.314062500  0.006897467
1421.317968750  0.006850943
1421.321875000  0.006850085
1421.325781250  0.006924716
1421.329687500  0.006983278
1421.333593750  0.006860836
1421.337500000  0.006942734
1421.341406250  0.006950518
1421.345312500  0.006922580
1421.349218750  0.006930615
1421.353125000  0.006824014
1421.357031250  0.006838197
1421.360937500  0.006883013
1421.364843750  0.006854085
1421.368750000  0.006891433
1421.372656250  0.006873541
1421.376562500  0.006852916
1421.380468750  0.006903051
1421.384375000  0.006891308
1421.388281250  0.006891748
1421.392187500  0.006911907
1421.396093750  0.006897257
1421.400000000  0.006983356
1421.403906250  0.006920994
1421.407812500  0.006883158
1421.411718750  0.006903938
1421.415625000  0.006927164
1421.419531250  0.006892040
1421.423437500  0.006957953
1421.427343750  0.006857439
1421.431250000  0.006876299
1421.435156250  0.006887489
1421.439062500  0.006971500
1421.442968750  0.006891484
1421.446875000  0.006919523
1421.450781250  0.006884418
1421.454687500  0.006905570
1421.458593750  0.006902625
1421.462500000  0.006787944
1421.466406250  0.006898737
1421.470312500  0.006841078
1421.474218750  0.006827270
1421.478125000  0.006816885
1421.482031250  0.006836450
1421.485937500  0.006858876
1421.489843750  0.006918582
1421.493750000  0.006875936
1421.497656250  0.006812091
1421.501562500  0.006839730
1421.505468750  0.006786359
1421.509375000  0.007006565
1421.513281250  0.006852406
1421.517187500  0.006887997
1421.521093750  0.006892617
1421.525000000  0.006883765
1421.528906250  0.006918635
1421.532812500  0.006947080
1421.536718750  0.006878501
1421.540625000  0.006888919
1421.544531250  0.006877546
1421.548437500  0.006916529
1421.552343750  0.006903879
1421.556250000  0.006892263
1421.560156250  0.006847818
1421.564062500  0.006829710
1421.567968750  0.006876259
1421.571875000  0.006844703
1421.575781250  0.006935354
1421.579687500  0.006945728
1421.583593750  0.006866746
1421.587500000  0.006833243
1421.591406250  0.006939924
1421.595312500  0.006892752
1421.599218750  0.006888541
1421.603125000  0.006883622
1421.607031250  0.006931299
1421.610937500  0.006946362
1421.614843750  0.006900537
1421.618750000  0.006914176
1421.622656250  0.006867989
1421.626562500  0.006873427
1421.630468750  0.006888825
1421.634375000  0.006870444
1421.638281250  0.006897126
1421.642187500  0.006895106
1421.646093750  0.006880571
1421.650000000  0.006905533
1421.653906250  0.006850457
1421.657812500  0.006801604
1421.661718750  0.006905286
1421.665625000  0.006913765
1421.669531250  0.006901836
1421.673437500  0.006897123
1421.677343750  0.006925740
1421.681250000  0.006896524
1421.685156250  0.006890018
1421.689062500  0.006850461
1421.692968750  0.006890715
1421.696875000  0.006817623
1421.700781250  0.006877879
1421.704687500  0.006849727
1421.708593750  0.006873820
1421.712500000  0.006795322
1421.716406250  0.006843067
1421.720312500  0.006894375
1421.724218750  0.006938652
1421.728125000  0.006821135
1421.732031250  0.006866813
1421.735937500  0.006875679
1421.739843750  0.006826234
1421.743750000  0.006830012
1421.747656250  0.006872558
1421.751562500  0.006853830
1421.755468750  0.006839589
1421.759375000  0.006829872
1421.763281250  0.006831645
1421.767187500  0.006882753
1421.771093750  0.006976854
1421.775000000  0.006870425
1421.778906250  0.006800546
1421.782812500  0.006816953
1421.786718750  0.006809747
1421.790625000  0.006900277
1421.794531250  0.006888543
1421.798437500  0.006901581
1421.802343750  0.006793757
1421.806250000  0.006846604
1421.810156250  0.006866856
1421.814062500  0.006809349
1421.817968750  0.006916437
1421.821875000  0.006868235
1421.825781250  0.006887784
1421.829687500  0.006858285
1421.833593750  0.006892100
1421.837500000  0.006813951
1421.841406250  0.006850720
1421.845312500  0.006907554
1421.849218750  0.006870681
1421.853125000  0.006821081
1421.857031250  0.006833894
1421.860937500  0.006807803
1421.864843750  0.006845123
1421.868750000  0.006870896
1421.872656250  0.006904996
1421.876562500  0.006843234
1421.880468750  0.006828293
1421.884375000  0.006840576
1421.888281250  0.006805546
1421.892187500  0.006818115
1421.896093750  0.006841989
1421.900000000  0.006844687
1421.903906250  0.006836322
1421.907812500  0.006837165
1421.911718750  0.006863449
1421.915625000  0.006892796
1421.919531250  0.006831845
1421.923437500  0.006886879
1421.927343750  0.006866178
1421.931250000  0.006839901
1421.935156250  0.006843774
1421.939062500  0.006782948
1421.942968750  0.006852751
1421.946875000  0.006824932
1421.950781250  0.006866804
1421.954687500  0.006839428
1421.958593750  0.006904138
1421.962500000  0.006973863
1421.966406250  0.006844052
1421.970312500  0.006812932
1421.974218750  0.006862424
1421.978125000  0.006858110
1421.982031250  0.006818132
1421.985937500  0.006814374
1421.989843750  0.006809791
1421.993750000  0.006791363
1421.997656250  0.006767257
1422.001562500  0.006822290
1422.005468750  0.006936202
1422.009375000  0.006930832
1422.013281250  0.006770818
1422.017187500  0.006796519
1422.021093750  0.006764240
1422.025000000  0.006849353
1422.028906250  0.006804091
1422.032812500  0.006791837
1422.036718750  0.006740406
1422.040625000  0.006807876
1422.044531250  0.006783623
1422.048437500  0.006751481
1422.052343750  0.006733275
1422.056250000  0.006871458
1422.060156250  0.006788591
1422.064062500  0.006754919
1422.067968750  0.006809548
1422.071875000  0.006743139
1422.075781250  0.006780941
1422.079687500  0.006806960
1422.083593750  0.006785769
1422.087500000  0.006729731
1422.091406250  0.006806046
1422.095312500  0.006760295
1422.099218750  0.006794831
1422.103125000  0.006787925
1422.107031250  0.006746894
1422.110937500  0.006813068
1422.114843750  0.006770083
1422.118750000  0.006769921
1422.122656250  0.006796004
1422.126562500  0.006694888
1422.130468750  0.006795760
1422.134375000  0.006760712
1422.138281250  0.006762704
1422.142187500  0.006781470
1422.146093750  0.006832406
1422.150000000  0.006775945
1422.153906250  0.006896739
1422.157812500  0.006766021
1422.161718750  0.006768142
1422.165625000  0.006716702
1422.169531250  0.006789046
1422.173437500  0.006750716
1422.177343750  0.006787077
1422.181250000  0.006772557
1422.185156250  0.006816044
1422.189062500  0.006758170
1422.192968750  0.006749787
1422.196875000  0.006799827
1422.200781250  0.006941523
1422.204687500  0.006803721
1422.208593750  0.006742506
1422.212500000  0.006753362
1422.216406250  0.006787363
1422.220312500  0.006737371
1422.224218750  0.006801601
1422.228125000  0.006774180
1422.232031250  0.006735844
1422.235937500  0.006717003
1422.239843750  0.006822908
1422.243750000  0.006734246
1422.247656250  0.006803472
1422.251562500  0.006703967
1422.255468750  0.006724082
1422.259375000  0.006735954
1422.263281250  0.006740769
1422.267187500  0.006661680
1422.271093750  0.006757022
1422.275000000  0.006819424
1422.278906250  0.006720722
1422.282812500  0.006752722
1422.286718750  0.006790205
1422.290625000  0.006646025
1422.294531250  0.006727484
1422.298437500  0.006762290
1422.302343750  0.006685447
1422.306250000  0.006753574
1422.310156250  0.006771051
1422.314062500  0.006744977
1422.317968750  0.006706246
1422.321875000  0.006742199
1422.325781250  0.006721560
1422.329687500  0.006709074
1422.333593750  0.006718125
1422.337500000  0.006774058
1422.341406250  0.006784323
1422.345312500  0.007148431
1422.349218750  0.006676673
1422.353125000  0.006727368
1422.357031250  0.006719303
1422.360937500  0.006721122
1422.364843750  0.006789401
1422.368750000  0.006713716
1422.372656250  0.006756335
1422.376562500  0.006782975
1422.380468750  0.006741966
1422.384375000  0.006743771
1422.388281250  0.006797095
1422.392187500  0.007010963
1422.396093750  0.006804074
1422.400000000  0.006770019
1422.403906250  0.006745677
1422.407812500  0.006760352
1422.411718750  0.006787672
1422.415625000  0.006767105
1422.419531250  0.006733505
1422.423437500  0.006737733
1422.427343750  0.006658237
1422.431250000  0.006756604
1422.435156250  0.006749238
1422.439062500  0.006763630
1422.442968750  0.006732576
1422.446875000  0.006761683
1422.450781250  0.006734355
1422.454687500  0.006764779
1422.458593750  0.006765456
1422.462500000  0.006783313
1422.466406250  0.006783710
1422.470312500  0.006746091
1422.474218750  0.006728963
1422.478125000  0.006722944
1422.482031250  0.006733638
1422.485937500  0.006751177
1422.489843750  0.006771824
1422.493750000  0.006701384
1422.497656250  0.006717012
1422.501562500  0.006715559
1422.505468750  0.006732699
1422.509375000  0.006709127
1422.513281250  0.006769081
1422.517187500  0.006724903
1422.521093750  0.006779088
1422.525000000  0.006740159
1422.528906250  0.006728914
1422.532812500  0.006860812
1422.536718750  0.006839255
1422.540625000  0.006790933
1422.544531250  0.006759386
1422.548437500  0.006727025
1422.552343750  0.006730530
1422.556250000  0.006714685
1422.560156250  0.006667111
1422.564062500  0.006794509
1422.567968750  0.006725846
1422.571875000  0.006689661
1422.575781250  0.006758361
1422.579687500  0.006754476
1422.583593750  0.006840604
1422.587500000  0.006823183
1422.591406250  0.006748468
1422.595312500  0.006721663
1422.599218750  0.006762512
1422.603125000  0.006732943
1422.607031250  0.006762494
1422.610937500  0.006745240
1422.614843750  0.006766276
1422.618750000  0.006742673
1422.622656250  0.006702770
1422.626562500  0.006750847
1422.630468750  0.006711374
1422.634375000  0.006745760
1422.638281250  0.006755078
1422.642187500  0.006740305
1422.646093750  0.006738617
1422.650000000  0.006731864
1422.653906250  0.006722573
1422.657812500  0.006701302
1422.661718750  0.006677478
1422.665625000  0.006757205
1422.669531250  0.006669090
1422.673437500  0.006761684
1422.677343750  0.006702801
1422.681250000  0.006756932
1422.685156250  0.006738554
1422.689062500  0.006691545
1422.692968750  0.006706540
1422.696875000  0.006792042
1422.700781250  0.006711623
1422.704687500  0.006691465
1422.708593750  0.006790344
1422.712500000  0.006740487
1422.716406250  0.006750441
1422.720312500  0.006753187
1422.724218750  0.006778105
1422.728125000  0.006786979
1422.732031250  0.006701430
1422.735937500  0.006685158
1422.739843750  0.006766572
1422.743750000  0.006740160
1422.747656250  0.006714818
1422.751562500  0.006688981
1422.755468750  0.006703639
1422.759375000  0.006727225
1422.763281250  0.006734684
1422.767187500  0.006717400
1422.771093750  0.006719585
1422.775000000  0.006719446
1422.778906250  0.006689965
1422.782812500  0.006696806
1422.786718750  0.006666177
1422.790625000  0.006652850
1422.794531250  0.006709579
1422.798437500  0.006702241
1422.802343750  0.006685250
1422.806250000  0.006646179
1422.810156250  0.006633537
1422.814062500  0.006696269
1422.817968750  0.006783241
1422.821875000  0.006601539
1422.825781250  0.006698738
1422.829687500  0.006642815
1422.833593750  0.006697902
1422.837500000  0.006639064
1422.841406250  0.006667169
1422.845312500  0.006691560
1422.849218750  0.006639995
1422.853125000  0.006702636
1422.857031250  0.006656897
1422.860937500  0.006669117
1422.864843750  0.006704832
1422.868750000  0.006671360
1422.872656250  0.006659711
1422.876562500  0.006633468
1422.880468750  0.006664966
1422.884375000  0.006713766
1422.888281250  0.006662268
1422.892187500  0.006680242
1422.896093750  0.006700365
1422.900000000  0.006675123
1422.903906250  0.006617511
1422.907812500  0.006674053
1422.911718750  0.006679049
1422.915625000  0.006649952
1422.919531250  0.006737450
1422.923437500  0.006593602
1422.927343750  0.006665746
1422.931250000  0.006714027
1422.935156250  0.006683008
1422.939062500  0.006648678
1422.942968750  0.006654396
1422.946875000  0.006646123
1422.950781250  0.006669627
1422.954687500  0.006664009
1422.958593750  0.006700922
1422.962500000  0.006768049
1422.966406250  0.006648613
1422.970312500  0.006731666
1422.974218750  0.006667689
1422.978125000  0.006645959
1422.982031250  0.006705581
1422.985937500  0.006695185
1422.989843750  0.006733576
1422.993750000  0.006673760
1422.997656250  0.006736436
1423.001562500  0.006703308
1423.005468750  0.006689841
1423.009375000  0.006780907
1423.013281250  0.006687203
1423.017187500  0.006703334
1423.021093750  0.006710931
1423.025000000  0.006730283
1423.028906250  0.006746258
1423.032812500  0.006720255
1423.036718750  0.006652208
1423.040625000  0.006690234
1423.044531250  0.006662154
1423.048437500  0.006702294
1423.052343750  0.006699553
1423.056250000  0.006703541
1423.060156250  0.006750439
1423.064062500  0.006728020
1423.067968750  0.006639277
1423.071875000  0.006783378
1423.075781250  0.006648316
1423.079687500  0.006697013
1423.083593750  0.006687550
1423.087500000  0.006772747
1423.091406250  0.006666906
1423.095312500  0.006658954
1423.099218750  0.006670926
1423.103125000  0.006759086
1423.107031250  0.006688520
1423.110937500  0.006755887
1423.114843750  0.006783396
1423.118750000  0.006745099
1423.122656250  0.006728054
1423.126562500  0.006703057
1423.130468750  0.006696887
1423.134375000  0.006784545
1423.138281250  0.006711810
1423.142187500  0.006692970
1423.146093750  0.006667842
1423.150000000  0.006729254
1423.153906250  0.006742514
1423.157812500  0.006744149
1423.161718750  0.006723679
1423.165625000  0.006715173
1423.169531250  0.006714624
1423.173437500  0.006723538
1423.177343750  0.006706885
1423.181250000  0.006720246
1423.185156250  0.006724937
1423.189062500  0.006677232
1423.192968750  0.006667144
1423.196875000  0.006756834
1423.200781250  0.006794712
1423.204687500  0.006764328
1423.208593750  0.006667944
1423.212500000  0.006662576
1423.216406250  0.006767066
1423.220312500  0.006640709
1423.224218750  0.006747678
1423.228125000  0.006751196
1423.232031250  0.006746551
1423.235937500  0.006764186
1423.239843750  0.006755212
1423.243750000  0.006741549
1423.247656250  0.006784840
1423.251562500  0.006721537
1423.255468750  0.006662631
1423.259375000  0.006705257
1423.263281250  0.006692745
1423.267187500  0.006717908
1423.271093750  0.006726792
1423.275000000  0.006761961
1423.278906250  0.006768391
1423.282812500  0.006747796
1423.286718750  0.006741448
1423.290625000  0.006766926
1423.294531250  0.006792136
1423.298437500  0.006755931
1423.302343750  0.006753478
1423.306250000  0.006843185
1423.310156250  0.006747901
1423.314062500  0.006729974
1423.317968750  0.006741898
1423.321875000  0.006712361
1423.325781250  0.006800362
1423.329687500  0.006837159
1423.333593750  0.006833385
1423.337500000  0.006835738
1423.341406250  0.006870415
1423.345312500  0.006800364
1423.349218750  0.006768400
1423.353125000  0.006767540
1423.357031250  0.006785954
1423.360937500  0.006751149
1423.364843750  0.006772019
1423.368750000  0.006790941
1423.372656250  0.006780338
1423.376562500  0.006823584
1423.380468750  0.006813931
1423.384375000  0.006800424
1423.388281250  0.006804947
1423.392187500  0.006901089
1423.396093750  0.006836590
1423.400000000  0.006769666
1423.403906250  0.006785358
1423.407812500  0.006852254
1423.411718750  0.006781455
1423.415625000  0.006861642
1423.419531250  0.006813001
1423.423437500  0.006799094
1423.427343750  0.006813392
1423.431250000  0.006795942
1423.435156250  0.006844235
1423.439062500  0.006930428
1423.442968750  0.006902745
1423.446875000  0.006840316
1423.450781250  0.006843929
1423.454687500  0.006910872
1423.458593750  0.006837605
1423.462500000  0.006854396
1423.466406250  0.006828433
1423.470312500  0.006860682
1423.474218750  0.006860084
1423.478125000  0.006895999
1423.482031250  0.006821275
1423.485937500  0.006979961
1423.489843750  0.006932646
1423.493750000  0.006877604
1423.497656250  0.006920590
1423.501562500  0.006823650
1423.505468750  0.006871256
1423.509375000  0.006892551
1423.513281250  0.006849539
1423.517187500  0.006825236
1423.521093750  0.006873372
1423.525000000  0.006819091
1423.528906250  0.006912297
1423.532812500  0.006998752
1423.536718750  0.006902210
1423.540625000  0.006897110
1423.544531250  0.006901551
1423.548437500  0.006841471
1423.552343750  0.006958573
1423.556250000  0.006941876
1423.560156250  0.006935944
1423.564062500  0.006944895
1423.567968750  0.006931066
1423.571875000  0.006895906
1423.575781250  0.006898091
1423.579687500  0.007047811
1423.583593750  0.006984390
1423.587500000  0.006946085
1423.591406250  0.006942495
1423.595312500  0.006952541
1423.599218750  0.006999738
1423.603125000  0.006983741
1423.607031250  0.006988056
1423.610937500  0.006956746
1423.614843750  0.006990409
1423.618750000  0.006950047
1423.622656250  0.006993813
1423.626562500  0.007110951
1423.630468750  0.007057182
1423.634375000  0.007022132
1423.638281250  0.006964537
1423.642187500  0.006971741
1423.646093750  0.007009219
1423.650000000  0.007005804
1423.653906250  0.007005130
1423.657812500  0.007023629
1423.661718750  0.006998264
1423.665625000  0.007043297
1423.669531250  0.006942609
1423.673437500  0.007076532
1423.677343750  0.007106996
1423.681250000  0.007026763
1423.685156250  0.007009050
1423.689062500  0.006998385
1423.692968750  0.007053714
1423.696875000  0.007063359
1423.700781250  0.006983411
1423.704687500  0.006996483
1423.708593750  0.007029452
1423.712500000  0.007040085
1423.716406250  0.007074139
1423.720312500  0.006999952
1423.724218750  0.007125376
1423.728125000  0.007061771
1423.732031250  0.007069248
1423.735937500  0.007079056
1423.739843750  0.007021766
1423.743750000  0.007105090
1423.747656250  0.007059922
1423.751562500  0.007102624
1423.755468750  0.007116329
1423.759375000  0.007144664
1423.763281250  0.007044843
1423.767187500  0.007128316
1423.771093750  0.007217611
1423.775000000  0.007110493
1423.778906250  0.007063440
1423.782812500  0.006997465
1423.786718750  0.007131179
1423.790625000  0.007123385
1423.794531250  0.007192135
1423.798437500  0.007124295
1423.802343750  0.007187661
1423.806250000  0.007143394
1423.810156250  0.007176822
1423.814062500  0.007132234
1423.817968750  0.007264644
1423.821875000  0.007144294
1423.825781250  0.007221041
1423.829687500  0.007154295
1423.833593750  0.007196321
1423.837500000  0.007188081
1423.841406250  0.007104340
1423.845312500  0.007254136
1423.849218750  0.007154920
1423.853125000  0.007158026
1423.857031250  0.007176245
1423.860937500  0.007195161
1423.864843750  0.007305141
1423.868750000  0.007261235
1423.872656250  0.007249935
1423.876562500  0.007249083
1423.880468750  0.007201526
1423.884375000  0.007189617
1423.888281250  0.007236010
1423.892187500  0.007287181
1423.896093750  0.007276901
1423.900000000  0.007232686
1423.903906250  0.007237151
1423.907812500  0.007254720
1423.911718750  0.007237696
1423.915625000  0.007333202
1423.919531250  0.007220358
1423.923437500  0.007339654
1423.927343750  0.007296370
1423.931250000  0.007287922
1423.935156250  0.007263485
1423.939062500  0.007308798
1423.942968750  0.007288283
1423.946875000  0.007370132
1423.950781250  0.007249228
1423.954687500  0.007289600
1423.958593750  0.007367489
1423.962500000  0.007558090
1423.966406250  0.007306908
1423.970312500  0.007401369
1423.974218750  0.007332261
1423.978125000  0.007402605
1423.982031250  0.007694765
1423.985937500  0.010788698
1423.989843750  0.010675840
1423.993750000  0.007813918
1423.997656250  0.008604302
1424.001562500  0.009843338
1424.005468750  0.007616327
1424.009375000  0.007587764
1424.013281250  0.007432196
1424.017187500  0.007363039
1424.021093750  0.007421282
1424.025000000  0.007458897
1424.028906250  0.007331596
1424.032812500  0.007387865
1424.036718750  0.007467371
1424.040625000  0.007353800
1424.044531250  0.007444953
1424.048437500  0.007378013
1424.052343750  0.007357722
1424.056250000  0.007553198
1424.060156250  0.007350318
1424.064062500  0.007458569
1424.067968750  0.007419460
1424.071875000  0.007408738
1424.075781250  0.007399240
1424.079687500  0.007422402
1424.083593750  0.007423841
1424.087500000  0.007459712
1424.091406250  0.007414518
1424.095312500  0.007463066
1424.099218750  0.007449989
1424.103125000  0.007543868
1424.107031250  0.007505396
1424.110937500  0.007480965
1424.114843750  0.007393676
1424.118750000  0.007371901
1424.122656250  0.007461116
1424.126562500  0.007431443
1424.130468750  0.007410080
1424.134375000  0.007433372
1424.138281250  0.007480638
1424.142187500  0.007499826
1424.146093750  0.007457593
1424.150000000  0.007585239
1424.153906250  0.007539902
1424.157812500  0.007519173
1424.161718750  0.007614561
1424.165625000  0.007503617
1424.169531250  0.007430842
1424.173437500  0.007539939
1424.177343750  0.007623762
1424.181250000  0.007589197
1424.185156250  0.007517793
1424.189062500  0.007566473
1424.192968750  0.007544187
1424.196875000  0.007568595
1424.200781250  0.007983601
1424.204687500  0.007549880
1424.208593750  0.007536141
1424.212500000  0.007556313
1424.216406250  0.007481959
1424.220312500  0.007597243
1424.224218750  0.007536764
1424.228125000  0.007604720
1424.232031250  0.007574991
1424.235937500  0.007521219
1424.239843750  0.007636589
1424.243750000  0.007559326
1424.247656250  0.007864341
1424.251562500  0.007688728
1424.255468750  0.007587212
1424.259375000  0.007540035
1424.263281250  0.007516133
1424.267187500  0.007554962
1424.271093750  0.007550075
1424.275000000  0.007542375
1424.278906250  0.007512821
1424.282812500  0.007575635
1424.286718750  0.007662957
1424.290625000  0.007529846
1424.294531250  0.007735328
1424.298437500  0.007609435
1424.302343750  0.007573210
1424.306250000  0.007568232
1424.310156250  0.007594701
1424.314062500  0.007572191
1424.317968750  0.007586472
1424.321875000  0.007572364
1424.325781250  0.007556573
1424.329687500  0.007598770
1424.333593750  0.007585850
1424.337500000  0.007654894
1424.341406250  0.007742976
1424.345312500  0.007654463
1424.349218750  0.007604319
1424.353125000  0.007621484
1424.357031250  0.007645301
1424.360937500  0.007662119
1424.364843750  0.007660865
1424.368750000  0.007614849
1424.372656250  0.007725116
1424.376562500  0.007637886
1424.380468750  0.007616121
1424.384375000  0.007631827
1424.388281250  0.007582296
1424.392187500  0.007807675
1424.396093750  0.007633977

