2000(10000)
1416.400000000  0.007903255
1416.403906250  0.007842882
1416.407812500  0.007889657
1416.411718750  0.007777117
1416.415625000  0.007851671
1416.419531250  0.007918174
1416.423437500  0.007796682
1416.427343750  0.008061952
1416.431250000  0.007958658
1416.435156250  0.007961247
1416.439062500  0.008124271
1416.442968750  0.008163281
1416.446875000  0.007826753
1416.450781250  0.007870912
1416.454687500  0.007795627
1416.458593750  0.007858460
1416.462500000  0.007879666
1416.466406250  0.007839869
1416.470312500  0.007797637
1416.474218750  0.007844651
1416.478125000  0.007789452
1416.482031250  0.008207216
1416.485937500  0.008189905
1416.489843750  0.007986569
1416.493750000  0.007850438
1416.497656250  0.007755404
1416.501562500  0.007833713
1416.505468750  0.007762684
1416.509375000  0.007802926
1416.513281250  0.007845829
1416.517187500  0.007768669
1416.521093750  0.007817108
1416.525000000  0.007777549
1416.528906250  0.007820372
1416.532812500  0.008018206
1416.536718750  0.008155419
1416.540625000  0.007835819
1416.544531250  0.007837687
1416.548437500  0.007828994
1416.552343750  0.007794520
1416.556250000  0.007790118
1416.560156250  0.007803984
1416.564062500  0.007768477
1416.567968750  0.007736180
1416.571875000  0.007784139
1416.575781250  0.007902795
1416.579687500  0.008012950
1416.583593750  0.007834507
1416.587500000  0.007853104
1416.591406250  0.008056730
1416.595312500  0.007990127
1416.599218750  0.007817280
1416.603125000  0.007815654
1416.607031250  0.007795711
1416.610937500  0.007767137
1416.614843750  0.007768852
1416.618750000  0.007818907
1416.622656250  0.007768522
1416.626562500  0.007978943
1416.630468750  0.007920516
1416.634375000  0.007904662
1416.638281250  0.007779146
1416.642187500  0.007913357
1416.646093750  0.008845422
1416.650000000  0.008197077
1416.653906250  0.008012512
1416.657812500  0.007959207
1416.661718750  0.007867193
1416.665625000  0.007815192
1416.669531250  0.007709268
1416.673437500  0.007797891
1416.677343750  0.007931680
1416.681250000  0.007817681
1416.685156250  0.007783181
1416.689062500  0.007841520
1416.692968750  0.007718206
1416.696875000  0.007970668
1416.700781250  0.008684729
1416.704687500  0.008158127
1416.708593750  0.007835260
1416.712500000  0.007736264
1416.716406250  0.007775815
1416.720312500  0.007675554
1416.724218750  0.007932703
1416.728125000  0.007727574
1416.732031250  0.007751330
1416.735937500  0.007718211
1416.739843750  0.007713166
1416.743750000  0.007732466
1416.747656250  0.007730152
1416.751562500  0.008044428
1416.755468750  0.009710504
1416.759375000  0.008446084
1416.763281250  0.007862848
1416.767187500  0.007848175
1416.771093750  0.007973532
1416.775000000  0.007703910
1416.778906250  0.007673354
1416.782812500  0.007797236
1416.786718750  0.007648608
1416.790625000  0.007709023
1416.794531250  0.007760083
1416.798437500  0.007849211
1416.802343750  0.007907691
1416.806250000  0.008292225
1416.810156250  0.012503484
1416.814062500  0.010113310
1416.817968750  0.008541639
1416.821875000  0.007836894
1416.825781250  0.007880233
1416.829687500  0.007769898
1416.833593750  0.007795514
1416.837500000  0.007938934
1416.841406250  0.007967210
1416.845312500  0.007858359
1416.849218750  0.007850698
1416.853125000  0.008049613
1416.857031250  0.008223527
1416.860937500  0.009312012
1416.864843750  0.016996683
1416.868750000  0.013913571
1416.872656250  0.008971079
1416.876562500  0.008214223
1416.880468750  0.007880745
1416.884375000  0.007785516
1416.888281250  0.007759826
1416.892187500  0.007970753
1416.896093750  0.007788853
1416.900000000  0.007661689
1416.903906250  0.007695415
1416.907812500  0.007791305
1416.911718750  0.007955700
1416.915625000  0.008563316
1416.919531250  0.012836530
1416.923437500  0.010758715
1416.927343750  0.008139838
1416.931250000  0.007743229
1416.935156250  0.007643408
1416.939062500  0.007544460
1416.942968750  0.007584263
1416.946875000  0.007564048
1416.950781250  0.007516966
1416.954687500  0.007533317
1416.958593750  0.007549304
1416.962500000  0.007843097
1416.966406250  0.007592938
1416.970312500  0.007836976
1416.974218750  0.009715481
1416.978125000  0.008992904
1416.982031250  0.007727654
1416.985937500  0.007581245
1416.989843750  0.007525630
1416.993750000  0.007547522
1416.997656250  0.007804131
1417.001562500  0.008255560
1417.005468750  0.007516045
1417.009375000  0.007846907
1417.013281250  0.007392983
1417.017187500  0.007484870
1417.021093750  0.007506716
1417.025000000  0.007738944
1417.028906250  0.009131354
1417.032812500  0.008722433
1417.036718750  0.007565233
1417.040625000  0.007452792
1417.044531250  0.007371389
1417.048437500  0.007331288
1417.052343750  0.007429520
1417.056250000  0.007587283
1417.060156250  0.007383418
1417.064062500  0.007358733
1417.067968750  0.007289366
1417.071875000  0.007390124
1417.075781250  0.007506307
1417.079687500  0.007759772
1417.083593750  0.008615628
1417.087500000  0.008492714
1417.091406250  0.007489241
1417.095312500  0.007387303
1417.099218750  0.007371350
1417.103125000  0.007473962
1417.107031250  0.007364684
1417.110937500  0.007315608
1417.114843750  0.007310071
1417.118750000  0.007202190
1417.122656250  0.007257791
1417.126562500  0.007305985
1417.130468750  0.007318283
1417.134375000  0.007436288
1417.138281250  0.007858282
1417.142187500  0.007831276
1417.146093750  0.007256020
1417.150000000  0.007346949
1417.153906250  0.007384232
1417.157812500  0.007264317
1417.161718750  0.007294193
1417.165625000  0.007185993
1417.169531250  0.007191151
1417.173437500  0.007200348
1417.177343750  0.007152477
1417.181250000  0.007188586
1417.185156250  0.007196846
1417.189062500  0.007321161
1417.192968750  0.007584213
1417.196875000  0.007731411
1417.200781250  0.007445362
1417.204687500  0.007207300
1417.208593750  0.007161730
1417.212500000  0.007186047
1417.216406250  0.007106644
1417.220312500  0.007117569
1417.224218750  0.007102637
1417.228125000  0.007071117
1417.232031250  0.007106360
1417.235937500  0.007099347
1417.239843750  0.007175495
1417.243750000  0.007220342
1417.247656250  0.007591616
1417.251562500  0.007507033
1417.255468750  0.007223551
1417.259375000  0.007120300
1417.263281250  0.007054055
1417.267187500  0.007069818
1417.271093750  0.007115663
1417.275000000  0.007045109
1417.278906250  0.007098265
1417.282812500  0.007091369
1417.286718750  0.007081676
1417.290625000  0.007098651
1417.294531250  0.007265568
1417.298437500  0.007180495
1417.302343750  0.007238393
1417.306250000  0.007300323
1417.310156250  0.007037680
1417.314062500  0.007034811
1417.317968750  0.006992874
1417.321875000  0.007026645
1417.325781250  0.007004678
1417.329687500  0.007023453
1417.333593750  0.007032805
1417.337500000  0.007026682
1417.341406250  0.007224498
1417.345312500  0.007126949
1417.349218750  0.007127685
1417.353125000  0.007052944
1417.357031250  0.007100635
1417.360937500  0.007184250
1417.364843750  0.007025294
1417.368750000  0.007031398
1417.372656250  0.006940154
1417.376562500  0.006964859
1417.380468750  0.007022321
1417.384375000  0.006990469
1417.388281250  0.007072588
1417.392187500  0.007110936
1417.396093750  0.007037313
1417.400000000  0.007025727
1417.403906250  0.006992731
1417.407812500  0.007038761
1417.411718750  0.007043682
1417.415625000  0.007162795
1417.419531250  0.006928231
1417.423437500  0.006958779
1417.427343750  0.006975637
1417.431250000  0.006966043
1417.435156250  0.006955329
1417.439062500  0.007121149
1417.442968750  0.006926088
1417.446875000  0.006950473
1417.450781250  0.006892342
1417.454687500  0.006944560
1417.458593750  0.006958573
1417.462500000  0.006978018
1417.466406250  0.007046400
1417.470312500  0.007080070
1417.474218750  0.006954566
1417.478125000  0.006931549
1417.482031250  0.006961298
1417.485937500  0.007153290
1417.489843750  0.006930195
1417.493750000  0.006880130
1417.497656250  0.006891785
1417.501562500  0.006919464
1417.505468750  0.006882545
1417.509375000  0.006870552
1417.513281250  0.006930566
1417.517187500  0.006911340
1417.521093750  0.007002631
1417.525000000  0.007056572
1417.528906250  0.006866902
1417.532812500  0.007128106
1417.536718750  0.006930150
1417.540625000  0.006897534
1417.544531250  0.006915309
1417.548437500  0.006905707
1417.552343750  0.006890897
1417.556250000  0.006903644
1417.560156250  0.006884482
1417.564062500  0.006870902
1417.567968750  0.006843794
1417.571875000  0.006843184
1417.575781250  0.006965988
1417.579687500  0.007176700
1417.583593750  0.006876218
1417.587500000  0.006870823
1417.591406250  0.006882233
1417.595312500  0.006818587
1417.599218750  0.006795408
1417.603125000  0.006892332
1417.607031250  0.006839817
1417.610937500  0.006800782
1417.614843750  0.006839367
1417.618750000  0.006820663
1417.622656250  0.006839030
1417.626562500  0.007006537
1417.630468750  0.006999819
1417.634375000  0.007091113
1417.638281250  0.006876029
1417.642187500  0.006817937
1417.646093750  0.006790887
1417.650000000  0.006831508
1417.653906250  0.006854858
1417.657812500  0.006775171
1417.661718750  0.006815838
1417.665625000  0.006792702
1417.669531250  0.006856458
1417.673437500  0.006886559
1417.677343750  0.006997372
1417.681250000  0.006871808
1417.685156250  0.006895708
1417.689062500  0.007017114
1417.692968750  0.006815833
1417.696875000  0.006833865
1417.700781250  0.006784757
1417.704687500  0.006762561
1417.708593750  0.006824432
1417.712500000  0.006797986
1417.716406250  0.006829328
1417.720312500  0.006736014
1417.724218750  0.007043395
1417.728125000  0.006800019
1417.732031250  0.006830889
1417.735937500  0.006778943
1417.739843750  0.006816421
1417.743750000  0.006994749
1417.747656250  0.006831475
1417.751562500  0.006779414
1417.755468750  0.006776625
1417.759375000  0.006784206
1417.763281250  0.006810677
1417.767187500  0.006800568
1417.771093750  0.006965913
1417.775000000  0.006808091
1417.778906250  0.006765173
1417.782812500  0.006769487
1417.786718750  0.006781709
1417.790625000  0.006741491
1417.794531250  0.006822895
1417.798437500  0.006921108
1417.802343750  0.006781798
1417.806250000  0.006781182
1417.810156250  0.006780903
1417.814062500  0.006738124
1417.817968750  0.006995153
1417.821875000  0.006719802
1417.825781250  0.006739313
1417.829687500  0.006718166
1417.833593750  0.006778398
1417.837500000  0.006650990
1417.841406250  0.006762378
1417.845312500  0.006710192
1417.849218750  0.006769258
1417.853125000  0.006867196
1417.857031250  0.006666085
1417.860937500  0.006701904
1417.864843750  0.006872448
1417.868750000  0.006878225
1417.872656250  0.006753764
1417.876562500  0.006744013
1417.880468750  0.006748837
1417.884375000  0.006724136
1417.888281250  0.006726122
1417.892187500  0.006710378
1417.896093750  0.006789383
1417.900000000  0.006708595
1417.903906250  0.006790810
1417.907812500  0.006860513
1417.911718750  0.006764036
1417.915625000  0.006862267
1417.919531250  0.006763880
1417.923437500  0.006767916
1417.927343750  0.006682841
1417.931250000  0.006752400
1417.935156250  0.006707737
1417.939062500  0.006749931
1417.942968750  0.006742703
1417.946875000  0.006659016
1417.950781250  0.006714817
1417.954687500  0.006734540
1417.958593750  0.006723724
1417.962500000  0.006968894
1417.966406250  0.006753665
1417.970312500  0.006756861
1417.974218750  0.006731902
1417.978125000  0.006715814
1417.982031250  0.006708027
1417.985937500  0.006692035
1417.989843750  0.006657822
1417.993750000  0.006720999
1417.997656250  0.006637439
1418.001562500  0.006692599
1418.005468750  0.006685995
1418.009375000  0.006837390
1418.013281250  0.006763820
1418.017187500  0.006882200
1418.021093750  0.006686417
1418.025000000  0.006650206
1418.028906250  0.006654853
1418.032812500  0.006657815
1418.036718750  0.006725085
1418.040625000  0.006726050
1418.044531250  0.006663925
1418.048437500  0.006692040
1418.052343750  0.006656740
1418.056250000  0.006875913
1418.060156250  0.006670187
1418.064062500  0.006752223
1418.067968750  0.006722041
1418.071875000  0.006844158
1418.075781250  0.006701372
1418.079687500  0.006692950
1418.083593750  0.006670806
1418.087500000  0.006649042
1418.091406250  0.006626002
1418.095312500  0.006640297
1418.099218750  0.006672345
1418.103125000  0.006844652
1418.107031250  0.006789526
1418.110937500  0.006651632
1418.114843750  0.006629761
1418.118750000  0.006662393
1418.122656250  0.006701497
1418.126562500  0.006879362
1418.130468750  0.006730819
1418.134375000  0.006690205
1418.138281250  0.006644404
1418.142187500  0.006705758
1418.146093750  0.006637792
1418.150000000  0.006778745
1418.153906250  0.006813677
1418.157812500  0.006700823
1418.161718750  0.006697908
1418.165625000  0.006707804
1418.169531250  0.006760768
1418.173437500  0.006657486
1418.177343750  0.006705972
1418.181250000  0.006744314
1418.185156250  0.006712117
1418.189062500  0.006623801
1418.192968750  0.006651679
1418.196875000  0.006647156
1418.200781250  0.006884291
1418.204687500  0.006692626
1418.208593750  0.006673412
1418.212500000  0.006694514
1418.216406250  0.006652587
1418.220312500  0.006673241
1418.224218750  0.006700100
1418.228125000  0.006626879
1418.232031250  0.006586952
1418.235937500  0.006708169
1418.239843750  0.006673495
1418.243750000  0.006634117
1418.247656250  0.006812549
1418.251562500  0.006615183
1418.255468750  0.006611092
1418.259375000  0.006622647
1418.263281250  0.006606849
1418.267187500  0.006636215
1418.271093750  0.006661081
1418.275000000  0.006643567
1418.278906250  0.006676031
1418.282812500  0.006725009
1418.286718750  0.006655980
1418.290625000  0.006771998
1418.294531250  0.006855490
1418.298437500  0.006747644
1418.302343750  0.006739739
1418.306250000  0.006675387
1418.310156250  0.006635383
1418.314062500  0.006737081
1418.317968750  0.006701133
1418.321875000  0.006627733
1418.325781250  0.006679008
1418.329687500  0.006621015
1418.333593750  0.006658009
1418.337500000  0.006684589
1418.341406250  0.006803542
1418.345312500  0.006807490
1418.349218750  0.006592054
1418.353125000  0.006649376
1418.357031250  0.006623920
1418.360937500  0.006744182
1418.364843750  0.006587221
1418.368750000  0.006662782
1418.372656250  0.006616099
1418.376562500  0.006615874
1418.380468750  0.006647768
1418.384375000  0.006659230
1418.388281250  0.006711374
1418.392187500  0.006763582
1418.396093750  0.006566355
1418.400000000  0.006746243
1418.403906250  0.006687876
1418.407812500  0.006688719
1418.411718750  0.006606810
1418.415625000  0.006658085
1418.419531250  0.006625313
1418.423437500  0.006611829
1418.427343750  0.006674501
1418.431250000  0.006643643
1418.435156250  0.006715402
1418.439062500  0.006823088
1418.442968750  0.006702235
1418.446875000  0.006653825
1418.450781250  0.006669196
1418.454687500  0.006779342
1418.458593750  0.006603248
1418.462500000  0.006651114
1418.466406250  0.006599612
1418.470312500  0.006679420
1418.474218750  0.006681520
1418.478125000  0.006584351
1418.482031250  0.006713526
1418.485937500  0.006815162
1418.489843750  0.006652619
1418.493750000  0.006650259
1418.497656250  0.006616456
1418.501562500  0.006674059
1418.505468750  0.006703100
1418.509375000  0.006744780
1418.513281250  0.006631460
1418.517187500  0.006594985
1418.521093750  0.006678433
1418.525000000  0.006675782
1418.528906250  0.006635495
1418.532812500  0.006890514
1418.536718750  0.006691296
1418.540625000  0.006633876
1418.544531250  0.006715728
1418.548437500  0.006572850
1418.552343750  0.006713986
1418.556250000  0.006603563
1418.560156250  0.006741956
1418.564062500  0.006690310
1418.567968750  0.006671917
1418.571875000  0.006614449
1418.575781250  0.006640922
1418.579687500  0.006767936
1418.583593750  0.006717342
1418.587500000  0.006705791
1418.591406250  0.006634109
1418.595312500  0.006589319
1418.599218750  0.006673246
1418.603125000  0.006612827
1418.607031250  0.006660234
1418.610937500  0.006657005
1418.614843750  0.006664268
1418.618750000  0.006787230
1418.622656250  0.006655089
1418.626562500  0.006741117
1418.630468750  0.006768128
1418.634375000  0.006705549
1418.638281250  0.006644385
1418.642187500  0.006577023
1418.646093750  0.006662846
1418.650000000  0.006662175
1418.653906250  0.006700555
1418.657812500  0.006665238
1418.661718750  0.006628887
1418.665625000  0.006715219
1418.669531250  0.006636729
1418.673437500  0.006735661
1418.677343750  0.006828690
1418.681250000  0.006675784
1418.685156250  0.006651521
1418.689062500  0.006700956
1418.692968750  0.006715574
1418.696875000  0.006762738
1418.700781250  0.006677567
1418.704687500  0.006668581
1418.708593750  0.006635717
1418.712500000  0.006687772
1418.716406250  0.006616068
1418.720312500  0.006658735
1418.724218750  0.006831397
1418.728125000  0.006701579
1418.732031250  0.006696220
1418.735937500  0.006589791
1418.739843750  0.006685385
1418.743750000  0.006578082
1418.747656250  0.006613861
1418.751562500  0.006686271
1418.755468750  0.006696568
1418.759375000  0.006696714
1418.763281250  0.006627956
1418.767187500  0.006655819
1418.771093750  0.006820224
1418.775000000  0.006665073
1418.778906250  0.006645763
1418.782812500  0.006757118
1418.786718750  0.006635160
1418.790625000  0.006671843
1418.794531250  0.006648753
1418.798437500  0.006659862
1418.802343750  0.006750999
1418.806250000  0.006623911
1418.810156250  0.006695187
1418.814062500  0.006663525
1418.817968750  0.006836290
1418.821875000  0.006674414
1418.825781250  0.006638979
1418.829687500  0.006677845
1418.833593750  0.006636051
1418.837500000  0.006721901
1418.841406250  0.006698357
1418.845312500  0.006694543
1418.849218750  0.006682859
1418.853125000  0.006676749
1418.857031250  0.006655634
1418.860937500  0.006681329
1418.864843750  0.006807952
1418.868750000  0.006719652
1418.872656250  0.006740786
1418.876562500  0.006624753
1418.880468750  0.006701349
1418.884375000  0.006669562
1418.888281250  0.006683706
1418.892187500  0.006780179
1418.896093750  0.006704803
1418.900000000  0.006720517
1418.903906250  0.006664608
1418.907812500  0.006681178
1418.911718750  0.006804203
1418.915625000  0.006812616
1418.919531250  0.006724495
1418.923437500  0.006701021
1418.927343750  0.006674269
1418.931250000  0.006678439
1418.935156250  0.006682965
1418.939062500  0.006736745
1418.942968750  0.006644348
1418.946875000  0.006753670
1418.950781250  0.006692614
1418.954687500  0.006680830
1418.958593750  0.006664183
1418.962500000  0.006977031
1418.966406250  0.006722503
1418.970312500  0.006772014
1418.974218750  0.006749207
1418.978125000  0.006669817
1418.982031250  0.006652750
1418.985937500  0.006666640
1418.989843750  0.006730373
1418.993750000  0.006725281
1418.997656250  0.006687929
1419.001562500  0.006717938
1419.005468750  0.006686698
1419.009375000  0.006978357
1419.013281250  0.006701485
1419.017187500  0.006697189
1419.021093750  0.006730545
1419.025000000  0.006733135
1419.028906250  0.006770247
1419.032812500  0.006799264
1419.036718750  0.006699905
1419.040625000  0.006733317
1419.044531250  0.006699940
1419.048437500  0.006760725
1419.052343750  0.006731711
1419.056250000  0.006955229
1419.060156250  0.006722353
1419.064062500  0.006764391
1419.067968750  0.006684240
1419.071875000  0.006724547
1419.075781250  0.006726988
1419.079687500  0.006858948
1419.083593750  0.006710016
1419.087500000  0.006673832
1419.091406250  0.006675566
1419.095312500  0.006751157
1419.099218750  0.006799164
1419.103125000  0.006882430
1419.107031250  0.006798978
1419.110937500  0.006739185
1419.114843750  0.006673434
1419.118750000  0.006708746
1419.122656250  0.006737393
1419.126562500  0.006701921
1419.130468750  0.006765962
1419.134375000  0.007459860
1419.138281250  0.006722222
1419.142187500  0.006704732
1419.146093750  0.006731276
1419.150000000  0.006817171
1419.153906250  0.006820156
1419.157812500  0.006730815
1419.161718750  0.006721218
1419.165625000  0.006795553
1419.169531250  0.006726498
1419.173437500  0.006679948
1419.177343750  0.006686401
1419.181250000  0.006679801
1419.185156250  0.006749945
1419.189062500  0.006686944
1419.192968750  0.006706047
1419.196875000  0.006700819
1419.200781250  0.006902345
1419.204687500  0.006713462
1419.208593750  0.006703354
1419.212500000  0.006690425
1419.216406250  0.006706609
1419.220312500  0.006749129
1419.224218750  0.006793561
1419.228125000  0.006716251
1419.232031250  0.006670404
1419.235937500  0.006714592
1419.239843750  0.006712635
1419.243750000  0.006767178
1419.247656250  0.006926723
1419.251562500  0.006721541
1419.255468750  0.006698130
1419.259375000  0.006710443
1419.263281250  0.006734911
1419.267187500  0.006699775
1419.271093750  0.006737189
1419.275000000  0.006802832
1419.278906250  0.006691659
1419.282812500  0.006709849
1419.286718750  0.006670160
1419.290625000  0.006777376
1419.294531250  0.006908788
1419.298437500  0.006760513
1419.302343750  0.006708995
1419.306250000  0.006699709
1419.310156250  0.006718453
1419.314062500  0.006733686
1419.317968750  0.006712651
1419.321875000  0.006835774
1419.325781250  0.006736260
1419.329687500  0.006820099
1419.333593750  0.006754809
1419.337500000  0.006671220
1419.341406250  0.006851529
1419.345312500  0.006782772
1419.349218750  0.006775926
1419.353125000  0.006742953
1419.357031250  0.006686112
1419.360937500  0.006764843
1419.364843750  0.006685606
1419.368750000  0.006790424
1419.372656250  0.006686875
1419.376562500  0.006722209
1419.380468750  0.006700173
1419.384375000  0.006738290
1419.388281250  0.006791891
1419.392187500  0.006805485
1419.396093750  0.006738094
1419.400000000  0.006718333
1419.403906250  0.006742515
1419.407812500  0.006683048
1419.411718750  0.006758092
1419.415625000  0.006699290
1419.419531250  0.006690687
1419.423437500  0.006669911
1419.427343750  0.006717436
1419.431250000  0.006708478
1419.435156250  0.006753501
1419.439062500  0.006849850
1419.442968750  0.006723088
1419.446875000  0.006760086
1419.450781250  0.006766176
1419.454687500  0.006717316
1419.458593750  0.006690707
1419.462500000  0.006700958
1419.466406250  0.006783721
1419.470312500  0.006684043
1419.474218750  0.006750962
1419.478125000  0.006709435
1419.482031250  0.006766052
1419.485937500  0.006895604
1419.489843750  0.006808419
1419.493750000  0.006696229
1419.497656250  0.006679084
1419.501562500  0.006723411
1419.505468750  0.006703534
1419.509375000  0.006668753
1419.513281250  0.006744234
1419.517187500  0.006698914
1419.521093750  0.006736021
1419.525000000  0.006757321
1419.528906250  0.006760728
1419.532812500  0.006872648
1419.536718750  0.006694821
1419.540625000  0.006763373
1419.544531250  0.006689007
1419.548437500  0.006687515
1419.552343750  0.006739056
1419.556250000  0.006710212
1419.560156250  0.006787426
1419.564062500  0.006648680
1419.567968750  0.006698853
1419.571875000  0.006713810
1419.575781250  0.006652639
1419.579687500  0.006868527
1419.583593750  0.006792182
1419.587500000  0.006805491
1419.591406250  0.006699247
1419.595312500  0.006718205
1419.599218750  0.006719453
1419.603125000  0.006795353
1419.607031250  0.006743826
1419.610937500  0.006699319
1419.614843750  0.006719025
1419.618750000  0.006742766
1419.622656250  0.006712918
1419.626562500  0.006818912
1419.630468750  0.006762849
1419.634375000  0.006722860
1419.638281250  0.006698378
1419.642187500  0.006713854
1419.646093750  0.006756416
1419.650000000  0.006744439
1419.653906250  0.006760675
1419.657812500  0.006690023
1419.661718750  0.006749993
1419.665625000  0.006703223
1419.669531250  0.006688240
1419.673437500  0.006748736
1419.677343750  0.006798025
1419.681250000  0.006811421
1419.685156250  0.006716762
1419.689062500  0.006711747
1419.692968750  0.006662317
1419.696875000  0.006713200
1419.700781250  0.006713110
1419.704687500  0.006732474
1419.708593750  0.006740731
1419.712500000  0.006733650
1419.716406250  0.006748393
1419.720312500  0.006739848
1419.724218750  0.006883292
1419.728125000  0.006696059
1419.732031250  0.006731763
1419.735937500  0.006714152
1419.739843750  0.006666434
1419.743750000  0.006730574
1419.747656250  0.006701524
1419.751562500  0.006740634
1419.755468750  0.006681895
1419.759375000  0.006733811
1419.763281250  0.006708358
1419.767187500  0.006720451
1419.771093750  0.006918721
1419.775000000  0.006699299
1419.778906250  0.006762517
1419.782812500  0.006728994
1419.786718750  0.006778411
1419.790625000  0.006671143
1419.794531250  0.006693239
1419.798437500  0.006722071
1419.802343750  0.006660799
1419.806250000  0.006793687
1419.810156250  0.006697627
1419.814062500  0.006724626
1419.817968750  0.006892968
1419.821875000  0.006787989
1419.825781250  0.006789347
1419.829687500  0.006746422
1419.833593750  0.006716135
1419.837500000  0.006686115
1419.841406250  0.006757965
1419.845312500  0.006732533
1419.849218750  0.006749296
1419.853125000  0.006728885
1419.857031250  0.006731869
1419.860937500  0.006769033
1419.864843750  0.006835418
1419.868750000  0.006763264
1419.872656250  0.006764481
1419.876562500  0.006748616
1419.880468750  0.006735411
1419.884375000  0.006704109
1419.888281250  0.006727801
1419.892187500  0.006697865
1419.896093750  0.006728950
1419.900000000  0.006697050
1419.903906250  0.006767151
1419.907812500  0.006728966
1419.911718750  0.006792263
1419.915625000  0.006847320
1419.919531250  0.006735123
1419.923437500  0.006725268
1419.927343750  0.006729837
1419.931250000  0.006723553
1419.935156250  0.006786378
1419.939062500  0.006706048
1419.942968750  0.006740199
1419.946875000  0.006760500
1419.950781250  0.006689225
1419.954687500  0.006786573
1419.958593750  0.006713850
1419.962500000  0.006903691
1419.966406250  0.006737569
1419.970312500  0.006798357
1419.974218750  0.006713914
1419.978125000  0.006697228
1419.982031250  0.006813294
1419.985937500  0.007035560
1419.989843750  0.006972451
1419.993750000  0.006863970
1419.997656250  0.007481960
1420.001562500  0.008231590
1420.005468750  0.006880773
1420.009375000  0.006893799
1420.013281250  0.006735517
1420.017187500  0.006761072
1420.021093750  0.006658094
1420.025000000  0.006751913
1420.028906250  0.006713068
1420.032812500  0.006724284
1420.036718750  0.006698294
1420.040625000  0.006777097
1420.044531250  0.006798850
1420.048437500  0.006695162
1420.052343750  0.006756803
1420.056250000  0.006852700
1420.060156250  0.006697897
1420.064062500  0.006734671
1420.067968750  0.006761991
1420.071875000  0.006685108
1420.075781250  0.006752435
1420.079687500  0.006717021
1420.083593750  0.006759421
1420.087500000  0.006787190
1420.091406250  0.006759927
1420.095312500  0.006738065
1420.099218750  0.006807043
1420.103125000  0.006864917
1420.107031250  0.006868305
1420.110937500  0.006798654
1420.114843750  0.006717086
1420.118750000  0.006759215
1420.122656250  0.006743963
1420.126562500  0.006710162
1420.130468750  0.006842860
1420.134375000  0.006673443
1420.138281250  0.006719675
1420.142187500  0.006747233
1420.146093750  0.006779191
1420.150000000  0.006861862
1420.153906250  0.006932088
1420.157812500  0.006701679
1420.161718750  0.006738950
1420.165625000  0.006723863
1420.169531250  0.006776709
1420.173437500  0.006726477
1420.177343750  0.006764545
1420.181250000  0.006721568
1420.185156250  0.006797413
1420.189062500  0.006812390
1420.192968750  0.006786549
1420.196875000  0.006749024
1420.200781250  0.006850553
1420.204687500  0.006724000
1420.208593750  0.006829281
1420.212500000  0.006751081
1420.216406250  0.006748577
1420.220312500  0.006730884
1420.224218750  0.006741205
1420.228125000  0.006747472
1420.232031250  0.006802738
1420.235937500  0.006741410
1420.239843750  0.006787246
1420.243750000  0.006752523
1420.247656250  0.006855345
1420.251562500  0.006800444
1420.255468750  0.006720781
1420.259375000  0.006772940
1420.263281250  0.006784674
1420.267187500  0.006745683
1420.271093750  0.006791973
1420.275000000  0.006736678
1420.278906250  0.006756535
1420.282812500  0.006787772
1420.286718750  0.006726414
1420.290625000  0.006757684
1420.294531250  0.006942795
1420.298437500  0.006811327
1420.302343750  0.006819789
1420.306250000  0.006755056
1420.310156250  0.006782195
1420.314062500  0.006800585
1420.317968750  0.006797841
1420.321875000  0.006805195
1420.325781250  0.006811784
1420.329687500  0.006864017
1420.333593750  0.006838929
1420.337500000  0.006839449
1420.341406250  0.006981501
1420.345312500  0.006904788
1420.349218750  0.006910684
1420.353125000  0.006977846
1420.357031250  0.006844993
1420.360937500  0.006933921
1420.364843750  0.006845424
1420.368750000  0.006917887
1420.372656250  0.006925864
1420.376562500  0.006949879
1420.380468750  0.006913211
1420.384375000  0.006943423
1420.388281250  0.006995629
1420.392187500  0.007046590
1420.396093750  0.006953003
1420.400000000  0.007471770
1420.403906250  0.006895319
1420.407812500  0.006983908
1420.411718750  0.006951207
1420.415625000  0.006902085
1420.419531250  0.006902441
1420.423437500  0.006873161
1420.427343750  0.006949863
1420.431250000  0.006863038
1420.435156250  0.006899124
1420.439062500  0.006965686
1420.442968750  0.006797613
1420.446875000  0.006892036
1420.450781250  0.006840369
1420.454687500  0.006810386
1420.458593750  0.006787995
1420.462500000  0.006700979
1420.466406250  0.006809863
1420.470312500  0.006816735
1420.474218750  0.006755316
1420.478125000  0.006826168
1420.482031250  0.006875033
1420.485937500  0.006892571
1420.489843750  0.006831628
1420.493750000  0.006758804
1420.497656250  0.006713770
1420.501562500  0.006775862
1420.505468750  0.006810103
1420.509375000  0.006776086
1420.513281250  0.006854060
1420.517187500  0.006694140
1420.521093750  0.006773862
1420.525000000  0.006789273
1420.528906250  0.006856555
1420.532812500  0.006965522
1420.536718750  0.006784837
1420.540625000  0.006797828
1420.544531250  0.006739752
1420.548437500  0.006772210
1420.552343750  0.006747411
1420.556250000  0.006755991
1420.560156250  0.006782659
1420.564062500  0.006767476
1420.567968750  0.006806415
1420.571875000  0.006693957
1420.575781250  0.006808415
1420.579687500  0.006834730
1420.583593750  0.006744925
1420.587500000  0.006748281
1420.591406250  0.006857145
1420.595312500  0.006752012
1420.599218750  0.006783905
1420.603125000  0.006773323
1420.607031250  0.006739902
1420.610937500  0.006830349
1420.614843750  0.006698006
1420.618750000  0.006792260
1420.622656250  0.006781949
1420.626562500  0.006830648
1420.630468750  0.006817524
1420.634375000  0.006736542
1420.638281250  0.006822371
1420.642187500  0.006772260
1420.646093750  0.006757798
1420.650000000  0.006825733
1420.653906250  0.006708784
1420.657812500  0.006848133
1420.661718750  0.006762285
1420.665625000  0.006790377
1420.669531250  0.006775023
1420.673437500  0.006804681
1420.677343750  0.006857136
1420.681250000  0.006746328
1420.685156250  0.006779907
1420.689062500  0.006781055
1420.692968750  0.006800539
1420.696875000  0.006829383
1420.700781250  0.006805424
1420.704687500  0.006791023
1420.708593750  0.006774672
1420.712500000  0.006822548
1420.716406250  0.006829362
1420.720312500  0.006841040
1420.724218750  0.006913509
1420.728125000  0.006860158
1420.732031250  0.006741928
1420.735937500  0.006761854
1420.739843750  0.006765890
1420.743750000  0.006863622
1420.747656250  0.006728480
1420.751562500  0.006787906
1420.755468750  0.006805069
1420.759375000  0.006767991
1420.763281250  0.006765705
1420.767187500  0.006803665
1420.771093750  0.006845739
1420.775000000  0.006750943
1420.778906250  0.006812858
1420.782812500  0.006745675
1420.786718750  0.006730762
1420.790625000  0.006774629
1420.794531250  0.006758669
1420.798437500  0.006780622
1420.802343750  0.006764672
1420.806250000  0.006805366
1420.810156250  0.006898163
1420.814062500  0.006795202
1420.817968750  0.006860680
1420.821875000  0.006772643
1420.825781250  0.006808371
1420.829687500  0.006803840
1420.833593750  0.006830882
1420.837500000  0.006786046
1420.841406250  0.006800353
1420.845312500  0.006825620
1420.849218750  0.006851948
1420.853125000  0.006780868
1420.857031250  0.006785664
1420.860937500  0.006806839
1420.864843750  0.006918151
1420.868750000  0.006801779
1420.872656250  0.006851231
1420.876562500  0.006806561
1420.880468750  0.006850837
1420.884375000  0.006868652
1420.888281250  0.006880008
1420.892187500  0.006769263
1420.896093750  0.006782907
1420.900000000  0.006802351
1420.903906250  0.006796276
1420.907812500  0.006817752
1420.911718750  0.006770730
1420.915625000  0.006832612
1420.919531250  0.006821257
1420.923437500  0.006801599
1420.927343750  0.006801380
1420.931250000  0.006859497
1420.935156250  0.006715658
1420.939062500  0.006840651
1420.942968750  0.006820467
1420.946875000  0.006841821
1420.950781250  0.006862174
1420.954687500  0.006882921
1420.958593750  0.006858966
1420.962500000  0.006896291
1420.966406250  0.006851204
1420.970312500  0.006805287
1420.974218750  0.006842503
1420.978125000  0.006822681
1420.982031250  0.006803418
1420.985937500  0.006829923
1420.989843750  0.006848270
1420.993750000  0.006829899
1420.997656250  0.006845824
1421.001562500  0.006837223
1421.005468750  0.006830028
1421.009375000  0.006956390
1421.013281250  0.006821936
1421.017187500  0.006809163
1421.021093750  0.006724307
1421.025000000  0.006830627
1421.028906250  0.006899383
1421.032812500  0.006818681
1421.036718750  0.006760500
1421.040625000  0.006782074
1421.044531250  0.006820880
1421.048437500  0.006848355
1421.052343750  0.006784456
1421.056250000  0.006952582
1421.060156250  0.006809579
1421.064062500  0.006773538
1421.067968750  0.006770733
1421.071875000  0.006789026
1421.075781250  0.006824654
1421.079687500  0.006829525
1421.083593750  0.006762036
1421.087500000  0.006826521
1421.091406250  0.006806204
1421.095312500  0.006853684
1421.099218750  0.006820118
1421.103125000  0.006892006
1421.107031250  0.006871566
1421.110937500  0.006857395
1421.114843750  0.006804336
1421.118750000  0.006783856
1421.122656250  0.006822737
1421.126562500  0.006843871
1421.130468750  0.006826255
1421.134375000  0.006818793
1421.138281250  0.006811773
1421.142187500  0.006755904
1421.146093750  0.006817416
1421.150000000  0.006847933
1421.153906250  0.006941010
1421.157812500  0.006877529
1421.161718750  0.006821113
1421.165625000  0.006787652
1421.169531250  0.006777431
1421.173437500  0.006812175
1421.177343750  0.006821152
1421.181250000  0.006836161
1421.185156250  0.006806640
1421.189062500  0.006867940
1421.192968750  0.006860473
1421.196875000  0.006797015
1421.200781250  0.006852147
1421.204687500  0.006808188
1421.208593750  0.006878645
1421.212500000  0.006884266
1421.216406250  0.006802241
1421.220312500  0.006848311
1421.224218750  0.006822492
1421.228125000  0.006866604
1421.232031250  0.006855231
1421.235937500  0.006895498
1421.239843750  0.006852953
1421.243750000  0.006884729
1421.247656250  0.006951391
1421.251562500  0.006844962
1421.255468750  0.006827470
1421.259375000  0.006906206
1421.263281250  0.006854403
1421.267187500  0.006836523
1421.271093750  0.006852961
1421.275000000  0.006910094
1421.278906250  0.006851277
1421.282812500  0.006815047
1421.286718750  0.006876319
1421.290625000  0.006859376
1421.294531250  0.006962507
1421.298437500  0.006909249
1421.302343750  0.006915534
1421.306250000  0.006816361
1421.310156250  0.006881672
1421.314062500  0.006843425
1421.317968750  0.006844424
1421.321875000  0.006857211
1421.325781250  0.006771725
1421.329687500  0.006838097
1421.333593750  0.006895277
1421.337500000  0.006861925
1421.341406250  0.006997107
1421.345312500  0.006945197
1421.349218750  0.006869846
1421.353125000  0.006866488
1421.357031250  0.006891264
1421.360937500  0.006833718
1421.364843750  0.006864289
1421.368750000  0.006938614
1421.372656250  0.006858848
1421.376562500  0.006930999
1421.380468750  0.006890258
1421.384375000  0.006978869
1421.388281250  0.006962075
1421.392187500  0.006874790
1421.396093750  0.006917262
1421.400000000  0.006964802
1421.403906250  0.006959597
1421.407812500  0.006914236
1421.411718750  0.006911658
1421.415625000  0.006862453
1421.419531250  0.006944851
1421.423437500  0.006861983
1421.427343750  0.006964978
1421.431250000  0.006884163
1421.435156250  0.006948476
1421.439062500  0.006957280
1421.442968750  0.006909455
1421.446875000  0.006876709
1421.450781250  0.006815064
1421.454687500  0.006871032
1421.458593750  0.006945056
1421.462500000  0.006875387
1421.466406250  0.006964681
1421.470312500  0.006864383
1421.474218750  0.006864758
1421.478125000  0.006883437
1421.482031250  0.006906417
1421.485937500  0.006963347
1421.489843750  0.006943437
1421.493750000  0.006880908
1421.497656250  0.006871077
1421.501562500  0.007013358
1421.505468750  0.006945296
1421.509375000  0.006935228
1421.513281250  0.006952068
1421.517187500  0.006923394
1421.521093750  0.006951879
1421.525000000  0.006903443
1421.528906250  0.006958980
1421.532812500  0.007001706
1421.536718750  0.006956151
1421.540625000  0.006943483
1421.544531250  0.006911633
1421.548437500  0.006928306
1421.552343750  0.006959896
1421.556250000  0.006974398
1421.560156250  0.006918070
1421.564062500  0.006917169
1421.567968750  0.006938412
1421.571875000  0.006980571
1421.575781250  0.006956147
1421.579687500  0.006998974
1421.583593750  0.006949468
1421.587500000  0.006986553
1421.591406250  0.006950347
1421.595312500  0.007045396
1421.599218750  0.006952390
1421.603125000  0.006925839
1421.607031250  0.006966784
1421.610937500  0.006964112
1421.614843750  0.006965564
1421.618750000  0.006938223
1421.622656250  0.006913896
1421.626562500  0.007018672
1421.630468750  0.006951273
1421.634375000  0.006966667
1421.638281250  0.006848556
1421.642187500  0.006917019
1421.646093750  0.006908037
1421.650000000  0.006962687
1421.653906250  0.006965842
1421.657812500  0.006936096
1421.661718750  0.006968611
1421.665625000  0.006994245
1421.669531250  0.006959149
1421.673437500  0.006966459
1421.677343750  0.006996362
1421.681250000  0.007001917
1421.685156250  0.006986181
1421.689062500  0.006995670
1421.692968750  0.006971033
1421.696875000  0.006970047
1421.700781250  0.006982009
1421.704687500  0.006964456
1421.708593750  0.006962738
1421.712500000  0.006961791
1421.716406250  0.006965682
1421.720312500  0.007107710
1421.724218750  0.007009850
1421.728125000  0.006989411
1421.732031250  0.006955567
1421.735937500  0.006956503
1421.739843750  0.006970777
1421.743750000  0.007003567
1421.747656250  0.006941370
1421.751562500  0.006944293
1421.755468750  0.006966529
1421.759375000  0.007014769
1421.763281250  0.006940268
1421.767187500  0.006985714
1421.771093750  0.007101598
1421.775000000  0.006955034
1421.778906250  0.006947282
1421.782812500  0.006934772
1421.786718750  0.006972236
1421.790625000  0.006999936
1421.794531250  0.006967689
1421.798437500  0.007015271
1421.802343750  0.006976312
1421.806250000  0.006995333
1421.810156250  0.006935214
1421.814062500  0.006912430
1421.817968750  0.007086289
1421.821875000  0.006898970
1421.825781250  0.007017704
1421.829687500  0.006923972
1421.833593750  0.006944916
1421.837500000  0.007008407
1421.841406250  0.006986431
1421.845312500  0.006963510
1421.849218750  0.006995206
1421.853125000  0.006925499
1421.857031250  0.006988351
1421.860937500  0.006980450
1421.864843750  0.007064448
1421.868750000  0.006963599
1421.872656250  0.006904388
1421.876562500  0.006957729
1421.880468750  0.006975044
1421.884375000  0.007030323
1421.888281250  0.006971479
1421.892187500  0.006974498
1421.896093750  0.007037368
1421.900000000  0.007031451
1421.903906250  0.006936659
1421.907812500  0.007040190
1421.911718750  0.007001422
1421.915625000  0.007004428
1421.919531250  0.006963349
1421.923437500  0.007004909
1421.927343750  0.007004628
1421.931250000  0.006940685
1421.935156250  0.007008149
1421.939062500  0.006977758
1421.942968750  0.006994126
1421.946875000  0.007022173
1421.950781250  0.007014583
1421.954687500  0.007026415
1421.958593750  0.007008585
1421.962500000  0.007150090
1421.966406250  0.006985917
1421.970312500  0.007015709
1421.974218750  0.006970846
1421.978125000  0.007004151
1421.982031250  0.006954698
1421.985937500  0.007018264
1421.989843750  0.006987365
1421.993750000  0.006971123
1421.997656250  0.006963896
1422.001562500  0.007013564
1422.005468750  0.006946112
1422.009375000  0.007013178
1422.013281250  0.007010462
1422.017187500  0.006911954
1422.021093750  0.006993289
1422.025000000  0.006927765
1422.028906250  0.006973603
1422.032812500  0.007020700
1422.036718750  0.006982439
1422.040625000  0.006977080
1422.044531250  0.007002407
1422.048437500  0.006984326
1422.052343750  0.006990819
1422.056250000  0.007002758
1422.060156250  0.006942542
1422.064062500  0.007002603
1422.067968750  0.006976111
1422.071875000  0.006970312
1422.075781250  0.006941842
1422.079687500  0.007023675
1422.083593750  0.006887162
1422.087500000  0.006943984
1422.091406250  0.006962293
1422.095312500  0.006998409
1422.099218750  0.007017255
1422.103125000  0.006981727
1422.107031250  0.007012959
1422.110937500  0.007016159
1422.114843750  0.006939431
1422.118750000  0.006993525
1422.122656250  0.007031008
1422.126562500  0.006986921
1422.130468750  0.006967693
1422.134375000  0.006992187
1422.138281250  0.007017691
1422.142187500  0.006957316
1422.146093750  0.007001430
1422.150000000  0.007015670
1422.153906250  0.007444824
1422.157812500  0.006995905
1422.161718750  0.007028677
1422.165625000  0.007096339
1422.169531250  0.006989262
1422.173437500  0.006970016
1422.177343750  0.007039547
1422.181250000  0.007038929
1422.185156250  0.006987728
1422.189062500  0.006965197
1422.192968750  0.006991091
1422.196875000  0.006962540
1422.200781250  0.007243638
1422.204687500  0.007010411
1422.208593750  0.007010327
1422.212500000  0.006999531
1422.216406250  0.006961502
1422.220312500  0.006982408
1422.224218750  0.007013230
1422.228125000  0.006987228
1422.232031250  0.006986580
1422.235937500  0.006949778
1422.239843750  0.007013524
1422.243750000  0.006983422
1422.247656250  0.007034383
1422.251562500  0.007025820
1422.255468750  0.006946926
1422.259375000  0.006928135
1422.263281250  0.006955399
1422.267187500  0.007024871
1422.271093750  0.006970345
1422.275000000  0.006946651
1422.278906250  0.007027581
1422.282812500  0.007028138
1422.286718750  0.006847045
1422.290625000  0.006987312
1422.294531250  0.007104314
1422.298437500  0.007113312
1422.302343750  0.006959605
1422.306250000  0.006917339
1422.310156250  0.006937621
1422.314062500  0.006977423
1422.317968750  0.006953126
1422.321875000  0.006976294
1422.325781250  0.006977078
1422.329687500  0.006969407
1422.333593750  0.006996665
1422.337500000  0.006976001
1422.341406250  0.007040316
1422.345312500  0.007927645
1422.349218750  0.006947741
1422.353125000  0.007005534
1422.357031250  0.007007878
1422.360937500  0.006972223
1422.364843750  0.007016656
1422.368750000  0.007014096
1422.372656250  0.007037603
1422.376562500  0.007023467
1422.380468750  0.006987440
1422.384375000  0.006980161
1422.388281250  0.006956612
1422.392187500  0.007565340
1422.396093750  0.007080546
1422.400000000  0.006987190
1422.403906250  0.006938793
1422.407812500  0.007002506
1422.411718750  0.006969768
1422.415625000  0.006960936
1422.419531250  0.006961238
1422.423437500  0.006952187
1422.427343750  0.007004118
1422.431250000  0.006975928
1422.435156250  0.006977374
1422.439062500  0.007055737
1422.442968750  0.007086956
1422.446875000  0.006980635
1422.450781250  0.007015895
1422.454687500  0.006946783
1422.458593750  0.006985819
1422.462500000  0.006991291
1422.466406250  0.006982022
1422.470312500  0.006945299
1422.474218750  0.006877196
1422.478125000  0.006930897
1422.482031250  0.007032321
1422.485937500  0.007003566
1422.489843750  0.006927333
1422.493750000  0.006927819
1422.497656250  0.007004820
1422.501562500  0.006976389
1422.505468750  0.006994665
1422.509375000  0.006970503
1422.513281250  0.006983835
1422.517187500  0.006963793
1422.521093750  0.007017469
1422.525000000  0.006950368
1422.528906250  0.006988673
1422.532812500  0.007051954
1422.536718750  0.007292714
1422.540625000  0.006953912
1422.544531250  0.007006011
1422.548437500  0.006944245
1422.552343750  0.006889861
1422.556250000  0.006998328
1422.560156250  0.006994192
1422.564062500  0.007025049
1422.567968750  0.006947399
1422.571875000  0.006985076
1422.575781250  0.006911273
1422.579687500  0.007065955
1422.583593750  0.007246700
1422.587500000  0.007182186
1422.591406250  0.006930020
1422.595312500  0.006929609
1422.599218750  0.006975103
1422.603125000  0.006937112
1422.607031250  0.006957285
1422.610937500  0.006930786
1422.614843750  0.006904841
1422.618750000  0.006983060
1422.622656250  0.006946125
1422.626562500  0.006939751
1422.630468750  0.006963272
1422.634375000  0.007098514
1422.638281250  0.006964147
1422.642187500  0.006892288
1422.646093750  0.006924188
1422.650000000  0.006942763
1422.653906250  0.006933976
1422.657812500  0.006942469
1422.661718750  0.006906861
1422.665625000  0.006981167
1422.669531250  0.006940123
1422.673437500  0.006911111
1422.677343750  0.006915842
1422.681250000  0.007057042
1422.685156250  0.006979762
1422.689062500  0.006962904
1422.692968750  0.006962318
1422.696875000  0.007004046
1422.700781250  0.006965785
1422.704687500  0.007026527
1422.708593750  0.006956136
1422.712500000  0.006932710
1422.716406250  0.006968447
1422.720312500  0.006871405
1422.724218750  0.006960193
1422.728125000  0.006919526
1422.732031250  0.006940770
1422.735937500  0.006986034
1422.739843750  0.006961083
1422.743750000  0.007003059
1422.747656250  0.006922034
1422.751562500  0.006984749
1422.755468750  0.006933115
1422.759375000  0.006950385
1422.763281250  0.006897540
1422.767187500  0.006987772
1422.771093750  0.007018373
1422.775000000  0.006939577
1422.778906250  0.006954555
1422.782812500  0.006892259
1422.786718750  0.006914865
1422.790625000  0.006890778
1422.794531250  0.006933892
1422.798437500  0.006915538
1422.802343750  0.006922618
1422.806250000  0.006975604
1422.810156250  0.006955901
1422.814062500  0.006960753
1422.817968750  0.007011041
1422.821875000  0.006912174
1422.825781250  0.006794083
1422.829687500  0.006850511
1422.833593750  0.006905241
1422.837500000  0.006843125
1422.841406250  0.006879905
1422.845312500  0.006886213
1422.849218750  0.006865249
1422.853125000  0.006922206
1422.857031250  0.006940174
1422.860937500  0.006835249
1422.864843750  0.006949652
1422.868750000  0.006930977
1422.872656250  0.006962400
1422.876562500  0.006863948
1422.880468750  0.006920934
1422.884375000  0.006908676
1422.888281250  0.006871215
1422.892187500  0.006899886
1422.896093750  0.006874497
1422.900000000  0.006927494
1422.903906250  0.006843803
1422.907812500  0.006941888
1422.911718750  0.006852937
1422.915625000  0.006951922
1422.919531250  0.006929615
1422.923437500  0.006903028
1422.927343750  0.006877999
1422.931250000  0.006865214
1422.935156250  0.006915800
1422.939062500  0.006905697
1422.942968750  0.006971841
1422.946875000  0.006919517
1422.950781250  0.006955153
1422.954687500  0.006876620
1422.958593750  0.006898586
1422.962500000  0.006948369
1422.966406250  0.006838239
1422.970312500  0.006881929
1422.974218750  0.006906350
1422.978125000  0.006916312
1422.982031250  0.006909530
1422.985937500  0.006919559
1422.989843750  0.006894116
1422.993750000  0.006858375
1422.997656250  0.006872172
1423.001562500  0.006977667
1423.005468750  0.006912055
1423.009375000  0.007015728
1423.013281250  0.006929175
1423.017187500  0.006918620
1423.021093750  0.006941098
1423.025000000  0.007008210
1423.028906250  0.006886855
1423.032812500  0.006864488
1423.036718750  0.006976162
1423.040625000  0.006875437
1423.044531250  0.006897717
1423.048437500  0.006926635
1423.052343750  0.006938605
1423.056250000  0.007047318
1423.060156250  0.006896573
1423.064062500  0.006922437
1423.067968750  0.006855192
1423.071875000  0.006858206
1423.075781250  0.006922565
1423.079687500  0.006879527
1423.083593750  0.006899004
1423.087500000  0.006880377
1423.091406250  0.006840885
1423.095312500  0.006869727
1423.099218750  0.006923447
1423.103125000  0.007094079
1423.107031250  0.006984607
1423.110937500  0.006877650
1423.114843750  0.006896935
1423.118750000  0.006847645
1423.122656250  0.006912614
1423.126562500  0.006867362
1423.130468750  0.006829544
1423.134375000  0.006877260
1423.138281250  0.006842925
1423.142187500  0.006915423
1423.146093750  0.006883232
1423.150000000  0.006887894
1423.153906250  0.006949869
1423.157812500  0.006911312
1423.161718750  0.006933282
1423.165625000  0.006911319
1423.169531250  0.006926964
1423.173437500  0.006867455
1423.177343750  0.006891126
1423.181250000  0.006858166
1423.185156250  0.006930302
1423.189062500  0.006907659
1423.192968750  0.006946665
1423.196875000  0.006854198
1423.200781250  0.007071457
1423.204687500  0.006952994
1423.208593750  0.006890361
1423.212500000  0.006929444
1423.216406250  0.006917980
1423.220312500  0.006872166
1423.224218750  0.006912863
1423.228125000  0.006869529
1423.232031250  0.006909734
1423.235937500  0.006974025
1423.239843750  0.006891150
1423.243750000  0.006934325
1423.247656250  0.007036065
1423.251562500  0.006904348
1423.255468750  0.006937047
1423.259375000  0.006984369
1423.263281250  0.006917092
1423.267187500  0.006964041
1423.271093750  0.006981287
1423.275000000  0.006935347
1423.278906250  0.006864158
1423.282812500  0.006923967
1423.286718750  0.006968836
1423.290625000  0.006962684
1423.294531250  0.007022255
1423.298437500  0.007023487
1423.302343750  0.006894194
1423.306250000  0.007022951
1423.310156250  0.006919288
1423.314062500  0.006911796
1423.317968750  0.006932535
1423.321875000  0.006910907
1423.325781250  0.006935691
1423.329687500  0.006971115
1423.333593750  0.006996721
1423.337500000  0.006965405
1423.341406250  0.007050477
1423.345312500  0.006963406
1423.349218750  0.006925215
1423.353125000  0.006994184
1423.357031250  0.006901438
1423.360937500  0.006938680
1423.364843750  0.006907556
1423.368750000  0.006920959
1423.372656250  0.006954136
1423.376562500  0.006983432
1423.380468750  0.006981074
1423.384375000  0.007062762
1423.388281250  0.006994608
1423.392187500  0.007053346
1423.396093750  0.007027033
1423.400000000  0.007053410
1423.403906250  0.006970467
1423.407812500  0.007051182
1423.411718750  0.006972786
1423.415625000  0.006988895
1423.419531250  0.007004680
1423.423437500  0.006925104
1423.427343750  0.006931780
1423.431250000  0.006973463
1423.435156250  0.007099629
1423.439062500  0.007216746
1423.442968750  0.007027187
1423.446875000  0.006961694
1423.450781250  0.007034203
1423.454687500  0.007075017
1423.458593750  0.007033760
1423.462500000  0.007019211
1423.466406250  0.006992634
1423.470312500  0.007003910
1423.474218750  0.007009537
1423.478125000  0.007027830
1423.482031250  0.007000139
1423.485937500  0.007222854
1423.489843750  0.006992122
1423.493750000  0.006975963
1423.497656250  0.007039821
1423.501562500  0.007077354
1423.505468750  0.007010313
1423.509375000  0.007027952
1423.513281250  0.007073444
1423.517187500  0.007075482
1423.521093750  0.007105465
1423.525000000  0.007086656
1423.528906250  0.007133947
1423.532812500  0.007227645
1423.536718750  0.007095439
1423.540625000  0.007071085
1423.544531250  0.007106033
1423.548437500  0.007129068
1423.552343750  0.007130935
1423.556250000  0.007091999
1423.560156250  0.007028860
1423.564062500  0.007103175
1423.567968750  0.007047050
1423.571875000  0.007142588
1423.575781250  0.007097342
1423.579687500  0.007197103
1423.583593750  0.007164851
1423.587500000  0.007113364
1423.591406250  0.007084010
1423.595312500  0.007107632
1423.599218750  0.007120498
1423.603125000  0.007065844
1423.607031250  0.007137598
1423.610937500  0.007189098
1423.614843750  0.007129092
1423.618750000  0.007177751
1423.622656250  0.007184039
1423.626562500  0.007253874
1423.630468750  0.007234746
1423.634375000  0.007187571
1423.638281250  0.007059383
1423.642187500  0.007102260
1423.646093750  0.007123833
1423.650000000  0.007096138
1423.653906250  0.007145229
1423.657812500  0.007185492
1423.661718750  0.007118023
1423.665625000  0.007135446
1423.669531250  0.007171763
1423.673437500  0.007280133
1423.677343750  0.007356163
1423.681250000  0.007153606
1423.685156250  0.007206994
1423.689062500  0.007219228
1423.692968750  0.007155190
1423.696875000  0.007191034
1423.700781250  0.007202705
1423.704687500  0.007201690
1423.708593750  0.007212737
1423.712500000  0.007208638
1423.716406250  0.007195982
1423.720312500  0.007233227
1423.724218750  0.007420632
1423.728125000  0.007271189
1423.732031250  0.007109075
1423.735937500  0.007249994
1423.739843750  0.007217862
1423.743750000  0.007172749
1423.747656250  0.007198056
1423.751562500  0.007220860
1423.755468750  0.007244602
1423.759375000  0.007331124
1423.763281250  0.007218662
1423.767187500  0.007212847
1423.771093750  0.007548688
1423.775000000  0.007291849
1423.778906250  0.007269661
1423.782812500  0.007369882
1423.786718750  0.007310127
1423.790625000  0.007292205
1423.794531250  0.007227891
1423.798437500  0.007294495
1423.802343750  0.007273082
1423.806250000  0.007291246
1423.810156250  0.007295748
1423.814062500  0.007285132
1423.817968750  0.007514803
1423.821875000  0.007346826
1423.825781250  0.007393312
1423.829687500  0.007315871
1423.833593750  0.007371881
1423.837500000  0.007312303
1423.841406250  0.007402116
1423.845312500  0.007378011
1423.849218750  0.007295646
1423.853125000  0.007382052
1423.857031250  0.007357240
1423.860937500  0.007368177
1423.864843750  0.007496999
1423.868750000  0.007513206
1423.872656250  0.007416964
1423.876562500  0.007401549
1423.880468750  0.007413959
1423.884375000  0.007437225
1423.888281250  0.007332658
1423.892187500  0.007432792
1423.896093750  0.007393940
1423.900000000  0.007429514
1423.903906250  0.007449963
1423.907812500  0.007388490
1423.911718750  0.007503812
1423.915625000  0.007480343
1423.919531250  0.007434146
1423.923437500  0.007422323
1423.927343750  0.007463243
1423.931250000  0.007452455
1423.935156250  0.007563035
1423.939062500  0.007445025
1423.942968750  0.007465770
1423.946875000  0.007420131
1423.950781250  0.007523234
1423.954687500  0.007491232
1423.958593750  0.007561543
1423.962500000  0.007696427
1423.966406250  0.007514358
1423.970312500  0.007481394
1423.974218750  0.007502361
1423.978125000  0.007556041
1423.982031250  0.007534520
1423.985937500  0.008021559
1423.989843750  0.008173693
1423.993750000  0.007682287
1423.997656250  0.008077068
1424.001562500  0.008715824
1424.005468750  0.007715358
1424.009375000  0.008028785
1424.013281250  0.007557703
1424.017187500  0.007610215
1424.021093750  0.007516628
1424.025000000  0.007585136
1424.028906250  0.007579570
1424.032812500  0.007645713
1424.036718750  0.007551996
1424.040625000  0.007482466
1424.044531250  0.007749909
1424.048437500  0.007665996
1424.052343750  0.007625304
1424.056250000  0.007851245
1424.060156250  0.007643050
1424.064062500  0.007567383
1424.067968750  0.007640218
1424.071875000  0.007585326
1424.075781250  0.007598109
1424.079687500  0.007611685
1424.083593750  0.007653643
1424.087500000  0.007622626
1424.091406250  0.007645261
1424.095312500  0.007634692
1424.099218750  0.007711543
1424.103125000  0.007868893
1424.107031250  0.007766736
1424.110937500  0.007688473
1424.114843750  0.007613876
1424.118750000  0.007647219
1424.122656250  0.007700408
1424.126562500  0.007697607
1424.130468750  0.007680166
1424.134375000  0.007660561
1424.138281250  0.007683568
1424.142187500  0.007639352
1424.146093750  0.007705098
1424.150000000  0.007829411
1424.153906250  0.007997845
1424.157812500  0.007751190
1424.161718750  0.007744078
1424.165625000  0.007715751
1424.169531250  0.007623012
1424.173437500  0.007760989
1424.177343750  0.007704560
1424.181250000  0.007680930
1424.185156250  0.007748187
1424.189062500  0.007753011
1424.192968750  0.007815782
1424.196875000  0.007830929
1424.200781250  0.008598454
1424.204687500  0.007819893
1424.208593750  0.007872013
1424.212500000  0.007811273
1424.216406250  0.007673591
1424.220312500  0.007781825
1424.224218750  0.007826375
1424.228125000  0.007711693
1424.232031250  0.007813218
1424.235937500  0.007778431
1424.239843750  0.007773976
1424.243750000  0.007855819
1424.247656250  0.008413801
1424.251562500  0.007979322
1424.255468750  0.007777178
1424.259375000  0.007767367
1424.263281250  0.007835769
1424.267187500  0.007744092
1424.271093750  0.007814887
1424.275000000  0.007863155
1424.278906250  0.007768020
1424.282812500  0.007811360
1424.286718750  0.007796751
1424.290625000  0.007845643
1424.294531250  0.008004408
1424.298437500  0.007947149
1424.302343750  0.007772981
1424.306250000  0.007825185
1424.310156250  0.007730800
1424.314062500  0.007809871
1424.317968750  0.007921348
1424.321875000  0.007858590
1424.325781250  0.007810362
1424.329687500  0.007868710
1424.333593750  0.007852367
1424.337500000  0.007872239
1424.341406250  0.008080449
1424.345312500  0.007955785
1424.349218750  0.007925767
1424.353125000  0.007776426
1424.357031250  0.007825573
1424.360937500  0.007831700
1424.364843750  0.007818577
1424.368750000  0.007818020
1424.372656250  0.008077547
1424.376562500  0.007874089
1424.380468750  0.007790555
1424.384375000  0.007913380
1424.388281250  0.007965192
1424.392187500  0.008133474
1424.396093750  0.007833377

