2000(10000)
1416.400000000  0.008276490
1416.403906250  0.008290970
1416.407812500  0.008369228
1416.411718750  0.008280134
1416.415625000  0.008317796
1416.419531250  0.008308392
1416.423437500  0.008281927
1416.427343750  0.008271207
1416.431250000  0.008275875
1416.435156250  0.008310978
1416.439062500  0.008511952
1416.442968750  0.008443748
1416.446875000  0.008305571
1416.450781250  0.008325602
1416.454687500  0.008327519
1416.458593750  0.008316761
1416.462500000  0.008298994
1416.466406250  0.008368114
1416.470312500  0.008293711
1416.474218750  0.008330745
1416.478125000  0.008198678
1416.482031250  0.008367442
1416.485937500  0.008275958
1416.489843750  0.008417299
1416.493750000  0.008318285
1416.497656250  0.008298120
1416.501562500  0.008244183
1416.505468750  0.008216941
1416.509375000  0.008326134
1416.513281250  0.008204773
1416.517187500  0.008235600
1416.521093750  0.008259519
1416.525000000  0.008208113
1416.528906250  0.008250897
1416.532812500  0.008243060
1416.536718750  0.008353206
1416.540625000  0.008254682
1416.544531250  0.008193611
1416.548437500  0.008267722
1416.552343750  0.008242628
1416.556250000  0.008265487
1416.560156250  0.008261508
1416.564062500  0.008225474
1416.567968750  0.008159274
1416.571875000  0.008265677
1416.575781250  0.008341158
1416.579687500  0.008239127
1416.583593750  0.008234795
1416.587500000  0.008206589
1416.591406250  0.008287306
1416.595312500  0.008214395
1416.599218750  0.008252481
1416.603125000  0.008230146
1416.607031250  0.008258508
1416.610937500  0.008154434
1416.614843750  0.008217332
1416.618750000  0.008297264
1416.622656250  0.008331372
1416.626562500  0.008345882
1416.630468750  0.008368979
1416.634375000  0.008350590
1416.638281250  0.008309254
1416.642187500  0.008454126
1416.646093750  0.008729025
1416.650000000  0.008733555
1416.653906250  0.008779860
1416.657812500  0.008442201
1416.661718750  0.008291967
1416.665625000  0.008301143
1416.669531250  0.008308473
1416.673437500  0.008175606
1416.677343750  0.008253874
1416.681250000  0.008222761
1416.685156250  0.008140285
1416.689062500  0.008244356
1416.692968750  0.008136691
1416.696875000  0.008148482
1416.700781250  0.008433355
1416.704687500  0.008258155
1416.708593750  0.008148876
1416.712500000  0.008193122
1416.716406250  0.008134828
1416.720312500  0.008166626
1416.724218750  0.008145556
1416.728125000  0.008185233
1416.732031250  0.008124621
1416.735937500  0.008112467
1416.739843750  0.008134983
1416.743750000  0.008130539
1416.747656250  0.008105334
1416.751562500  0.008131447
1416.755468750  0.008474666
1416.759375000  0.008258522
1416.763281250  0.008160607
1416.767187500  0.008058934
1416.771093750  0.008130151
1416.775000000  0.008112023
1416.778906250  0.008105032
1416.782812500  0.008115118
1416.786718750  0.008098007
1416.790625000  0.008038436
1416.794531250  0.008089069
1416.798437500  0.008085689
1416.802343750  0.008117872
1416.806250000  0.008149569
1416.810156250  0.009029298
1416.814062500  0.008608498
1416.817968750  0.008175852
1416.821875000  0.008218654
1416.825781250  0.008032877
1416.829687500  0.008133163
1416.833593750  0.008192711
1416.837500000  0.008331648
1416.841406250  0.008361175
1416.845312500  0.008250579
1416.849218750  0.008378658
1416.853125000  0.008601856
1416.857031250  0.009147582
1416.860937500  0.011116378
1416.864843750  0.029117148
1416.868750000  0.020218975
1416.872656250  0.010479764
1416.876562500  0.008946024
1416.880468750  0.008557534
1416.884375000  0.008261628
1416.888281250  0.008289815
1416.892187500  0.008233939
1416.896093750  0.008244985
1416.900000000  0.008047290
1416.903906250  0.008046099
1416.907812500  0.008044487
1416.911718750  0.008047627
1416.915625000  0.008126307
1416.919531250  0.009062293
1416.923437500  0.008441058
1416.927343750  0.008033126
1416.931250000  0.007959265
1416.935156250  0.007968792
1416.939062500  0.007935490
1416.942968750  0.007867756
1416.946875000  0.007933028
1416.950781250  0.007904083
1416.954687500  0.007875154
1416.958593750  0.007944479
1416.962500000  0.007914985
1416.966406250  0.007959577
1416.970312500  0.007976073
1416.974218750  0.008082532
1416.978125000  0.008058657
1416.982031250  0.007868012
1416.985937500  0.007894794
1416.989843750  0.007783602
1416.993750000  0.007934582
1416.997656250  0.008286093
1417.001562500  0.008643573
1417.005468750  0.007909032
1417.009375000  0.007923114
1417.013281250  0.007825836
1417.017187500  0.007841043
1417.021093750  0.007837961
1417.025000000  0.007898538
1417.028906250  0.008039894
1417.032812500  0.007959826
1417.036718750  0.007851461
1417.040625000  0.007769919
1417.044531250  0.007798464
1417.048437500  0.007701911
1417.052343750  0.007814304
1417.056250000  0.007716467
1417.060156250  0.007843655
1417.064062500  0.007765453
1417.067968750  0.007926571
1417.071875000  0.007891663
1417.075781250  0.008055285
1417.079687500  0.008442477
1417.083593750  0.008394889
1417.087500000  0.008078078
1417.091406250  0.007969150
1417.095312500  0.007850297
1417.099218750  0.007882163
1417.103125000  0.007887755
1417.107031250  0.007793479
1417.110937500  0.007737147
1417.114843750  0.007762818
1417.118750000  0.007708589
1417.122656250  0.007739650
1417.126562500  0.007654484
1417.130468750  0.007764440
1417.134375000  0.007725944
1417.138281250  0.007756702
1417.142187500  0.007701642
1417.146093750  0.007673215
1417.150000000  0.007672859
1417.153906250  0.007620733
1417.157812500  0.007637508
1417.161718750  0.007647333
1417.165625000  0.007678000
1417.169531250  0.007648142
1417.173437500  0.007560903
1417.177343750  0.007721891
1417.181250000  0.007677992
1417.185156250  0.007608325
1417.189062500  0.007618411
1417.192968750  0.007611729
1417.196875000  0.007667354
1417.200781250  0.007652331
1417.204687500  0.007584635
1417.208593750  0.007573670
1417.212500000  0.007527800
1417.216406250  0.007549647
1417.220312500  0.007532168
1417.224218750  0.007569906
1417.228125000  0.007425864
1417.232031250  0.007487129
1417.235937500  0.007546279
1417.239843750  0.007442831
1417.243750000  0.007529038
1417.247656250  0.007594688
1417.251562500  0.007664915
1417.255468750  0.007493076
1417.259375000  0.007535648
1417.263281250  0.007473119
1417.267187500  0.007446584
1417.271093750  0.007490448
1417.275000000  0.007467091
1417.278906250  0.007549553
1417.282812500  0.007454170
1417.286718750  0.007501422
1417.290625000  0.007461928
1417.294531250  0.007546186
1417.298437500  0.007532742
1417.302343750  0.007473004
1417.306250000  0.007461355
1417.310156250  0.007419498
1417.314062500  0.007483211
1417.317968750  0.007411049
1417.321875000  0.007469749
1417.325781250  0.007396436
1417.329687500  0.007484002
1417.333593750  0.007440681
1417.337500000  0.007404821
1417.341406250  0.007468257
1417.345312500  0.007430469
1417.349218750  0.007443557
1417.353125000  0.007436613
1417.357031250  0.007550039
1417.360937500  0.007396441
1417.364843750  0.007357996
1417.368750000  0.007360452
1417.372656250  0.007374882
1417.376562500  0.007422089
1417.380468750  0.007382925
1417.384375000  0.007399124
1417.388281250  0.007429721
1417.392187500  0.007395825
1417.396093750  0.007403114
1417.400000000  0.007411060
1417.403906250  0.007384025
1417.407812500  0.007363658
1417.411718750  0.007367328
1417.415625000  0.007370590
1417.419531250  0.007319404
1417.423437500  0.007460066
1417.427343750  0.007429586
1417.431250000  0.007349608
1417.435156250  0.007374766
1417.439062500  0.007446693
1417.442968750  0.007386256
1417.446875000  0.007386765
1417.450781250  0.007355508
1417.454687500  0.007442508
1417.458593750  0.007393744
1417.462500000  0.007329140
1417.466406250  0.007431291
1417.470312500  0.007422422
1417.474218750  0.007345370
1417.478125000  0.007308646
1417.482031250  0.007342810
1417.485937500  0.007402417
1417.489843750  0.007324795
1417.493750000  0.007341644
1417.497656250  0.007330942
1417.501562500  0.007264255
1417.505468750  0.007355401
1417.509375000  0.007300642
1417.513281250  0.007332173
1417.517187500  0.007313468
1417.521093750  0.007299828
1417.525000000  0.007322840
1417.528906250  0.007289138
1417.532812500  0.007347057
1417.536718750  0.007281478
1417.540625000  0.007339493
1417.544531250  0.007300378
1417.548437500  0.007283278
1417.552343750  0.007378342
1417.556250000  0.007274354
1417.560156250  0.007270936
1417.564062500  0.007305047
1417.567968750  0.007281002
1417.571875000  0.007281302
1417.575781250  0.007361734
1417.579687500  0.007374669
1417.583593750  0.007341836
1417.587500000  0.007297385
1417.591406250  0.007328527
1417.595312500  0.007261444
1417.599218750  0.007248394
1417.603125000  0.007253827
1417.607031250  0.007299891
1417.610937500  0.007229025
1417.614843750  0.007266991
1417.618750000  0.007245047
1417.622656250  0.007281262
1417.626562500  0.007250291
1417.630468750  0.007254796
1417.634375000  0.007235803
1417.638281250  0.007263449
1417.642187500  0.007282399
1417.646093750  0.007225060
1417.650000000  0.007244692
1417.653906250  0.007274155
1417.657812500  0.007261334
1417.661718750  0.007169079
1417.665625000  0.007225878
1417.669531250  0.007189808
1417.673437500  0.007266273
1417.677343750  0.007246488
1417.681250000  0.007206342
1417.685156250  0.007221979
1417.689062500  0.007206702
1417.692968750  0.007273693
1417.696875000  0.007212780
1417.700781250  0.007272477
1417.704687500  0.007202710
1417.708593750  0.007274458
1417.712500000  0.007202149
1417.716406250  0.007239525
1417.720312500  0.007223114
1417.724218750  0.007253856
1417.728125000  0.007259763
1417.732031250  0.007203673
1417.735937500  0.007242111
1417.739843750  0.007186136
1417.743750000  0.007258185
1417.747656250  0.007170936
1417.751562500  0.007183633
1417.755468750  0.007212295
1417.759375000  0.007178743
1417.763281250  0.007213000
1417.767187500  0.007257790
1417.771093750  0.007176567
1417.775000000  0.007159224
1417.778906250  0.007144921
1417.782812500  0.007188537
1417.786718750  0.007186799
1417.790625000  0.007187438
1417.794531250  0.007171237
1417.798437500  0.007215534
1417.802343750  0.007189708
1417.806250000  0.007173752
1417.810156250  0.007155630
1417.814062500  0.007175946
1417.817968750  0.007267448
1417.821875000  0.007161475
1417.825781250  0.007119013
1417.829687500  0.007152937
1417.833593750  0.007121066
1417.837500000  0.007157913
1417.841406250  0.007149586
1417.845312500  0.007125928
1417.849218750  0.007211919
1417.853125000  0.007209808
1417.857031250  0.007149723
1417.860937500  0.007176975
1417.864843750  0.007194087
1417.868750000  0.007082334
1417.872656250  0.007176751
1417.876562500  0.007195975
1417.880468750  0.007146175
1417.884375000  0.007156800
1417.888281250  0.007099820
1417.892187500  0.007175108
1417.896093750  0.007203073
1417.900000000  0.007147724
1417.903906250  0.007102322
1417.907812500  0.007151887
1417.911718750  0.007083051
1417.915625000  0.007151663
1417.919531250  0.007250683
1417.923437500  0.007100566
1417.927343750  0.007119756
1417.931250000  0.007105152
1417.935156250  0.007143736
1417.939062500  0.007119043
1417.942968750  0.007124798
1417.946875000  0.007184578
1417.950781250  0.007120652
1417.954687500  0.007136387
1417.958593750  0.007120480
1417.962500000  0.007169731
1417.966406250  0.007133290
1417.970312500  0.007151927
1417.974218750  0.007135630
1417.978125000  0.007102398
1417.982031250  0.007087413
1417.985937500  0.007138943
1417.989843750  0.007106041
1417.993750000  0.007128113
1417.997656250  0.007116455
1418.001562500  0.007173131
1418.005468750  0.007081923
1418.009375000  0.007157652
1418.013281250  0.007164946
1418.017187500  0.007114035
1418.021093750  0.007105383
1418.025000000  0.007081559
1418.028906250  0.007107640
1418.032812500  0.007133974
1418.036718750  0.007134135
1418.040625000  0.007160972
1418.044531250  0.007095156
1418.048437500  0.007141644
1418.052343750  0.007104270
1418.056250000  0.007119667
1418.060156250  0.007075793
1418.064062500  0.007115119
1418.067968750  0.007117342
1418.071875000  0.007059556
1418.075781250  0.006988956
1418.079687500  0.007151339
1418.083593750  0.007054760
1418.087500000  0.007116971
1418.091406250  0.007105274
1418.095312500  0.007058377
1418.099218750  0.007143620
1418.103125000  0.007156808
1418.107031250  0.007152278
1418.110937500  0.007071641
1418.114843750  0.007117988
1418.118750000  0.007015108
1418.122656250  0.007102255
1418.126562500  0.007088724
1418.130468750  0.007145799
1418.134375000  0.007071757
1418.138281250  0.007051460
1418.142187500  0.007086779
1418.146093750  0.007114887
1418.150000000  0.007079192
1418.153906250  0.007071910
1418.157812500  0.007156854
1418.161718750  0.007078827
1418.165625000  0.007082161
1418.169531250  0.007055973
1418.173437500  0.007033617
1418.177343750  0.007065832
1418.181250000  0.007104516
1418.185156250  0.007069828
1418.189062500  0.007103976
1418.192968750  0.007078205
1418.196875000  0.007062653
1418.200781250  0.007078858
1418.204687500  0.007053237
1418.208593750  0.007102676
1418.212500000  0.007072669
1418.216406250  0.007035191
1418.220312500  0.007050555
1418.224218750  0.007036255
1418.228125000  0.007010176
1418.232031250  0.007026270
1418.235937500  0.007078441
1418.239843750  0.007038028
1418.243750000  0.006966248
1418.247656250  0.007150856
1418.251562500  0.007058404
1418.255468750  0.007044913
1418.259375000  0.007049187
1418.263281250  0.007025122
1418.267187500  0.007072280
1418.271093750  0.007077531
1418.275000000  0.007041108
1418.278906250  0.007022518
1418.282812500  0.007019514
1418.286718750  0.007079801
1418.290625000  0.007104598
1418.294531250  0.007108199
1418.298437500  0.007044833
1418.302343750  0.007064280
1418.306250000  0.006991606
1418.310156250  0.007079406
1418.314062500  0.007058145
1418.317968750  0.007127063
1418.321875000  0.007046251
1418.325781250  0.007093632
1418.329687500  0.007014920
1418.333593750  0.007034730
1418.337500000  0.007087244
1418.341406250  0.007099352
1418.345312500  0.007079295
1418.349218750  0.007102236
1418.353125000  0.007051831
1418.357031250  0.006985153
1418.360937500  0.007078466
1418.364843750  0.007091588
1418.368750000  0.007094568
1418.372656250  0.007094114
1418.376562500  0.007023924
1418.380468750  0.007053565
1418.384375000  0.007029116
1418.388281250  0.007005684
1418.392187500  0.007069885
1418.396093750  0.006968930
1418.400000000  0.007102981
1418.403906250  0.007039652
1418.407812500  0.007060541
1418.411718750  0.006979904
1418.415625000  0.007021562
1418.419531250  0.006962290
1418.423437500  0.007049711
1418.427343750  0.007004979
1418.431250000  0.007047189
1418.435156250  0.007037088
1418.439062500  0.007090265
1418.442968750  0.007053494
1418.446875000  0.007075058
1418.450781250  0.007029278
1418.454687500  0.007041492
1418.458593750  0.007047115
1418.462500000  0.007118926
1418.466406250  0.007001583
1418.470312500  0.007065993
1418.474218750  0.007103747
1418.478125000  0.007010997
1418.482031250  0.007009805
1418.485937500  0.007078075
1418.489843750  0.007129897
1418.493750000  0.007037749
1418.497656250  0.007021372
1418.501562500  0.007056330
1418.505468750  0.007059174
1418.509375000  0.007122895
1418.513281250  0.007034124
1418.517187500  0.007037111
1418.521093750  0.007044517
1418.525000000  0.007065791
1418.528906250  0.007063990
1418.532812500  0.007199816
1418.536718750  0.007068430
1418.540625000  0.007038257
1418.544531250  0.007055493
1418.548437500  0.007107094
1418.552343750  0.006995190
1418.556250000  0.007065739
1418.560156250  0.007007382
1418.564062500  0.007050177
1418.567968750  0.007073401
1418.571875000  0.007041882
1418.575781250  0.007071788
1418.579687500  0.007074657
1418.583593750  0.007062770
1418.587500000  0.007096574
1418.591406250  0.006931595
1418.595312500  0.007043877
1418.599218750  0.007088527
1418.603125000  0.006999574
1418.607031250  0.006991770
1418.610937500  0.007060552
1418.614843750  0.007051713
1418.618750000  0.007074068
1418.622656250  0.007060225
1418.626562500  0.007098441
1418.630468750  0.007083186
1418.634375000  0.006993220
1418.638281250  0.007095425
1418.642187500  0.007062313
1418.646093750  0.007086132
1418.650000000  0.007075220
1418.653906250  0.007040004
1418.657812500  0.007106061
1418.661718750  0.007118772
1418.665625000  0.007051794
1418.669531250  0.006980615
1418.673437500  0.007101217
1418.677343750  0.007091294
1418.681250000  0.007110287
1418.685156250  0.007068739
1418.689062500  0.007047037
1418.692968750  0.007100291
1418.696875000  0.007202020
1418.700781250  0.007111297
1418.704687500  0.007057073
1418.708593750  0.007070059
1418.712500000  0.007027255
1418.716406250  0.007041104
1418.720312500  0.007095598
1418.724218750  0.007124205
1418.728125000  0.006980264
1418.732031250  0.007031401
1418.735937500  0.007134986
1418.739843750  0.007120600
1418.743750000  0.006994898
1418.747656250  0.007106261
1418.751562500  0.006985640
1418.755468750  0.007003536
1418.759375000  0.007084196
1418.763281250  0.007093545
1418.767187500  0.007084731
1418.771093750  0.007052300
1418.775000000  0.007022199
1418.778906250  0.007059382
1418.782812500  0.007057756
1418.786718750  0.007117922
1418.790625000  0.007041010
1418.794531250  0.007075424
1418.798437500  0.007063404
1418.802343750  0.007038511
1418.806250000  0.007035265
1418.810156250  0.007046245
1418.814062500  0.006994187
1418.817968750  0.007146189
1418.821875000  0.007072535
1418.825781250  0.007015079
1418.829687500  0.007135667
1418.833593750  0.007084512
1418.837500000  0.007050757
1418.841406250  0.007127752
1418.845312500  0.007086007
1418.849218750  0.007148241
1418.853125000  0.007107809
1418.857031250  0.007100171
1418.860937500  0.007081960
1418.864843750  0.007082761
1418.868750000  0.007065708
1418.872656250  0.007086398
1418.876562500  0.007063456
1418.880468750  0.007042457
1418.884375000  0.007082023
1418.888281250  0.007061169
1418.892187500  0.007083797
1418.896093750  0.007096913
1418.900000000  0.007049711
1418.903906250  0.007147905
1418.907812500  0.007096352
1418.911718750  0.007113073
1418.915625000  0.007156099
1418.919531250  0.007151905
1418.923437500  0.007056503
1418.927343750  0.007046933
1418.931250000  0.007082679
1418.935156250  0.006999326
1418.939062500  0.007129178
1418.942968750  0.007084167
1418.946875000  0.007122704
1418.950781250  0.007119700
1418.954687500  0.007068339
1418.958593750  0.007049933
1418.962500000  0.007143714
1418.966406250  0.007068526
1418.970312500  0.007129646
1418.974218750  0.007068706
1418.978125000  0.007048173
1418.982031250  0.007116325
1418.985937500  0.007072250
1418.989843750  0.007044080
1418.993750000  0.007161496
1418.997656250  0.007101155
1419.001562500  0.007048620
1419.005468750  0.007094719
1419.009375000  0.007157312
1419.013281250  0.007146376
1419.017187500  0.007026312
1419.021093750  0.007078151
1419.025000000  0.007150752
1419.028906250  0.007105573
1419.032812500  0.007116182
1419.036718750  0.007177460
1419.040625000  0.007110508
1419.044531250  0.007136459
1419.048437500  0.007155766
1419.052343750  0.007053064
1419.056250000  0.007163477
1419.060156250  0.007128625
1419.064062500  0.007077120
1419.067968750  0.007096682
1419.071875000  0.007070796
1419.075781250  0.007056437
1419.079687500  0.007221188
1419.083593750  0.007170144
1419.087500000  0.007121995
1419.091406250  0.007138666
1419.095312500  0.007123971
1419.099218750  0.007079296
1419.103125000  0.007125918
1419.107031250  0.007101571
1419.110937500  0.007174898
1419.114843750  0.007231384
1419.118750000  0.007122409
1419.122656250  0.007189677
1419.126562500  0.007185191
1419.130468750  0.007211137
1419.134375000  0.008138472
1419.138281250  0.007181653
1419.142187500  0.007071017
1419.146093750  0.007155344
1419.150000000  0.007108936
1419.153906250  0.007132138
1419.157812500  0.007145751
1419.161718750  0.007178162
1419.165625000  0.007106625
1419.169531250  0.007180110
1419.173437500  0.007115774
1419.177343750  0.007201816
1419.181250000  0.007118881
1419.185156250  0.007140516
1419.189062500  0.007254843
1419.192968750  0.007156777
1419.196875000  0.007235410
1419.200781250  0.007124920
1419.204687500  0.007229038
1419.208593750  0.007164590
1419.212500000  0.007102930
1419.216406250  0.007107510
1419.220312500  0.007136117
1419.224218750  0.007103381
1419.228125000  0.007109109
1419.232031250  0.007212938
1419.235937500  0.007135945
1419.239843750  0.007157883
1419.243750000  0.007119649
1419.247656250  0.007123224
1419.251562500  0.007198729
1419.255468750  0.007140964
1419.259375000  0.007125293
1419.263281250  0.007123338
1419.267187500  0.007104126
1419.271093750  0.007208286
1419.275000000  0.007170486
1419.278906250  0.007147516
1419.282812500  0.007106504
1419.286718750  0.007094158
1419.290625000  0.007178490
1419.294531250  0.007141452
1419.298437500  0.007144383
1419.302343750  0.007156284
1419.306250000  0.007168353
1419.310156250  0.007178290
1419.314062500  0.007087005
1419.317968750  0.007129296
1419.321875000  0.007245762
1419.325781250  0.007088901
1419.329687500  0.007178266
1419.333593750  0.007130382
1419.337500000  0.007084574
1419.341406250  0.007149671
1419.345312500  0.007208683
1419.349218750  0.007112940
1419.353125000  0.007147497
1419.357031250  0.007138896
1419.360937500  0.007161625
1419.364843750  0.007221844
1419.368750000  0.007232303
1419.372656250  0.007161364
1419.376562500  0.007121460
1419.380468750  0.007053266
1419.384375000  0.007066591
1419.388281250  0.007184431
1419.392187500  0.007124943
1419.396093750  0.007036031
1419.400000000  0.007080942
1419.403906250  0.007121535
1419.407812500  0.007190186
1419.411718750  0.007108447
1419.415625000  0.007165475
1419.419531250  0.007123514
1419.423437500  0.007186152
1419.427343750  0.007149829
1419.431250000  0.007152210
1419.435156250  0.007148513
1419.439062500  0.007178187
1419.442968750  0.007093279
1419.446875000  0.007066127
1419.450781250  0.007169219
1419.454687500  0.007156122
1419.458593750  0.007086467
1419.462500000  0.007144898
1419.466406250  0.007168363
1419.470312500  0.007089073
1419.474218750  0.007100204
1419.478125000  0.007065385
1419.482031250  0.007093832
1419.485937500  0.007190880
1419.489843750  0.007176640
1419.493750000  0.007177548
1419.497656250  0.007107141
1419.501562500  0.007107160
1419.505468750  0.007101184
1419.509375000  0.007188773
1419.513281250  0.007235987
1419.517187500  0.007152036
1419.521093750  0.007222129
1419.525000000  0.007123223
1419.528906250  0.007121605
1419.532812500  0.007108804
1419.536718750  0.007155655
1419.540625000  0.007124536
1419.544531250  0.007178337
1419.548437500  0.007109286
1419.552343750  0.007145299
1419.556250000  0.007191059
1419.560156250  0.007229344
1419.564062500  0.007105436
1419.567968750  0.007140740
1419.571875000  0.007113682
1419.575781250  0.007118582
1419.579687500  0.007142604
1419.583593750  0.007182915
1419.587500000  0.007137806
1419.591406250  0.007109602
1419.595312500  0.007097338
1419.599218750  0.007151056
1419.603125000  0.007140607
1419.607031250  0.007170627
1419.610937500  0.007121967
1419.614843750  0.007130305
1419.618750000  0.007127651
1419.622656250  0.007110529
1419.626562500  0.007138876
1419.630468750  0.007128190
1419.634375000  0.007159158
1419.638281250  0.007047263
1419.642187500  0.007117594
1419.646093750  0.007139764
1419.650000000  0.007137051
1419.653906250  0.007154909
1419.657812500  0.007149129
1419.661718750  0.007081786
1419.665625000  0.007147314
1419.669531250  0.007131941
1419.673437500  0.007104259
1419.677343750  0.007193619
1419.681250000  0.007108857
1419.685156250  0.007151054
1419.689062500  0.007186433
1419.692968750  0.007158652
1419.696875000  0.007089591
1419.700781250  0.007186135
1419.704687500  0.007130427
1419.708593750  0.007183964
1419.712500000  0.007187976
1419.716406250  0.007126751
1419.720312500  0.007180802
1419.724218750  0.007199276
1419.728125000  0.007145399
1419.732031250  0.007208350
1419.735937500  0.007215667
1419.739843750  0.007143865
1419.743750000  0.007170818
1419.747656250  0.007164250
1419.751562500  0.007126916
1419.755468750  0.007201007
1419.759375000  0.007144067
1419.763281250  0.007187205
1419.767187500  0.007190905
1419.771093750  0.007212061
1419.775000000  0.007130869
1419.778906250  0.007153763
1419.782812500  0.007237392
1419.786718750  0.007175094
1419.790625000  0.007125221
1419.794531250  0.007156871
1419.798437500  0.007116021
1419.802343750  0.007179989
1419.806250000  0.007195167
1419.810156250  0.007175412
1419.814062500  0.007113625
1419.817968750  0.007177262
1419.821875000  0.007111172
1419.825781250  0.007175539
1419.829687500  0.007154592
1419.833593750  0.007114456
1419.837500000  0.007113888
1419.841406250  0.007149015
1419.845312500  0.007097687
1419.849218750  0.007214262
1419.853125000  0.007212501
1419.857031250  0.007125296
1419.860937500  0.007218590
1419.864843750  0.007184802
1419.868750000  0.007237855
1419.872656250  0.007206718
1419.876562500  0.007174649
1419.880468750  0.007204431
1419.884375000  0.007226391
1419.888281250  0.007168356
1419.892187500  0.007180309
1419.896093750  0.007129924
1419.900000000  0.007155307
1419.903906250  0.007181029
1419.907812500  0.007153144
1419.911718750  0.007206778
1419.915625000  0.007198620
1419.919531250  0.007241919
1419.923437500  0.007202504
1419.927343750  0.007182458
1419.931250000  0.007078371
1419.935156250  0.007115260
1419.939062500  0.007140850
1419.942968750  0.007246818
1419.946875000  0.007194991
1419.950781250  0.007262496
1419.954687500  0.007184768
1419.958593750  0.007195602
1419.962500000  0.007222184
1419.966406250  0.007172665
1419.970312500  0.007141247
1419.974218750  0.007114122
1419.978125000  0.007192657
1419.982031250  0.007210224
1419.985937500  0.007303382
1419.989843750  0.007330845
1419.993750000  0.007277236
1419.997656250  0.007430175
1420.001562500  0.007889964
1420.005468750  0.007191595
1420.009375000  0.007154647
1420.013281250  0.007230483
1420.017187500  0.007192887
1420.021093750  0.007149794
1420.025000000  0.007190222
1420.028906250  0.007231883
1420.032812500  0.007147513
1420.036718750  0.007163461
1420.040625000  0.007227312
1420.044531250  0.007254743
1420.048437500  0.007183163
1420.052343750  0.007162548
1420.056250000  0.007233555
1420.060156250  0.007250261
1420.064062500  0.007137624
1420.067968750  0.007205960
1420.071875000  0.007160660
1420.075781250  0.007246984
1420.079687500  0.007165288
1420.083593750  0.007091833
1420.087500000  0.007215512
1420.091406250  0.007185273
1420.095312500  0.007195844
1420.099218750  0.007222639
1420.103125000  0.007169992
1420.107031250  0.007173057
1420.110937500  0.007230295
1420.114843750  0.007148917
1420.118750000  0.007135016
1420.122656250  0.007214324
1420.126562500  0.007179980
1420.130468750  0.007194805
1420.134375000  0.007216472
1420.138281250  0.007224931
1420.142187500  0.007184333
1420.146093750  0.007201056
1420.150000000  0.007216787
1420.153906250  0.007166459
1420.157812500  0.007173218
1420.161718750  0.007225080
1420.165625000  0.007213692
1420.169531250  0.007141594
1420.173437500  0.007143636
1420.177343750  0.007242384
1420.181250000  0.007204603
1420.185156250  0.007147908
1420.189062500  0.007211665
1420.192968750  0.007213830
1420.196875000  0.007175645
1420.200781250  0.007259713
1420.204687500  0.007176311
1420.208593750  0.007177660
1420.212500000  0.007258685
1420.216406250  0.007260427
1420.220312500  0.007225900
1420.224218750  0.007287404
1420.228125000  0.007196455
1420.232031250  0.007154144
1420.235937500  0.007265631
1420.239843750  0.007214571
1420.243750000  0.007282336
1420.247656250  0.007268674
1420.251562500  0.007243555
1420.255468750  0.007220089
1420.259375000  0.007249762
1420.263281250  0.007262343
1420.267187500  0.007179963
1420.271093750  0.007215777
1420.275000000  0.007213052
1420.278906250  0.007237530
1420.282812500  0.007179235
1420.286718750  0.007189842
1420.290625000  0.007204480
1420.294531250  0.007317240
1420.298437500  0.007291241
1420.302343750  0.007247615
1420.306250000  0.007247935
1420.310156250  0.007286326
1420.314062500  0.007323199
1420.317968750  0.007323098
1420.321875000  0.007330274
1420.325781250  0.007315692
1420.329687500  0.007323558
1420.333593750  0.007223224
1420.337500000  0.007345642
1420.341406250  0.007350520
1420.345312500  0.007336599
1420.349218750  0.007379562
1420.353125000  0.007347731
1420.357031250  0.007344244
1420.360937500  0.007339816
1420.364843750  0.007378494
1420.368750000  0.007380496
1420.372656250  0.007348661
1420.376562500  0.007373856
1420.380468750  0.007346223
1420.384375000  0.007405025
1420.388281250  0.007439612
1420.392187500  0.007471900
1420.396093750  0.007429791
1420.400000000  0.007834626
1420.403906250  0.007433585
1420.407812500  0.007337806
1420.411718750  0.007456083
1420.415625000  0.007476262
1420.419531250  0.007379231
1420.423437500  0.007379573
1420.427343750  0.007398016
1420.431250000  0.007392369
1420.435156250  0.007339317
1420.439062500  0.007336363
1420.442968750  0.007320451
1420.446875000  0.007315757
1420.450781250  0.007298988
1420.454687500  0.007309164
1420.458593750  0.007301383
1420.462500000  0.007268265
1420.466406250  0.007299883
1420.470312500  0.007279843
1420.474218750  0.007328581
1420.478125000  0.007319867
1420.482031250  0.007282556
1420.485937500  0.007293784
1420.489843750  0.007274469
1420.493750000  0.007312642
1420.497656250  0.007236768
1420.501562500  0.007261726
1420.505468750  0.007287657
1420.509375000  0.007252257
1420.513281250  0.007302109
1420.517187500  0.007247439
1420.521093750  0.007236012
1420.525000000  0.007206169
1420.528906250  0.007257795
1420.532812500  0.007292475
1420.536718750  0.007319034
1420.540625000  0.007243848
1420.544531250  0.007248719
1420.548437500  0.007181134
1420.552343750  0.007301693
1420.556250000  0.007314091
1420.560156250  0.007221164
1420.564062500  0.007244058
1420.567968750  0.007249229
1420.571875000  0.007255415
1420.575781250  0.007292648
1420.579687500  0.007319408
1420.583593750  0.007319566
1420.587500000  0.007292476
1420.591406250  0.007240986
1420.595312500  0.007252721
1420.599218750  0.007200987
1420.603125000  0.007257801
1420.607031250  0.007193455
1420.610937500  0.007205712
1420.614843750  0.007237865
1420.618750000  0.007336746
1420.622656250  0.007272947
1420.626562500  0.007314116
1420.630468750  0.007216354
1420.634375000  0.007258073
1420.638281250  0.007246595
1420.642187500  0.007327166
1420.646093750  0.007282368
1420.650000000  0.007228598
1420.653906250  0.007250335
1420.657812500  0.007298898
1420.661718750  0.007215343
1420.665625000  0.007290523
1420.669531250  0.007264143
1420.673437500  0.007234296
1420.677343750  0.007338839
1420.681250000  0.007315565
1420.685156250  0.007245674
1420.689062500  0.007259430
1420.692968750  0.007353982
1420.696875000  0.007256939
1420.700781250  0.007248809
1420.704687500  0.007236520
1420.708593750  0.007287105
1420.712500000  0.007196731
1420.716406250  0.007255903
1420.720312500  0.007312570
1420.724218750  0.007279049
1420.728125000  0.007337189
1420.732031250  0.007266666
1420.735937500  0.007302521
1420.739843750  0.007347157
1420.743750000  0.007250145
1420.747656250  0.007308128
1420.751562500  0.007257895
1420.755468750  0.007299481
1420.759375000  0.007205154
1420.763281250  0.007301763
1420.767187500  0.007292298
1420.771093750  0.007328678
1420.775000000  0.007244149
1420.778906250  0.007368937
1420.782812500  0.007285876
1420.786718750  0.007247612
1420.790625000  0.007297015
1420.794531250  0.007202665
1420.798437500  0.007287552
1420.802343750  0.007296165
1420.806250000  0.007294621
1420.810156250  0.007271555
1420.814062500  0.007327514
1420.817968750  0.007250527
1420.821875000  0.007315815
1420.825781250  0.007325489
1420.829687500  0.007272432
1420.833593750  0.007260663
1420.837500000  0.007301145
1420.841406250  0.007246064
1420.845312500  0.007248944
1420.849218750  0.007283608
1420.853125000  0.007369250
1420.857031250  0.007398437
1420.860937500  0.007250508
1420.864843750  0.007332315
1420.868750000  0.007361016
1420.872656250  0.007299648
1420.876562500  0.007270084
1420.880468750  0.007237392
1420.884375000  0.007347151
1420.888281250  0.007298503
1420.892187500  0.007336421
1420.896093750  0.007254782
1420.900000000  0.007357453
1420.903906250  0.007351609
1420.907812500  0.007280411
1420.911718750  0.007411206
1420.915625000  0.007355983
1420.919531250  0.007279223
1420.923437500  0.007244163
1420.927343750  0.007344772
1420.931250000  0.007328449
1420.935156250  0.007356237
1420.939062500  0.007349603
1420.942968750  0.007301634
1420.946875000  0.007313677
1420.950781250  0.007314865
1420.954687500  0.007347168
1420.958593750  0.007330066
1420.962500000  0.007288940
1420.966406250  0.007270694
1420.970312500  0.007353744
1420.974218750  0.007366679
1420.978125000  0.007255208
1420.982031250  0.007239603
1420.985937500  0.007286618
1420.989843750  0.007285675
1420.993750000  0.007338860
1420.997656250  0.007366960
1421.001562500  0.007290795
1421.005468750  0.007349687
1421.009375000  0.007364750
1421.013281250  0.007333870
1421.017187500  0.007268927
1421.021093750  0.007376987
1421.025000000  0.007294950
1421.028906250  0.007263886
1421.032812500  0.007305138
1421.036718750  0.007323349
1421.040625000  0.007302087
1421.044531250  0.007369607
1421.048437500  0.007292767
1421.052343750  0.007369755
1421.056250000  0.007312025
1421.060156250  0.007329162
1421.064062500  0.007398152
1421.067968750  0.007300400
1421.071875000  0.007306019
1421.075781250  0.007312807
1421.079687500  0.007328708
1421.083593750  0.007272457
1421.087500000  0.007369459
1421.091406250  0.007330624
1421.095312500  0.007311362
1421.099218750  0.007341413
1421.103125000  0.007313562
1421.107031250  0.007279437
1421.110937500  0.007359314
1421.114843750  0.007345566
1421.118750000  0.007388392
1421.122656250  0.007323738
1421.126562500  0.007355814
1421.130468750  0.007345449
1421.134375000  0.007338535
1421.138281250  0.007387515
1421.142187500  0.007313586
1421.146093750  0.007355968
1421.150000000  0.007341164
1421.153906250  0.007324745
1421.157812500  0.007344793
1421.161718750  0.007318064
1421.165625000  0.007320235
1421.169531250  0.007313987
1421.173437500  0.007314490
1421.177343750  0.007323651
1421.181250000  0.007347089
1421.185156250  0.007322453
1421.189062500  0.007361899
1421.192968750  0.007341992
1421.196875000  0.007341180
1421.200781250  0.007382700
1421.204687500  0.007266981
1421.208593750  0.007260322
1421.212500000  0.007380148
1421.216406250  0.007331802
1421.220312500  0.007346233
1421.224218750  0.007337959
1421.228125000  0.007356928
1421.232031250  0.007313360
1421.235937500  0.007241421
1421.239843750  0.007432004
1421.243750000  0.007452218
1421.247656250  0.007370986
1421.251562500  0.007342953
1421.255468750  0.007326908
1421.259375000  0.007350008
1421.263281250  0.007333660
1421.267187500  0.007363724
1421.271093750  0.007367791
1421.275000000  0.007340411
1421.278906250  0.007356025
1421.282812500  0.007314966
1421.286718750  0.007412276
1421.290625000  0.007345977
1421.294531250  0.007340356
1421.298437500  0.007375879
1421.302343750  0.007272582
1421.306250000  0.007333198
1421.310156250  0.007341326
1421.314062500  0.007352615
1421.317968750  0.007351003
1421.321875000  0.007289296
1421.325781250  0.007352910
1421.329687500  0.007310375
1421.333593750  0.007367795
1421.337500000  0.007354748
1421.341406250  0.007384436
1421.345312500  0.007388781
1421.349218750  0.007306306
1421.353125000  0.007294103
1421.357031250  0.007381575
1421.360937500  0.007426453
1421.364843750  0.007303364
1421.368750000  0.007350926
1421.372656250  0.007358374
1421.376562500  0.007324241
1421.380468750  0.007322576
1421.384375000  0.007481212
1421.388281250  0.007391027
1421.392187500  0.007349971
1421.396093750  0.007345863
1421.400000000  0.007524886
1421.403906250  0.007456130
1421.407812500  0.007347344
1421.411718750  0.007333054
1421.415625000  0.007365846
1421.419531250  0.007371712
1421.423437500  0.007325054
1421.427343750  0.007347058
1421.431250000  0.007377113
1421.435156250  0.007368739
1421.439062500  0.007385244
1421.442968750  0.007393094
1421.446875000  0.007284992
1421.450781250  0.007319221
1421.454687500  0.007343634
1421.458593750  0.007347508
1421.462500000  0.007347668
1421.466406250  0.007382478
1421.470312500  0.007369698
1421.474218750  0.007369173
1421.478125000  0.007352182
1421.482031250  0.007422497
1421.485937500  0.007362353
1421.489843750  0.007345428
1421.493750000  0.007329626
1421.497656250  0.007379190
1421.501562500  0.007400821
1421.505468750  0.007332832
1421.509375000  0.007387503
1421.513281250  0.007374073
1421.517187500  0.007408695
1421.521093750  0.007346225
1421.525000000  0.007460943
1421.528906250  0.007360567
1421.532812500  0.007398375
1421.536718750  0.007369056
1421.540625000  0.007332234
1421.544531250  0.007357471
1421.548437500  0.007328421
1421.552343750  0.007418540
1421.556250000  0.007435227
1421.560156250  0.007460247
1421.564062500  0.007391224
1421.567968750  0.007339328
1421.571875000  0.007460672
1421.575781250  0.007402346
1421.579687500  0.007402512
1421.583593750  0.007387121
1421.587500000  0.007410976
1421.591406250  0.007413301
1421.595312500  0.007428035
1421.599218750  0.007390258
1421.603125000  0.007397253
1421.607031250  0.007378348
1421.610937500  0.007424578
1421.614843750  0.007390663
1421.618750000  0.007336115
1421.622656250  0.007405268
1421.626562500  0.007446052
1421.630468750  0.007330700
1421.634375000  0.007393823
1421.638281250  0.007377702
1421.642187500  0.007344138
1421.646093750  0.007394385
1421.650000000  0.007280574
1421.653906250  0.007392914
1421.657812500  0.007370608
1421.661718750  0.007385750
1421.665625000  0.007406508
1421.669531250  0.007358621
1421.673437500  0.007441280
1421.677343750  0.007345600
1421.681250000  0.007301070
1421.685156250  0.007361987
1421.689062500  0.007375968
1421.692968750  0.007385246
1421.696875000  0.007401776
1421.700781250  0.007361346
1421.704687500  0.007438105
1421.708593750  0.007371788
1421.712500000  0.007342937
1421.716406250  0.007432236
1421.720312500  0.007432296
1421.724218750  0.007408209
1421.728125000  0.007397672
1421.732031250  0.007399856
1421.735937500  0.007355495
1421.739843750  0.007414335
1421.743750000  0.007463951
1421.747656250  0.007440273
1421.751562500  0.007388074
1421.755468750  0.007438113
1421.759375000  0.007371040
1421.763281250  0.007391880
1421.767187500  0.007440555
1421.771093750  0.007460609
1421.775000000  0.007434159
1421.778906250  0.007378133
1421.782812500  0.007467271
1421.786718750  0.007359551
1421.790625000  0.007367778
1421.794531250  0.007475575
1421.798437500  0.007397990
1421.802343750  0.007417503
1421.806250000  0.007448973
1421.810156250  0.007339778
1421.814062500  0.007435044
1421.817968750  0.007459152
1421.821875000  0.007374806
1421.825781250  0.007422345
1421.829687500  0.007416488
1421.833593750  0.007461571
1421.837500000  0.007412806
1421.841406250  0.007373804
1421.845312500  0.007341377
1421.849218750  0.007424616
1421.853125000  0.007414687
1421.857031250  0.007367103
1421.860937500  0.007420377
1421.864843750  0.007456234
1421.868750000  0.007413558
1421.872656250  0.007487401
1421.876562500  0.007387119
1421.880468750  0.007397544
1421.884375000  0.007502392
1421.888281250  0.007391020
1421.892187500  0.007378284
1421.896093750  0.007352788
1421.900000000  0.007394582
1421.903906250  0.007423050
1421.907812500  0.007423255
1421.911718750  0.007413069
1421.915625000  0.007470007
1421.919531250  0.007418974
1421.923437500  0.007435421
1421.927343750  0.007503034
1421.931250000  0.007412357
1421.935156250  0.007387244
1421.939062500  0.007395788
1421.942968750  0.007455702
1421.946875000  0.007481996
1421.950781250  0.007468778
1421.954687500  0.007465451
1421.958593750  0.007416174
1421.962500000  0.007539664
1421.966406250  0.007447966
1421.970312500  0.007457183
1421.974218750  0.007514225
1421.978125000  0.007495353
1421.982031250  0.007416240
1421.985937500  0.007384913
1421.989843750  0.007424289
1421.993750000  0.007434598
1421.997656250  0.007426656
1422.001562500  0.007376348
1422.005468750  0.007441398
1422.009375000  0.007493449
1422.013281250  0.007427909
1422.017187500  0.007409173
1422.021093750  0.007486495
1422.025000000  0.007425129
1422.028906250  0.007464775
1422.032812500  0.007474221
1422.036718750  0.007441369
1422.040625000  0.007477640
1422.044531250  0.007464104
1422.048437500  0.007407069
1422.052343750  0.007370808
1422.056250000  0.007459572
1422.060156250  0.007412008
1422.064062500  0.007401849
1422.067968750  0.007389136
1422.071875000  0.007408622
1422.075781250  0.007396251
1422.079687500  0.007461789
1422.083593750  0.007465767
1422.087500000  0.007412270
1422.091406250  0.007408615
1422.095312500  0.007424235
1422.099218750  0.007416152
1422.103125000  0.007448996
1422.107031250  0.007448664
1422.110937500  0.007413268
1422.114843750  0.007380150
1422.118750000  0.007468265
1422.122656250  0.007491234
1422.126562500  0.007449995
1422.130468750  0.007413258
1422.134375000  0.007471021
1422.138281250  0.007457589
1422.142187500  0.007448194
1422.146093750  0.007448434
1422.150000000  0.007469360
1422.153906250  0.007712723
1422.157812500  0.007517357
1422.161718750  0.007400123
1422.165625000  0.007392288
1422.169531250  0.007429311
1422.173437500  0.007469847
1422.177343750  0.007431987
1422.181250000  0.007517723
1422.185156250  0.007430966
1422.189062500  0.007421729
1422.192968750  0.007415559
1422.196875000  0.007462892
1422.200781250  0.007618478
1422.204687500  0.007469309
1422.208593750  0.007480110
1422.212500000  0.007420896
1422.216406250  0.007432327
1422.220312500  0.007384843
1422.224218750  0.007457926
1422.228125000  0.007467427
1422.232031250  0.007425490
1422.235937500  0.007403518
1422.239843750  0.007377677
1422.243750000  0.007379670
1422.247656250  0.007476953
1422.251562500  0.007486996
1422.255468750  0.007311314
1422.259375000  0.007438748
1422.263281250  0.007408960
1422.267187500  0.007453040
1422.271093750  0.007427130
1422.275000000  0.007434973
1422.278906250  0.007426166
1422.282812500  0.007444354
1422.286718750  0.007389021
1422.290625000  0.007448757
1422.294531250  0.007421174
1422.298437500  0.007534415
1422.302343750  0.007498790
1422.306250000  0.007382753
1422.310156250  0.007435074
1422.314062500  0.007447820
1422.317968750  0.007368690
1422.321875000  0.007471202
1422.325781250  0.007398004
1422.329687500  0.007354386
1422.333593750  0.007473958
1422.337500000  0.007390946
1422.341406250  0.007364719
1422.345312500  0.008078839
1422.349218750  0.007371424
1422.353125000  0.007391822
1422.357031250  0.007442157
1422.360937500  0.007413996
1422.364843750  0.007428475
1422.368750000  0.007405873
1422.372656250  0.007435374
1422.376562500  0.007436950
1422.380468750  0.007446699
1422.384375000  0.007410191
1422.388281250  0.007416005
1422.392187500  0.007815553
1422.396093750  0.007514200
1422.400000000  0.007467491
1422.403906250  0.007424257
1422.407812500  0.007392382
1422.411718750  0.007493475
1422.415625000  0.007413528
1422.419531250  0.007365532
1422.423437500  0.007448994
1422.427343750  0.007477343
1422.431250000  0.007408692
1422.435156250  0.007410777
1422.439062500  0.007538343
1422.442968750  0.007436378
1422.446875000  0.007464218
1422.450781250  0.007396967
1422.454687500  0.007441317
1422.458593750  0.007425295
1422.462500000  0.007497234
1422.466406250  0.007398219
1422.470312500  0.007451101
1422.474218750  0.007473731
1422.478125000  0.007491282
1422.482031250  0.007414032
1422.485937500  0.007536357
1422.489843750  0.007415179
1422.493750000  0.007459993
1422.497656250  0.007377773
1422.501562500  0.007374377
1422.505468750  0.007435875
1422.509375000  0.007378060
1422.513281250  0.007516079
1422.517187500  0.007430942
1422.521093750  0.007480156
1422.525000000  0.007504612
1422.528906250  0.007444016
1422.532812500  0.007535616
1422.536718750  0.007655449
1422.540625000  0.007524931
1422.544531250  0.007469984
1422.548437500  0.007506441
1422.552343750  0.007481068
1422.556250000  0.007417998
1422.560156250  0.007512700
1422.564062500  0.007434057
1422.567968750  0.007412973
1422.571875000  0.007455795
1422.575781250  0.007438612
1422.579687500  0.007474287
1422.583593750  0.007650566
1422.587500000  0.007584179
1422.591406250  0.007439635
1422.595312500  0.007478833
1422.599218750  0.007572646
1422.603125000  0.007469444
1422.607031250  0.007467808
1422.610937500  0.007467214
1422.614843750  0.007413813
1422.618750000  0.007409418
1422.622656250  0.007383448
1422.626562500  0.007435790
1422.630468750  0.007472212
1422.634375000  0.007572914
1422.638281250  0.007462119
1422.642187500  0.007461553
1422.646093750  0.007424002
1422.650000000  0.007382082
1422.653906250  0.007460887
1422.657812500  0.007396898
1422.661718750  0.007356583
1422.665625000  0.007444266
1422.669531250  0.007464320
1422.673437500  0.007508884
1422.677343750  0.007483915
1422.681250000  0.007470464
1422.685156250  0.007462418
1422.689062500  0.007369423
1422.692968750  0.007445315
1422.696875000  0.007414887
1422.700781250  0.007441335
1422.704687500  0.007397809
1422.708593750  0.007466110
1422.712500000  0.007403550
1422.716406250  0.007382444
1422.720312500  0.007372716
1422.724218750  0.007452627
1422.728125000  0.007536226
1422.732031250  0.007460123
1422.735937500  0.007467146
1422.739843750  0.007520884
1422.743750000  0.007464345
1422.747656250  0.007406029
1422.751562500  0.007452667
1422.755468750  0.007490691
1422.759375000  0.007471084
1422.763281250  0.007447311
1422.767187500  0.007387506
1422.771093750  0.007386194
1422.775000000  0.007436038
1422.778906250  0.007427337
1422.782812500  0.007529441
1422.786718750  0.007425483
1422.790625000  0.007397283
1422.794531250  0.007429431
1422.798437500  0.007454146
1422.802343750  0.007370142
1422.806250000  0.007416183
1422.810156250  0.007413436
1422.814062500  0.007413137
1422.817968750  0.007473866
1422.821875000  0.007411977
1422.825781250  0.007405547
1422.829687500  0.007354230
1422.833593750  0.007444989
1422.837500000  0.007437969
1422.841406250  0.007357542
1422.845312500  0.007408841
1422.849218750  0.007425398
1422.853125000  0.007410536
1422.857031250  0.007399547
1422.860937500  0.007374022
1422.864843750  0.007460563
1422.868750000  0.007336389
1422.872656250  0.007394794
1422.876562500  0.007357057
1422.880468750  0.007472221
1422.884375000  0.007399348
1422.888281250  0.007403935
1422.892187500  0.007398778
1422.896093750  0.007382397
1422.900000000  0.007412620
1422.903906250  0.007435684
1422.907812500  0.007367393
1422.911718750  0.007410393
1422.915625000  0.007384689
1422.919531250  0.007397218
1422.923437500  0.007377116
1422.927343750  0.007416531
1422.931250000  0.007424812
1422.935156250  0.007457237
1422.939062500  0.007367927
1422.942968750  0.007417034
1422.946875000  0.007397826
1422.950781250  0.007407597
1422.954687500  0.007473772
1422.958593750  0.007402007
1422.962500000  0.007397119
1422.966406250  0.007420310
1422.970312500  0.007435487
1422.974218750  0.007443427
1422.978125000  0.007443092
1422.982031250  0.007410167
1422.985937500  0.007449336
1422.989843750  0.007368339
1422.993750000  0.007385245
1422.997656250  0.007348258
1423.001562500  0.007385867
1423.005468750  0.007419134
1423.009375000  0.007427928
1423.013281250  0.007511317
1423.017187500  0.007454289
1423.021093750  0.007435584
1423.025000000  0.007523897
1423.028906250  0.007373524
1423.032812500  0.007382592
1423.036718750  0.007420474
1423.040625000  0.007479246
1423.044531250  0.007471096
1423.048437500  0.007396567
1423.052343750  0.007464125
1423.056250000  0.007359195
1423.060156250  0.007472015
1423.064062500  0.007445086
1423.067968750  0.007447563
1423.071875000  0.007449600
1423.075781250  0.007379554
1423.079687500  0.007369160
1423.083593750  0.007310700
1423.087500000  0.007470688
1423.091406250  0.007444968
1423.095312500  0.007394341
1423.099218750  0.007403478
1423.103125000  0.007455601
1423.107031250  0.007430434
1423.110937500  0.007404515
1423.114843750  0.007444362
1423.118750000  0.007423657
1423.122656250  0.007414822
1423.126562500  0.007397470
1423.130468750  0.007349691
1423.134375000  0.007487027
1423.138281250  0.007429474
1423.142187500  0.007365681
1423.146093750  0.007360218
1423.150000000  0.007493127
1423.153906250  0.007394161
1423.157812500  0.007379645
1423.161718750  0.007465784
1423.165625000  0.007470741
1423.169531250  0.007378118
1423.173437500  0.007418372
1423.177343750  0.007489876
1423.181250000  0.007465609
1423.185156250  0.007386328
1423.189062500  0.007447127
1423.192968750  0.007456518
1423.196875000  0.007439749
1423.200781250  0.007491728
1423.204687500  0.007486049
1423.208593750  0.007545598
1423.212500000  0.007489155
1423.216406250  0.007469611
1423.220312500  0.007505199
1423.224218750  0.007430067
1423.228125000  0.007465238
1423.232031250  0.007484290
1423.235937500  0.007492819
1423.239843750  0.007429930
1423.243750000  0.007497357
1423.247656250  0.007548843
1423.251562500  0.007531110
1423.255468750  0.007487180
1423.259375000  0.007512082
1423.263281250  0.007449447
1423.267187500  0.007508836
1423.271093750  0.007511477
1423.275000000  0.007521393
1423.278906250  0.007447349
1423.282812500  0.007486340
1423.286718750  0.007554413
1423.290625000  0.007498042
1423.294531250  0.007454227
1423.298437500  0.007474936
1423.302343750  0.007458025
1423.306250000  0.007525054
1423.310156250  0.007555834
1423.314062500  0.007491558
1423.317968750  0.007577361
1423.321875000  0.007552561
1423.325781250  0.007518580
1423.329687500  0.007638593
1423.333593750  0.007495683
1423.337500000  0.007576128
1423.341406250  0.007578836
1423.345312500  0.007507079
1423.349218750  0.007513056
1423.353125000  0.007526334
1423.357031250  0.007542223
1423.360937500  0.007555489
1423.364843750  0.007554741
1423.368750000  0.007613521
1423.372656250  0.007603932
1423.376562500  0.007596175
1423.380468750  0.007581001
1423.384375000  0.007563215
1423.388281250  0.007619075
1423.392187500  0.007655547
1423.396093750  0.007571418
1423.400000000  0.007533301
1423.403906250  0.007627012
1423.407812500  0.007562193
1423.411718750  0.007579176
1423.415625000  0.007539516
1423.419531250  0.007570820
1423.423437500  0.007600072
1423.427343750  0.007599749
1423.431250000  0.007638851
1423.435156250  0.007647160
1423.439062500  0.007638736
1423.442968750  0.007614669
1423.446875000  0.007608925
1423.450781250  0.007591601
1423.454687500  0.007622153
1423.458593750  0.007607369
1423.462500000  0.007616022
1423.466406250  0.007644911
1423.470312500  0.007629729
1423.474218750  0.007647095
1423.478125000  0.007680005
1423.482031250  0.007603670
1423.485937500  0.007732327
1423.489843750  0.007683353
1423.493750000  0.007615984
1423.497656250  0.007606952
1423.501562500  0.007642273
1423.505468750  0.007722703
1423.509375000  0.007683232
1423.513281250  0.007675138
1423.517187500  0.007732315
1423.521093750  0.007626626
1423.525000000  0.007568993
1423.528906250  0.007685031
1423.532812500  0.007691908
1423.536718750  0.007630434
1423.540625000  0.007646896
1423.544531250  0.007760306
1423.548437500  0.007628245
1423.552343750  0.007670052
1423.556250000  0.007676286
1423.560156250  0.007646880
1423.564062500  0.007707381
1423.567968750  0.007711063
1423.571875000  0.007700440
1423.575781250  0.007756666
1423.579687500  0.007743179
1423.583593750  0.007660213
1423.587500000  0.007701315
1423.591406250  0.007704967
1423.595312500  0.007680542
1423.599218750  0.007700473
1423.603125000  0.007704654
1423.607031250  0.007686585
1423.610937500  0.007692123
1423.614843750  0.007653404
1423.618750000  0.007695515
1423.622656250  0.007733024
1423.626562500  0.007780534
1423.630468750  0.007686145
1423.634375000  0.007714873
1423.638281250  0.007767904
1423.642187500  0.007738356
1423.646093750  0.007719680
1423.650000000  0.007768389
1423.653906250  0.007738997
1423.657812500  0.007791400
1423.661718750  0.007710323
1423.665625000  0.007791524
1423.669531250  0.007771467
1423.673437500  0.007759935
1423.677343750  0.007800814
1423.681250000  0.007801706
1423.685156250  0.007761358
1423.689062500  0.007738256
1423.692968750  0.007787628
1423.696875000  0.007754359
1423.700781250  0.007777237
1423.704687500  0.007726144
1423.708593750  0.007726653
1423.712500000  0.007765688
1423.716406250  0.007784178
1423.720312500  0.007845630
1423.724218750  0.007786529
1423.728125000  0.007806869
1423.732031250  0.007808969
1423.735937500  0.007683868
1423.739843750  0.007835624
1423.743750000  0.007879352
1423.747656250  0.007819105
1423.751562500  0.007783524
1423.755468750  0.007904726
1423.759375000  0.007879072
1423.763281250  0.007816338
1423.767187500  0.007877207
1423.771093750  0.007869512
1423.775000000  0.007872062
1423.778906250  0.007890437
1423.782812500  0.007878079
1423.786718750  0.007890974
1423.790625000  0.007855661
1423.794531250  0.007919750
1423.798437500  0.007899981
1423.802343750  0.007956674
1423.806250000  0.007896778
1423.810156250  0.007971824
1423.814062500  0.007851354
1423.817968750  0.007965792
1423.821875000  0.007818182
1423.825781250  0.007928671
1423.829687500  0.007972833
1423.833593750  0.007951935
1423.837500000  0.007963120
1423.841406250  0.007957109
1423.845312500  0.007858156
1423.849218750  0.007908330
1423.853125000  0.007981659
1423.857031250  0.008010628
1423.860937500  0.007960606
1423.864843750  0.007994717
1423.868750000  0.008017630
1423.872656250  0.008001685
1423.876562500  0.008013082
1423.880468750  0.007947433
1423.884375000  0.007909316
1423.888281250  0.008023299
1423.892187500  0.007959650
1423.896093750  0.008068978
1423.900000000  0.008038045
1423.903906250  0.007995459
1423.907812500  0.008022360
1423.911718750  0.008006715
1423.915625000  0.008025259
1423.919531250  0.008041526
1423.923437500  0.007982000
1423.927343750  0.007993215
1423.931250000  0.007985289
1423.935156250  0.008015444
1423.939062500  0.007999031
1423.942968750  0.007994570
1423.946875000  0.007992100
1423.950781250  0.008036116
1423.954687500  0.008024079
1423.958593750  0.008053822
1423.962500000  0.008089163
1423.966406250  0.008123972
1423.970312500  0.008097856
1423.974218750  0.008001809
1423.978125000  0.008066821
1423.982031250  0.008088929
1423.985937500  0.008282856
1423.989843750  0.008347680
1423.993750000  0.008111375
1423.997656250  0.008521603
1424.001562500  0.008957339
1424.005468750  0.008212872
1424.009375000  0.008284090
1424.013281250  0.008077129
1424.017187500  0.008045976
1424.021093750  0.008102857
1424.025000000  0.008003989
1424.028906250  0.008131858
1424.032812500  0.008094151
1424.036718750  0.008105489
1424.040625000  0.008151079
1424.044531250  0.008165223
1424.048437500  0.008214058
1424.052343750  0.008070282
1424.056250000  0.008222623
1424.060156250  0.008129700
1424.064062500  0.008092825
1424.067968750  0.008237415
1424.071875000  0.008180607
1424.075781250  0.008203382
1424.079687500  0.008231327
1424.083593750  0.008180414
1424.087500000  0.008161854
1424.091406250  0.008221002
1424.095312500  0.008167355
1424.099218750  0.008202213
1424.103125000  0.008202674
1424.107031250  0.008227293
1424.110937500  0.008141063
1424.114843750  0.008114307
1424.118750000  0.008262342
1424.122656250  0.008146681
1424.126562500  0.008203627
1424.130468750  0.008164172
1424.134375000  0.008271510
1424.138281250  0.008201771
1424.142187500  0.008273445
1424.146093750  0.008222849
1424.150000000  0.008175555
1424.153906250  0.008310987
1424.157812500  0.008254615
1424.161718750  0.008240382
1424.165625000  0.008226993
1424.169531250  0.008222105
1424.173437500  0.008247699
1424.177343750  0.008238773
1424.181250000  0.008257872
1424.185156250  0.008206420
1424.189062500  0.008272758
1424.192968750  0.008256714
1424.196875000  0.008274848
1424.200781250  0.008741247
1424.204687500  0.008332832
1424.208593750  0.008275140
1424.212500000  0.008241532
1424.216406250  0.008221956
1424.220312500  0.008231568
1424.224218750  0.008342119
1424.228125000  0.008319703
1424.232031250  0.008367413
1424.235937500  0.008249794
1424.239843750  0.008277471
1424.243750000  0.008266336
1424.247656250  0.008603597
1424.251562500  0.008416616
1424.255468750  0.008264399
1424.259375000  0.008299614
1424.263281250  0.008344269
1424.267187500  0.008257039
1424.271093750  0.008337935
1424.275000000  0.008288706
1424.278906250  0.008319565
1424.282812500  0.008252688
1424.286718750  0.008249039
1424.290625000  0.008330423
1424.294531250  0.008325525
1424.298437500  0.008438456
1424.302343750  0.008357261
1424.306250000  0.008328561
1424.310156250  0.008301159
1424.314062500  0.008284072
1424.317968750  0.008323163
1424.321875000  0.008375515
1424.325781250  0.008355859
1424.329687500  0.008312256
1424.333593750  0.008321458
1424.337500000  0.008385303
1424.341406250  0.008275723
1424.345312500  0.008349981
1424.349218750  0.008373610
1424.353125000  0.008331260
1424.357031250  0.008243146
1424.360937500  0.008356137
1424.364843750  0.008215144
1424.368750000  0.008305885
1424.372656250  0.008370317
1424.376562500  0.008375699
1424.380468750  0.008284560
1424.384375000  0.008264356
1424.388281250  0.008376584
1424.392187500  0.008472203
1424.396093750  0.008325751

