1000(10000)
1416.400000000  0.006717545
1416.403906250  0.006670688
1416.407812500  0.006648667
1416.411718750  0.006663183
1416.415625000  0.006700232
1416.419531250  0.006652707
1416.423437500  0.006701479
1416.427343750  0.006762392
1416.431250000  0.006695922
1416.435156250  0.006720127
1416.439062500  0.006726400
1416.442968750  0.006713469
1416.446875000  0.006672137
1416.450781250  0.006687800
1416.454687500  0.006679667
1416.458593750  0.006654752
1416.462500000  0.006656741
1416.466406250  0.006611861
1416.470312500  0.006640235
1416.474218750  0.006722617
1416.478125000  0.006667451
1416.482031250  0.006667152
1416.485937500  0.006700134
1416.489843750  0.006693231
1416.493750000  0.006645118
1416.497656250  0.006679194
1416.501562500  0.006690160
1416.505468750  0.006660502
1416.509375000  0.006724208
1416.513281250  0.006630324
1416.517187500  0.006655782
1416.521093750  0.006655932
1416.525000000  0.006670155
1416.528906250  0.006644063
1416.532812500  0.006740934
1416.536718750  0.006655199
1416.540625000  0.006664554
1416.544531250  0.006690247
1416.548437500  0.006641868
1416.552343750  0.006638903
1416.556250000  0.006669764
1416.560156250  0.006660708
1416.564062500  0.006704229
1416.567968750  0.006628413
1416.571875000  0.006658465
1416.575781250  0.006617132
1416.579687500  0.006746474
1416.583593750  0.006718938
1416.587500000  0.006623167
1416.591406250  0.006674803
1416.595312500  0.006631933
1416.599218750  0.006645234
1416.603125000  0.006639706
1416.607031250  0.006607274
1416.610937500  0.006636011
1416.614843750  0.006589938
1416.618750000  0.006648582
1416.622656250  0.006618070
1416.626562500  0.006612478
1416.630468750  0.006586890
1416.634375000  0.006617042
1416.638281250  0.006623071
1416.642187500  0.006598789
1416.646093750  0.006651186
1416.650000000  0.006681821
1416.653906250  0.006632564
1416.657812500  0.006609875
1416.661718750  0.006572901
1416.665625000  0.006644311
1416.669531250  0.006597112
1416.673437500  0.006641155
1416.677343750  0.006632174
1416.681250000  0.006613842
1416.685156250  0.006620566
1416.689062500  0.006576639
1416.692968750  0.006538684
1416.696875000  0.006563112
1416.700781250  0.006637065
1416.704687500  0.006686994
1416.708593750  0.006618483
1416.712500000  0.006578237
1416.716406250  0.006579890
1416.720312500  0.006515000
1416.724218750  0.006573453
1416.728125000  0.006543806
1416.732031250  0.006583173
1416.735937500  0.006481179
1416.739843750  0.006576632
1416.743750000  0.006534383
1416.747656250  0.006519906
1416.751562500  0.006564202
1416.755468750  0.006593359
1416.759375000  0.006772579
1416.763281250  0.006559219
1416.767187500  0.006555592
1416.771093750  0.006556904
1416.775000000  0.006544452
1416.778906250  0.006552558
1416.782812500  0.006516624
1416.786718750  0.006516924
1416.790625000  0.006467794
1416.794531250  0.006469950
1416.798437500  0.006506778
1416.802343750  0.006495673
1416.806250000  0.006552682
1416.810156250  0.006723534
1416.814062500  0.006986045
1416.817968750  0.006571459
1416.821875000  0.006550488
1416.825781250  0.006478645
1416.829687500  0.006554714
1416.833593750  0.006490472
1416.837500000  0.006506790
1416.841406250  0.006521267
1416.845312500  0.006436913
1416.849218750  0.006460262
1416.853125000  0.006550157
1416.857031250  0.006548008
1416.860937500  0.006612907
1416.864843750  0.007172142
1416.868750000  0.010363538
1416.872656250  0.006761299
1416.876562500  0.006594420
1416.880468750  0.006489514
1416.884375000  0.006425643
1416.888281250  0.006511972
1416.892187500  0.006515663
1416.896093750  0.006484954
1416.900000000  0.006460307
1416.903906250  0.006394293
1416.907812500  0.006439066
1416.911718750  0.006495690
1416.915625000  0.006490397
1416.919531250  0.006608315
1416.923437500  0.007144638
1416.927343750  0.006452984
1416.931250000  0.006475016
1416.935156250  0.006456423
1416.939062500  0.006390196
1416.942968750  0.006407203
1416.946875000  0.006422664
1416.950781250  0.006388793
1416.954687500  0.006308234
1416.958593750  0.006346141
1416.962500000  0.006456214
1416.966406250  0.006406452
1416.970312500  0.006460227
1416.974218750  0.006441766
1416.978125000  0.006770986
1416.982031250  0.006416672
1416.985937500  0.006342409
1416.989843750  0.006397336
1416.993750000  0.006408244
1416.997656250  0.006822781
1417.001562500  0.007299747
1417.005468750  0.006357968
1417.009375000  0.006377409
1417.013281250  0.006371142
1417.017187500  0.006382320
1417.021093750  0.006304691
1417.025000000  0.006405714
1417.028906250  0.006364789
1417.032812500  0.006561859
1417.036718750  0.006351597
1417.040625000  0.006327983
1417.044531250  0.006308738
1417.048437500  0.006335579
1417.052343750  0.006272863
1417.056250000  0.006367485
1417.060156250  0.006323555
1417.064062500  0.006298909
1417.067968750  0.006345134
1417.071875000  0.006313441
1417.075781250  0.006327778
1417.079687500  0.006378076
1417.083593750  0.006346614
1417.087500000  0.006524156
1417.091406250  0.006337489
1417.095312500  0.006343932
1417.099218750  0.006312997
1417.103125000  0.006288218
1417.107031250  0.006277688
1417.110937500  0.006265070
1417.114843750  0.006257850
1417.118750000  0.006293511
1417.122656250  0.006301205
1417.126562500  0.006272083
1417.130468750  0.006297639
1417.134375000  0.006259324
1417.138281250  0.006157356
1417.142187500  0.006341181
1417.146093750  0.006205992
1417.150000000  0.006261238
1417.153906250  0.006293777
1417.157812500  0.006258756
1417.161718750  0.006180935
1417.165625000  0.006226697
1417.169531250  0.006268732
1417.173437500  0.006218611
1417.177343750  0.006232315
1417.181250000  0.006239294
1417.185156250  0.006224113
1417.189062500  0.006194792
1417.192968750  0.006213930
1417.196875000  0.006325094
1417.200781250  0.006244358
1417.204687500  0.006153535
1417.208593750  0.006208356
1417.212500000  0.006191602
1417.216406250  0.006202662
1417.220312500  0.006194816
1417.224218750  0.006137709
1417.228125000  0.006220985
1417.232031250  0.006170886
1417.235937500  0.006166928
1417.239843750  0.006201466
1417.243750000  0.006237289
1417.247656250  0.006189078
1417.251562500  0.006265278
1417.255468750  0.006122736
1417.259375000  0.006172945
1417.263281250  0.006168495
1417.267187500  0.006220422
1417.271093750  0.006180414
1417.275000000  0.006184537
1417.278906250  0.006128025
1417.282812500  0.006137427
1417.286718750  0.006142172
1417.290625000  0.006115774
1417.294531250  0.006113018
1417.298437500  0.006144831
1417.302343750  0.006126277
1417.306250000  0.006161211
1417.310156250  0.006129138
1417.314062500  0.006146401
1417.317968750  0.006119998
1417.321875000  0.006179870
1417.325781250  0.006116235
1417.329687500  0.006131420
1417.333593750  0.006126965
1417.337500000  0.006067539
1417.341406250  0.006085062
1417.345312500  0.006181878
1417.349218750  0.006123806
1417.353125000  0.006171051
1417.357031250  0.006111408
1417.360937500  0.006151231
1417.364843750  0.006059779
1417.368750000  0.006109934
1417.372656250  0.006115052
1417.376562500  0.006105556
1417.380468750  0.006142661
1417.384375000  0.006062229
1417.388281250  0.006110924
1417.392187500  0.006148316
1417.396093750  0.006102937
1417.400000000  0.006088788
1417.403906250  0.006113513
1417.407812500  0.006117914
1417.411718750  0.006140663
1417.415625000  0.006116143
1417.419531250  0.006132054
1417.423437500  0.006075332
1417.427343750  0.006092712
1417.431250000  0.006094300
1417.435156250  0.006083376
1417.439062500  0.006115998
1417.442968750  0.006102873
1417.446875000  0.006132696
1417.450781250  0.006020703
1417.454687500  0.006089843
1417.458593750  0.006068885
1417.462500000  0.006064081
1417.466406250  0.006053477
1417.470312500  0.006088950
1417.474218750  0.006090117
1417.478125000  0.006060221
1417.482031250  0.006059231
1417.485937500  0.006114904
1417.489843750  0.006162215
1417.493750000  0.006042741
1417.497656250  0.006043842
1417.501562500  0.006066933
1417.505468750  0.006072624
1417.509375000  0.006034105
1417.513281250  0.006032039
1417.517187500  0.006052044
1417.521093750  0.006043289
1417.525000000  0.006050692
1417.528906250  0.006060416
1417.532812500  0.006053682
1417.536718750  0.005992848
1417.540625000  0.006042403
1417.544531250  0.006080905
1417.548437500  0.006038807
1417.552343750  0.006034548
1417.556250000  0.006029241
1417.560156250  0.006047717
1417.564062500  0.006046396
1417.567968750  0.006016821
1417.571875000  0.006062239
1417.575781250  0.006047560
1417.579687500  0.006039344
1417.583593750  0.006005430
1417.587500000  0.006005564
1417.591406250  0.006044758
1417.595312500  0.006040879
1417.599218750  0.006029233
1417.603125000  0.006076526
1417.607031250  0.006020944
1417.610937500  0.006033229
1417.614843750  0.005931910
1417.618750000  0.006009490
1417.622656250  0.005973007
1417.626562500  0.005968509
1417.630468750  0.005953290
1417.634375000  0.006036778
1417.638281250  0.005997048
1417.642187500  0.005995501
1417.646093750  0.006024779
1417.650000000  0.005953863
1417.653906250  0.006052752
1417.657812500  0.005982210
1417.661718750  0.006035374
1417.665625000  0.005977437
1417.669531250  0.005990394
1417.673437500  0.006023762
1417.677343750  0.005947375
1417.681250000  0.005925701
1417.685156250  0.006004991
1417.689062500  0.006033816
1417.692968750  0.005966618
1417.696875000  0.005993542
1417.700781250  0.005961530
1417.704687500  0.006007185
1417.708593750  0.005972523
1417.712500000  0.006015887
1417.716406250  0.005883552
1417.720312500  0.006001340
1417.724218750  0.005979011
1417.728125000  0.005959249
1417.732031250  0.005969512
1417.735937500  0.005993805
1417.739843750  0.005973592
1417.743750000  0.006008918
1417.747656250  0.006004881
1417.751562500  0.005992396
1417.755468750  0.005929216
1417.759375000  0.005916269
1417.763281250  0.005995464
1417.767187500  0.005961547
1417.771093750  0.005958398
1417.775000000  0.005936187
1417.778906250  0.005958226
1417.782812500  0.005919704
1417.786718750  0.005927624
1417.790625000  0.005953847
1417.794531250  0.005982619
1417.798437500  0.006007477
1417.802343750  0.005925554
1417.806250000  0.005948685
1417.810156250  0.005931746
1417.814062500  0.005900318
1417.817968750  0.005925808
1417.821875000  0.005918218
1417.825781250  0.005952225
1417.829687500  0.005893872
1417.833593750  0.006005862
1417.837500000  0.005942098
1417.841406250  0.005973101
1417.845312500  0.005886864
1417.849218750  0.005953038
1417.853125000  0.005909627
1417.857031250  0.005909926
1417.860937500  0.005912891
1417.864843750  0.005934584
1417.868750000  0.005949877
1417.872656250  0.005882281
1417.876562500  0.005906443
1417.880468750  0.005936774
1417.884375000  0.005925673
1417.888281250  0.005922837
1417.892187500  0.005911866
1417.896093750  0.005896462
1417.900000000  0.005956383
1417.903906250  0.005954061
1417.907812500  0.005899708
1417.911718750  0.005891890
1417.915625000  0.005944426
1417.919531250  0.005914095
1417.923437500  0.005867638
1417.927343750  0.005914909
1417.931250000  0.005913234
1417.935156250  0.005899757
1417.939062500  0.005921643
1417.942968750  0.005878530
1417.946875000  0.005854146
1417.950781250  0.005892687
1417.954687500  0.005893908
1417.958593750  0.005990680
1417.962500000  0.005952322
1417.966406250  0.005862457
1417.970312500  0.005915550
1417.974218750  0.005900259
1417.978125000  0.005900506
1417.982031250  0.005829588
1417.985937500  0.005869522
1417.989843750  0.005936234
1417.993750000  0.005861109
1417.997656250  0.005876187
1418.001562500  0.005855404
1418.005468750  0.005897325
1418.009375000  0.005864891
1418.013281250  0.005853077
1418.017187500  0.005878701
1418.021093750  0.005893244
1418.025000000  0.005876847
1418.028906250  0.005828369
1418.032812500  0.005918678
1418.036718750  0.005934342
1418.040625000  0.005899504
1418.044531250  0.005882133
1418.048437500  0.005841928
1418.052343750  0.005873330
1418.056250000  0.005893511
1418.060156250  0.005883455
1418.064062500  0.005879826
1418.067968750  0.005896593
1418.071875000  0.005884118
1418.075781250  0.005907853
1418.079687500  0.005904640
1418.083593750  0.005870351
1418.087500000  0.005837569
1418.091406250  0.005892536
1418.095312500  0.005852224
1418.099218750  0.005832805
1418.103125000  0.005824031
1418.107031250  0.005875843
1418.110937500  0.005843266
1418.114843750  0.005882033
1418.118750000  0.005857215
1418.122656250  0.005876245
1418.126562500  0.005843664
1418.130468750  0.005874125
1418.134375000  0.005841431
1418.138281250  0.005861918
1418.142187500  0.005846701
1418.146093750  0.005843277
1418.150000000  0.005873682
1418.153906250  0.005915803
1418.157812500  0.005878694
1418.161718750  0.005843627
1418.165625000  0.005792306
1418.169531250  0.005850799
1418.173437500  0.005897689
1418.177343750  0.005803268
1418.181250000  0.005834211
1418.185156250  0.005859689
1418.189062500  0.005888156
1418.192968750  0.005831750
1418.196875000  0.005873762
1418.200781250  0.005876316
1418.204687500  0.005838781
1418.208593750  0.005854000
1418.212500000  0.005821266
1418.216406250  0.005856161
1418.220312500  0.005870060
1418.224218750  0.005908338
1418.228125000  0.005829838
1418.232031250  0.005859648
1418.235937500  0.005842427
1418.239843750  0.005813166
1418.243750000  0.005857985
1418.247656250  0.005825592
1418.251562500  0.005819863
1418.255468750  0.005805941
1418.259375000  0.005886563
1418.263281250  0.005811987
1418.267187500  0.005839176
1418.271093750  0.005824897
1418.275000000  0.005833532
1418.278906250  0.005861396
1418.282812500  0.005782313
1418.286718750  0.005808755
1418.290625000  0.005854052
1418.294531250  0.005845391
1418.298437500  0.005851609
1418.302343750  0.005835206
1418.306250000  0.005885817
1418.310156250  0.005821159
1418.314062500  0.005821753
1418.317968750  0.005798980
1418.321875000  0.005858318
1418.325781250  0.005821752
1418.329687500  0.005818486
1418.333593750  0.005858360
1418.337500000  0.005842797
1418.341406250  0.005844378
1418.345312500  0.005873662
1418.349218750  0.005869208
1418.353125000  0.005846754
1418.357031250  0.005876850
1418.360937500  0.005834084
1418.364843750  0.005854488
1418.368750000  0.005817343
1418.372656250  0.005818492
1418.376562500  0.005875597
1418.380468750  0.005828928
1418.384375000  0.005811437
1418.388281250  0.005849057
1418.392187500  0.005820058
1418.396093750  0.005858801
1418.400000000  0.005853382
1418.403906250  0.005867438
1418.407812500  0.005865909
1418.411718750  0.005813137
1418.415625000  0.005847514
1418.419531250  0.005881870
1418.423437500  0.005809375
1418.427343750  0.005829162
1418.431250000  0.005790747
1418.435156250  0.005864266
1418.439062500  0.005852361
1418.442968750  0.005879554
1418.446875000  0.005827206
1418.450781250  0.005869190
1418.454687500  0.005830527
1418.458593750  0.005805888
1418.462500000  0.005813784
1418.466406250  0.005845237
1418.470312500  0.005831145
1418.474218750  0.005846887
1418.478125000  0.005840783
1418.482031250  0.005797414
1418.485937500  0.005860434
1418.489843750  0.005899463
1418.493750000  0.005872327
1418.497656250  0.005777482
1418.501562500  0.005793466
1418.505468750  0.005848964
1418.509375000  0.005825736
1418.513281250  0.005789919
1418.517187500  0.005838505
1418.521093750  0.005861361
1418.525000000  0.005857112
1418.528906250  0.005844751
1418.532812500  0.005950843
1418.536718750  0.005863409
1418.540625000  0.005854599
1418.544531250  0.005801942
1418.548437500  0.005852923
1418.552343750  0.005870801
1418.556250000  0.005885338
1418.560156250  0.005873082
1418.564062500  0.005858805
1418.567968750  0.005854388
1418.571875000  0.005881524
1418.575781250  0.005840672
1418.579687500  0.005849346
1418.583593750  0.005865043
1418.587500000  0.005847416
1418.591406250  0.005800286
1418.595312500  0.005866472
1418.599218750  0.005881865
1418.603125000  0.005855377
1418.607031250  0.005850809
1418.610937500  0.005884069
1418.614843750  0.005829483
1418.618750000  0.005875939
1418.622656250  0.005853872
1418.626562500  0.005917144
1418.630468750  0.005844959
1418.634375000  0.005846149
1418.638281250  0.005840491
1418.642187500  0.005826270
1418.646093750  0.005810993
1418.650000000  0.005874186
1418.653906250  0.005835324
1418.657812500  0.005893694
1418.661718750  0.005852914
1418.665625000  0.005846795
1418.669531250  0.005854857
1418.673437500  0.005864120
1418.677343750  0.005860418
1418.681250000  0.005810831
1418.685156250  0.005840791
1418.689062500  0.005803748
1418.692968750  0.005805019
1418.696875000  0.005850201
1418.700781250  0.005839501
1418.704687500  0.005855015
1418.708593750  0.005873385
1418.712500000  0.005851746
1418.716406250  0.005851534
1418.720312500  0.005843586
1418.724218750  0.005880512
1418.728125000  0.005836411
1418.732031250  0.005880138
1418.735937500  0.005875308
1418.739843750  0.005823890
1418.743750000  0.005842119
1418.747656250  0.005833237
1418.751562500  0.005939503
1418.755468750  0.005872454
1418.759375000  0.005853095
1418.763281250  0.005875661
1418.767187500  0.005859312
1418.771093750  0.005804121
1418.775000000  0.005871770
1418.778906250  0.005848771
1418.782812500  0.005834800
1418.786718750  0.005861308
1418.790625000  0.005891930
1418.794531250  0.005892893
1418.798437500  0.005838585
1418.802343750  0.005855183
1418.806250000  0.005906664
1418.810156250  0.005840133
1418.814062500  0.005793084
1418.817968750  0.005810874
1418.821875000  0.005858493
1418.825781250  0.005845299
1418.829687500  0.005859605
1418.833593750  0.005837976
1418.837500000  0.005874139
1418.841406250  0.005916336
1418.845312500  0.005824188
1418.849218750  0.005853010
1418.853125000  0.005828205
1418.857031250  0.005874566
1418.860937500  0.005843899
1418.864843750  0.005868407
1418.868750000  0.005836145
1418.872656250  0.005841568
1418.876562500  0.005910468
1418.880468750  0.005898957
1418.884375000  0.005842275
1418.888281250  0.005847399
1418.892187500  0.005831945
1418.896093750  0.005860763
1418.900000000  0.005865765
1418.903906250  0.005828005
1418.907812500  0.005857657
1418.911718750  0.005840254
1418.915625000  0.005846209
1418.919531250  0.005858389
1418.923437500  0.005845336
1418.927343750  0.005853002
1418.931250000  0.005890792
1418.935156250  0.005793044
1418.939062500  0.005896168
1418.942968750  0.005857750
1418.946875000  0.005867935
1418.950781250  0.005867805
1418.954687500  0.005893979
1418.958593750  0.005863714
1418.962500000  0.005809788
1418.966406250  0.005861300
1418.970312500  0.005824904
1418.974218750  0.005818885
1418.978125000  0.005869343
1418.982031250  0.005825603
1418.985937500  0.005802104
1418.989843750  0.005905033
1418.993750000  0.005828579
1418.997656250  0.005834727
1419.001562500  0.005880321
1419.005468750  0.005864584
1419.009375000  0.005904420
1419.013281250  0.005868699
1419.017187500  0.005850005
1419.021093750  0.005830378
1419.025000000  0.005850012
1419.028906250  0.005798663
1419.032812500  0.005880399
1419.036718750  0.005904793
1419.040625000  0.005852855
1419.044531250  0.005878268
1419.048437500  0.005862102
1419.052343750  0.005885924
1419.056250000  0.005910969
1419.060156250  0.005846478
1419.064062500  0.005847138
1419.067968750  0.005880286
1419.071875000  0.005879106
1419.075781250  0.005839687
1419.079687500  0.005885042
1419.083593750  0.005902405
1419.087500000  0.005881881
1419.091406250  0.005822347
1419.095312500  0.005843091
1419.099218750  0.005889340
1419.103125000  0.005885467
1419.107031250  0.005883757
1419.110937500  0.005869328
1419.114843750  0.005857909
1419.118750000  0.005941290
1419.122656250  0.005854891
1419.126562500  0.005852183
1419.130468750  0.005829990
1419.134375000  0.006004156
1419.138281250  0.005872234
1419.142187500  0.005895869
1419.146093750  0.005858842
1419.150000000  0.005870413
1419.153906250  0.005886313
1419.157812500  0.005866173
1419.161718750  0.005891242
1419.165625000  0.005842269
1419.169531250  0.005906958
1419.173437500  0.005816354
1419.177343750  0.005905535
1419.181250000  0.005789529
1419.185156250  0.005873114
1419.189062500  0.005860705
1419.192968750  0.005905888
1419.196875000  0.005926009
1419.200781250  0.005881595
1419.204687500  0.005810503
1419.208593750  0.005862728
1419.212500000  0.005834543
1419.216406250  0.005833435
1419.220312500  0.005864297
1419.224218750  0.005914867
1419.228125000  0.005891244
1419.232031250  0.005813965
1419.235937500  0.005760495
1419.239843750  0.005808030
1419.243750000  0.005803991
1419.247656250  0.005909528
1419.251562500  0.005855460
1419.255468750  0.005849882
1419.259375000  0.005861890
1419.263281250  0.005799943
1419.267187500  0.005807560
1419.271093750  0.005881624
1419.275000000  0.005894077
1419.278906250  0.005780288
1419.282812500  0.005894327
1419.286718750  0.005814155
1419.290625000  0.005868636
1419.294531250  0.005889625
1419.298437500  0.005831298
1419.302343750  0.005898668
1419.306250000  0.005892442
1419.310156250  0.005874488
1419.314062500  0.005853829
1419.317968750  0.005833506
1419.321875000  0.005877200
1419.325781250  0.005885678
1419.329687500  0.005858130
1419.333593750  0.005840146
1419.337500000  0.005843723
1419.341406250  0.005943401
1419.345312500  0.005913250
1419.349218750  0.005823934
1419.353125000  0.005865695
1419.357031250  0.005897333
1419.360937500  0.005830174
1419.364843750  0.005818831
1419.368750000  0.005879680
1419.372656250  0.005825262
1419.376562500  0.005886493
1419.380468750  0.005868806
1419.384375000  0.005838201
1419.388281250  0.005835092
1419.392187500  0.005866329
1419.396093750  0.005816143
1419.400000000  0.005815607
1419.403906250  0.005872766
1419.407812500  0.005858352
1419.411718750  0.005843491
1419.415625000  0.005831169
1419.419531250  0.005831464
1419.423437500  0.005847553
1419.427343750  0.005877464
1419.431250000  0.005849320
1419.435156250  0.005797110
1419.439062500  0.005852022
1419.442968750  0.005883526
1419.446875000  0.005823128
1419.450781250  0.005859512
1419.454687500  0.005873583
1419.458593750  0.005827486
1419.462500000  0.005837523
1419.466406250  0.005858801
1419.470312500  0.005838659
1419.474218750  0.005902434
1419.478125000  0.005878172
1419.482031250  0.005873471
1419.485937500  0.005876917
1419.489843750  0.005852672
1419.493750000  0.005842919
1419.497656250  0.005853774
1419.501562500  0.005825303
1419.505468750  0.005867259
1419.509375000  0.005871929
1419.513281250  0.005832261
1419.517187500  0.005856188
1419.521093750  0.005831130
1419.525000000  0.005871119
1419.528906250  0.005875591
1419.532812500  0.005827379
1419.536718750  0.005873655
1419.540625000  0.005817810
1419.544531250  0.005913343
1419.548437500  0.005853217
1419.552343750  0.005877875
1419.556250000  0.005839593
1419.560156250  0.005868054
1419.564062500  0.005880970
1419.567968750  0.005845255
1419.571875000  0.005837165
1419.575781250  0.005888460
1419.579687500  0.005902831
1419.583593750  0.005874400
1419.587500000  0.005805446
1419.591406250  0.005866363
1419.595312500  0.005814080
1419.599218750  0.005880892
1419.603125000  0.005910673
1419.607031250  0.005870986
1419.610937500  0.005824732
1419.614843750  0.005879712
1419.618750000  0.005873859
1419.622656250  0.005863781
1419.626562500  0.005859027
1419.630468750  0.005885878
1419.634375000  0.005827999
1419.638281250  0.005876076
1419.642187500  0.005872902
1419.646093750  0.005843870
1419.650000000  0.005838783
1419.653906250  0.005849417
1419.657812500  0.005842882
1419.661718750  0.005808228
1419.665625000  0.005849494
1419.669531250  0.005869228
1419.673437500  0.005842750
1419.677343750  0.005857936
1419.681250000  0.005844229
1419.685156250  0.005871311
1419.689062500  0.005857268
1419.692968750  0.005897748
1419.696875000  0.005834798
1419.700781250  0.005787852
1419.704687500  0.005845922
1419.708593750  0.005838586
1419.712500000  0.005887521
1419.716406250  0.005889363
1419.720312500  0.005876523
1419.724218750  0.005858539
1419.728125000  0.005888829
1419.732031250  0.005855581
1419.735937500  0.005878755
1419.739843750  0.005880837
1419.743750000  0.005864559
1419.747656250  0.005851014
1419.751562500  0.005826675
1419.755468750  0.005851140
1419.759375000  0.005858831
1419.763281250  0.005817377
1419.767187500  0.005883506
1419.771093750  0.005875458
1419.775000000  0.005902075
1419.778906250  0.005889101
1419.782812500  0.005866493
1419.786718750  0.005859552
1419.790625000  0.005865485
1419.794531250  0.005795001
1419.798437500  0.005805881
1419.802343750  0.005850265
1419.806250000  0.005906951
1419.810156250  0.005870498
1419.814062500  0.005855118
1419.817968750  0.005834574
1419.821875000  0.005880505
1419.825781250  0.005935810
1419.829687500  0.005875099
1419.833593750  0.005862905
1419.837500000  0.005821473
1419.841406250  0.005853504
1419.845312500  0.005934579
1419.849218750  0.005853335
1419.853125000  0.005849716
1419.857031250  0.005902573
1419.860937500  0.005864411
1419.864843750  0.005896075
1419.868750000  0.005892038
1419.872656250  0.005812015
1419.876562500  0.005884683
1419.880468750  0.005841766
1419.884375000  0.005895499
1419.888281250  0.005855284
1419.892187500  0.005873823
1419.896093750  0.005827469
1419.900000000  0.005896942
1419.903906250  0.005857915
1419.907812500  0.005845242
1419.911718750  0.005891542
1419.915625000  0.005863092
1419.919531250  0.005870078
1419.923437500  0.005842060
1419.927343750  0.005888759
1419.931250000  0.005833225
1419.935156250  0.005908992
1419.939062500  0.005850394
1419.942968750  0.005865297
1419.946875000  0.005885191
1419.950781250  0.005851680
1419.954687500  0.005904289
1419.958593750  0.005856195
1419.962500000  0.005892607
1419.966406250  0.005872162
1419.970312500  0.005907763
1419.974218750  0.005881811
1419.978125000  0.005813504
1419.982031250  0.005895610
1419.985937500  0.005889280
1419.989843750  0.005918580
1419.993750000  0.005904816
1419.997656250  0.005983924
1420.001562500  0.006089989
1420.005468750  0.005920965
1420.009375000  0.005860743
1420.013281250  0.005916149
1420.017187500  0.005892297
1420.021093750  0.005849244
1420.025000000  0.005915032
1420.028906250  0.005917757
1420.032812500  0.005928425
1420.036718750  0.005803787
1420.040625000  0.005873326
1420.044531250  0.005851307
1420.048437500  0.005889842
1420.052343750  0.005819455
1420.056250000  0.005893402
1420.060156250  0.005915090
1420.064062500  0.005884420
1420.067968750  0.005853820
1420.071875000  0.005896529
1420.075781250  0.005890299
1420.079687500  0.005919321
1420.083593750  0.005890318
1420.087500000  0.005874096
1420.091406250  0.005878581
1420.095312500  0.005864957
1420.099218750  0.005874339
1420.103125000  0.005912723
1420.107031250  0.005868617
1420.110937500  0.005831203
1420.114843750  0.005859060
1420.118750000  0.005890489
1420.122656250  0.005890723
1420.126562500  0.005911749
1420.130468750  0.005908709
1420.134375000  0.005898071
1420.138281250  0.005928756
1420.142187500  0.005852192
1420.146093750  0.005920636
1420.150000000  0.005910991
1420.153906250  0.005846310
1420.157812500  0.005923841
1420.161718750  0.005898479
1420.165625000  0.005859865
1420.169531250  0.005936303
1420.173437500  0.005884824
1420.177343750  0.005893893
1420.181250000  0.005900046
1420.185156250  0.005917592
1420.189062500  0.005932994
1420.192968750  0.005886900
1420.196875000  0.005911008
1420.200781250  0.005871376
1420.204687500  0.005927390
1420.208593750  0.005966284
1420.212500000  0.005912800
1420.216406250  0.005898223
1420.220312500  0.005891737
1420.224218750  0.005933386
1420.228125000  0.005967863
1420.232031250  0.005920693
1420.235937500  0.005921542
1420.239843750  0.005851612
1420.243750000  0.005924665
1420.247656250  0.005903485
1420.251562500  0.005946366
1420.255468750  0.005953318
1420.259375000  0.005917167
1420.263281250  0.005955986
1420.267187500  0.005888839
1420.271093750  0.005959875
1420.275000000  0.005912204
1420.278906250  0.005911417
1420.282812500  0.005882765
1420.286718750  0.005915134
1420.290625000  0.005918565
1420.294531250  0.006010023
1420.298437500  0.005965097
1420.302343750  0.005944976
1420.306250000  0.005901400
1420.310156250  0.005941925
1420.314062500  0.005929620
1420.317968750  0.005975125
1420.321875000  0.005917996
1420.325781250  0.005963385
1420.329687500  0.005949104
1420.333593750  0.005945569
1420.337500000  0.005970268
1420.341406250  0.005934645
1420.345312500  0.005915202
1420.349218750  0.006020870
1420.353125000  0.005925604
1420.357031250  0.005942910
1420.360937500  0.005968477
1420.364843750  0.005955294
1420.368750000  0.006004295
1420.372656250  0.006012312
1420.376562500  0.006013324
1420.380468750  0.006021292
1420.384375000  0.006028158
1420.388281250  0.006061026
1420.392187500  0.006124358
1420.396093750  0.006166675
1420.400000000  0.007450858
1420.403906250  0.006170963
1420.407812500  0.006130452
1420.411718750  0.006091612
1420.415625000  0.006054584
1420.419531250  0.006101488
1420.423437500  0.006031499
1420.427343750  0.006052747
1420.431250000  0.006052165
1420.435156250  0.006099551
1420.439062500  0.006076102
1420.442968750  0.006015770
1420.446875000  0.006033669
1420.450781250  0.006067816
1420.454687500  0.006034456
1420.458593750  0.006095123
1420.462500000  0.006075012
1420.466406250  0.006069855
1420.470312500  0.006043000
1420.474218750  0.006063858
1420.478125000  0.006036328
1420.482031250  0.006095593
1420.485937500  0.006130395
1420.489843750  0.006122277
1420.493750000  0.006097452
1420.497656250  0.006099888
1420.501562500  0.006113864
1420.505468750  0.006164105
1420.509375000  0.006078658
1420.513281250  0.006082580
1420.517187500  0.006160798
1420.521093750  0.006060887
1420.525000000  0.006008563
1420.528906250  0.006061426
1420.532812500  0.006071029
1420.536718750  0.006000773
1420.540625000  0.006037541
1420.544531250  0.006006669
1420.548437500  0.005991593
1420.552343750  0.005940816
1420.556250000  0.005946174
1420.560156250  0.005955244
1420.564062500  0.005942880
1420.567968750  0.005905821
1420.571875000  0.005930024
1420.575781250  0.005896566
1420.579687500  0.005887267
1420.583593750  0.005920461
1420.587500000  0.005910253
1420.591406250  0.005911722
1420.595312500  0.005904371
1420.599218750  0.005857451
1420.603125000  0.005895037
1420.607031250  0.005896518
1420.610937500  0.005900843
1420.614843750  0.005900075
1420.618750000  0.005880278
1420.622656250  0.005860048
1420.626562500  0.005839839
1420.630468750  0.005860238
1420.634375000  0.005886894
1420.638281250  0.005869715
1420.642187500  0.005925541
1420.646093750  0.005925689
1420.650000000  0.005859766
1420.653906250  0.005828440
1420.657812500  0.005892138
1420.661718750  0.005909364
1420.665625000  0.005842267
1420.669531250  0.005871726
1420.673437500  0.005814182
1420.677343750  0.005916271
1420.681250000  0.005886428
1420.685156250  0.005884309
1420.689062500  0.005897327
1420.692968750  0.005847929
1420.696875000  0.005871990
1420.700781250  0.005865754
1420.704687500  0.005918868
1420.708593750  0.005929554
1420.712500000  0.005926743
1420.716406250  0.005892327
1420.720312500  0.005864183
1420.724218750  0.005849392
1420.728125000  0.005903672
1420.732031250  0.005843337
1420.735937500  0.005915549
1420.739843750  0.005867916
1420.743750000  0.005902226
1420.747656250  0.005911358
1420.751562500  0.005847107
1420.755468750  0.005901617
1420.759375000  0.005869674
1420.763281250  0.005918971
1420.767187500  0.005912179
1420.771093750  0.005827919
1420.775000000  0.005887450
1420.778906250  0.005831640
1420.782812500  0.005899953
1420.786718750  0.005851217
1420.790625000  0.005888375
1420.794531250  0.005887690
1420.798437500  0.005890592
1420.802343750  0.005858133
1420.806250000  0.005846428
1420.810156250  0.005880502
1420.814062500  0.005916940
1420.817968750  0.005911280
1420.821875000  0.005885375
1420.825781250  0.005899429
1420.829687500  0.005855650
1420.833593750  0.005890994
1420.837500000  0.005867973
1420.841406250  0.005857332
1420.845312500  0.005910078
1420.849218750  0.005840844
1420.853125000  0.005881832
1420.857031250  0.005831937
1420.860937500  0.005851401
1420.864843750  0.005866190
1420.868750000  0.005843599
1420.872656250  0.005892573
1420.876562500  0.005882740
1420.880468750  0.005866910
1420.884375000  0.005864813
1420.888281250  0.005908871
1420.892187500  0.005874282
1420.896093750  0.005825461
1420.900000000  0.005887146
1420.903906250  0.005859159
1420.907812500  0.005858861
1420.911718750  0.005860495
1420.915625000  0.005847610
1420.919531250  0.005833244
1420.923437500  0.005832450
1420.927343750  0.005873035
1420.931250000  0.005756797
1420.935156250  0.005845531
1420.939062500  0.005804198
1420.942968750  0.005867642
1420.946875000  0.005880239
1420.950781250  0.005885423
1420.954687500  0.005876821
1420.958593750  0.005850097
1420.962500000  0.005837604
1420.966406250  0.005850459
1420.970312500  0.005866717
1420.974218750  0.005885024
1420.978125000  0.005922850
1420.982031250  0.005810200
1420.985937500  0.005861161
1420.989843750  0.005830503
1420.993750000  0.005832908
1420.997656250  0.005855757
1421.001562500  0.005825357
1421.005468750  0.005867800
1421.009375000  0.005863492
1421.013281250  0.005821985
1421.017187500  0.005823815
1421.021093750  0.005849029
1421.025000000  0.005789438
1421.028906250  0.005871823
1421.032812500  0.005898348
1421.036718750  0.005870192
1421.040625000  0.005922235
1421.044531250  0.005802494
1421.048437500  0.005897196
1421.052343750  0.005757473
1421.056250000  0.005851003
1421.060156250  0.005881199
1421.064062500  0.005893408
1421.067968750  0.005784683
1421.071875000  0.005823123
1421.075781250  0.005853959
1421.079687500  0.005839952
1421.083593750  0.005842044
1421.087500000  0.005838380
1421.091406250  0.005781861
1421.095312500  0.005855805
1421.099218750  0.005851424
1421.103125000  0.005866328
1421.107031250  0.005807989
1421.110937500  0.005822412
1421.114843750  0.005817237
1421.118750000  0.005853791
1421.122656250  0.005823578
1421.126562500  0.005877608
1421.130468750  0.005874638
1421.134375000  0.005858673
1421.138281250  0.005847292
1421.142187500  0.005825865
1421.146093750  0.005816128
1421.150000000  0.005866837
1421.153906250  0.005851242
1421.157812500  0.005810161
1421.161718750  0.005874556
1421.165625000  0.005869633
1421.169531250  0.005843416
1421.173437500  0.005875964
1421.177343750  0.005863103
1421.181250000  0.005818660
1421.185156250  0.005873996
1421.189062500  0.005822427
1421.192968750  0.005863081
1421.196875000  0.005870794
1421.200781250  0.005851375
1421.204687500  0.005795715
1421.208593750  0.005844259
1421.212500000  0.005914971
1421.216406250  0.005884049
1421.220312500  0.005853274
1421.224218750  0.005895915
1421.228125000  0.005868918
1421.232031250  0.005866275
1421.235937500  0.005828128
1421.239843750  0.005846108
1421.243750000  0.005821104
1421.247656250  0.005800419
1421.251562500  0.005901006
1421.255468750  0.005825269
1421.259375000  0.005854609
1421.263281250  0.005844936
1421.267187500  0.005847592
1421.271093750  0.005830617
1421.275000000  0.005828495
1421.278906250  0.005888298
1421.282812500  0.005855628
1421.286718750  0.005879665
1421.290625000  0.005787845
1421.294531250  0.005842361
1421.298437500  0.005760512
1421.302343750  0.005817192
1421.306250000  0.005857430
1421.310156250  0.005915603
1421.314062500  0.005884206
1421.317968750  0.005805563
1421.321875000  0.005864688
1421.325781250  0.005845330
1421.329687500  0.005860644
1421.333593750  0.005846354
1421.337500000  0.005877702
1421.341406250  0.005812825
1421.345312500  0.005897114
1421.349218750  0.005839600
1421.353125000  0.005845353
1421.357031250  0.005842066
1421.360937500  0.005855002
1421.364843750  0.005862384
1421.368750000  0.005908981
1421.372656250  0.005876804
1421.376562500  0.005865218
1421.380468750  0.005835782
1421.384375000  0.005935941
1421.388281250  0.005924236
1421.392187500  0.005906223
1421.396093750  0.005878625
1421.400000000  0.005882822
1421.403906250  0.005945626
1421.407812500  0.005893903
1421.411718750  0.005913334
1421.415625000  0.005855782
1421.419531250  0.005881093
1421.423437500  0.005879624
1421.427343750  0.005896279
1421.431250000  0.005902093
1421.435156250  0.005861020
1421.439062500  0.005862124
1421.442968750  0.005867119
1421.446875000  0.005854151
1421.450781250  0.005835996
1421.454687500  0.005872526
1421.458593750  0.005857115
1421.462500000  0.005903990
1421.466406250  0.005874602
1421.470312500  0.005852103
1421.474218750  0.005904303
1421.478125000  0.005886354
1421.482031250  0.005842975
1421.485937500  0.005817783
1421.489843750  0.005868042
1421.493750000  0.005852386
1421.497656250  0.005875503
1421.501562500  0.005842189
1421.505468750  0.005890555
1421.509375000  0.005932052
1421.513281250  0.005860068
1421.517187500  0.005865818
1421.521093750  0.005816605
1421.525000000  0.005821451
1421.528906250  0.005864600
1421.532812500  0.005840823
1421.536718750  0.005866573
1421.540625000  0.005878557
1421.544531250  0.005905289
1421.548437500  0.005853882
1421.552343750  0.005864896
1421.556250000  0.005887512
1421.560156250  0.005894555
1421.564062500  0.005850117
1421.567968750  0.005898615
1421.571875000  0.005869316
1421.575781250  0.005898326
1421.579687500  0.005869260
1421.583593750  0.005825250
1421.587500000  0.005839587
1421.591406250  0.005898012
1421.595312500  0.005849663
1421.599218750  0.005821107
1421.603125000  0.005867297
1421.607031250  0.005879195
1421.610937500  0.005905554
1421.614843750  0.005919679
1421.618750000  0.005829624
1421.622656250  0.005860736
1421.626562500  0.005834866
1421.630468750  0.005857900
1421.634375000  0.005907228
1421.638281250  0.005911288
1421.642187500  0.005814578
1421.646093750  0.005869592
1421.650000000  0.005896079
1421.653906250  0.005866116
1421.657812500  0.005861441
1421.661718750  0.005852218
1421.665625000  0.005913210
1421.669531250  0.005852790
1421.673437500  0.005879710
1421.677343750  0.005870081
1421.681250000  0.005867516
1421.685156250  0.005847704
1421.689062500  0.005850503
1421.692968750  0.005827503
1421.696875000  0.005834574
1421.700781250  0.005874838
1421.704687500  0.005853406
1421.708593750  0.005881171
1421.712500000  0.005876894
1421.716406250  0.005884520
1421.720312500  0.005832023
1421.724218750  0.005899696
1421.728125000  0.005821972
1421.732031250  0.005867752
1421.735937500  0.005841943
1421.739843750  0.005857668
1421.743750000  0.005873162
1421.747656250  0.005828337
1421.751562500  0.005876784
1421.755468750  0.005856537
1421.759375000  0.005823473
1421.763281250  0.005846930
1421.767187500  0.005901354
1421.771093750  0.005812795
1421.775000000  0.005900342
1421.778906250  0.005814558
1421.782812500  0.005846145
1421.786718750  0.005894848
1421.790625000  0.005787546
1421.794531250  0.005879605
1421.798437500  0.005866791
1421.802343750  0.005846270
1421.806250000  0.005813432
1421.810156250  0.005827760
1421.814062500  0.005799528
1421.817968750  0.005877788
1421.821875000  0.005862520
1421.825781250  0.005826650
1421.829687500  0.005861014
1421.833593750  0.005833879
1421.837500000  0.005857909
1421.841406250  0.005825784
1421.845312500  0.005850265
1421.849218750  0.005828350
1421.853125000  0.005857513
1421.857031250  0.005817061
1421.860937500  0.005875918
1421.864843750  0.005849589
1421.868750000  0.005858221
1421.872656250  0.005818551
1421.876562500  0.005811059
1421.880468750  0.005868498
1421.884375000  0.005837688
1421.888281250  0.005852499
1421.892187500  0.005842471
1421.896093750  0.005842789
1421.900000000  0.005855842
1421.903906250  0.005840392
1421.907812500  0.005836545
1421.911718750  0.005843751
1421.915625000  0.005885140
1421.919531250  0.005824833
1421.923437500  0.005901922
1421.927343750  0.005843162
1421.931250000  0.005809001
1421.935156250  0.005871003
1421.939062500  0.005833501
1421.942968750  0.005818360
1421.946875000  0.005831348
1421.950781250  0.005855406
1421.954687500  0.005810980
1421.958593750  0.005825264
1421.962500000  0.005906680
1421.966406250  0.005867771
1421.970312500  0.005874328
1421.974218750  0.005816001
1421.978125000  0.005810321
1421.982031250  0.005805761
1421.985937500  0.005831667
1421.989843750  0.005877152
1421.993750000  0.005834899
1421.997656250  0.005851033
1422.001562500  0.005886227
1422.005468750  0.005876642
1422.009375000  0.005868518
1422.013281250  0.005849456
1422.017187500  0.005833617
1422.021093750  0.005826651
1422.025000000  0.005851121
1422.028906250  0.005827387
1422.032812500  0.005811997
1422.036718750  0.005862170
1422.040625000  0.005785110
1422.044531250  0.005832664
1422.048437500  0.005811410
1422.052343750  0.005831579
1422.056250000  0.005780978
1422.060156250  0.005859688
1422.064062500  0.005824160
1422.067968750  0.005800874
1422.071875000  0.005895765
1422.075781250  0.005820046
1422.079687500  0.005843230
1422.083593750  0.005818011
1422.087500000  0.005856236
1422.091406250  0.005827151
1422.095312500  0.005872259
1422.099218750  0.005854045
1422.103125000  0.005781139
1422.107031250  0.005799028
1422.110937500  0.005823725
1422.114843750  0.005838439
1422.118750000  0.005822704
1422.122656250  0.005892927
1422.126562500  0.005799520
1422.130468750  0.005812931
1422.134375000  0.005833095
1422.138281250  0.005829434
1422.142187500  0.005876809
1422.146093750  0.005809644
1422.150000000  0.005859900
1422.153906250  0.005890085
1422.157812500  0.005846746
1422.161718750  0.005847962
1422.165625000  0.005858333
1422.169531250  0.005811490
1422.173437500  0.005805257
1422.177343750  0.005817279
1422.181250000  0.005877423
1422.185156250  0.005858695
1422.189062500  0.005818044
1422.192968750  0.005812729
1422.196875000  0.005853359
1422.200781250  0.005808496
1422.204687500  0.005827660
1422.208593750  0.005841851
1422.212500000  0.005873588
1422.216406250  0.005771498
1422.220312500  0.005814843
1422.224218750  0.005781752
1422.228125000  0.005828562
1422.232031250  0.005825840
1422.235937500  0.005837481
1422.239843750  0.005843403
1422.243750000  0.005847810
1422.247656250  0.005777905
1422.251562500  0.005910290
1422.255468750  0.005822404
1422.259375000  0.005827700
1422.263281250  0.005833979
1422.267187500  0.005801600
1422.271093750  0.005862108
1422.275000000  0.005811464
1422.278906250  0.005741248
1422.282812500  0.005789139
1422.286718750  0.005802097
1422.290625000  0.005821798
1422.294531250  0.005802851
1422.298437500  0.005828749
1422.302343750  0.005855871
1422.306250000  0.005841530
1422.310156250  0.005850693
1422.314062500  0.005848411
1422.317968750  0.005822345
1422.321875000  0.005888767
1422.325781250  0.005839162
1422.329687500  0.005858416
1422.333593750  0.005858706
1422.337500000  0.005832453
1422.341406250  0.005814493
1422.345312500  0.005817090
1422.349218750  0.005832516
1422.353125000  0.005810299
1422.357031250  0.005820060
1422.360937500  0.005814478
1422.364843750  0.005885242
1422.368750000  0.005796068
1422.372656250  0.005854138
1422.376562500  0.005861454
1422.380468750  0.005868147
1422.384375000  0.005799592
1422.388281250  0.005875952
1422.392187500  0.005834666
1422.396093750  0.005830200
1422.400000000  0.005849131
1422.403906250  0.005838224
1422.407812500  0.005883986
1422.411718750  0.005821554
1422.415625000  0.005863341
1422.419531250  0.005797732
1422.423437500  0.005824880
1422.427343750  0.005841797
1422.431250000  0.005796677
1422.435156250  0.005847840
1422.439062500  0.005844677
1422.442968750  0.005835841
1422.446875000  0.005850919
1422.450781250  0.005771008
1422.454687500  0.005885686
1422.458593750  0.005801805
1422.462500000  0.005879897
1422.466406250  0.005820344
1422.470312500  0.005862469
1422.474218750  0.005873005
1422.478125000  0.005833638
1422.482031250  0.005823340
1422.485937500  0.005904596
1422.489843750  0.005855048
1422.493750000  0.005849860
1422.497656250  0.005792577
1422.501562500  0.005813663
1422.505468750  0.005847249
1422.509375000  0.005842614
1422.513281250  0.005818096
1422.517187500  0.005807030
1422.521093750  0.005834699
1422.525000000  0.005875550
1422.528906250  0.005844868
1422.532812500  0.005870886
1422.536718750  0.005862491
1422.540625000  0.005881366
1422.544531250  0.005867580
1422.548437500  0.005895062
1422.552343750  0.005908221
1422.556250000  0.005852672
1422.560156250  0.005907259
1422.564062500  0.005859711
1422.567968750  0.005921527
1422.571875000  0.005881849
1422.575781250  0.005979704
1422.579687500  0.005945871
1422.583593750  0.005843173
1422.587500000  0.005899328
1422.591406250  0.005918630
1422.595312500  0.005887661
1422.599218750  0.005963429
1422.603125000  0.005941666
1422.607031250  0.005959450
1422.610937500  0.005961682
1422.614843750  0.005949041
1422.618750000  0.005977779
1422.622656250  0.005918572
1422.626562500  0.005926842
1422.630468750  0.005920298
1422.634375000  0.005894266
1422.638281250  0.005987072
1422.642187500  0.005914961
1422.646093750  0.005920294
1422.650000000  0.005939773
1422.653906250  0.005937845
1422.657812500  0.005990159
1422.661718750  0.005901781
1422.665625000  0.005938477
1422.669531250  0.005948949
1422.673437500  0.005910174
1422.677343750  0.005965106
1422.681250000  0.005920466
1422.685156250  0.005894145
1422.689062500  0.005873917
1422.692968750  0.005915243
1422.696875000  0.005889874
1422.700781250  0.005945357
1422.704687500  0.005944349
1422.708593750  0.005815741
1422.712500000  0.005892961
1422.716406250  0.005841551
1422.720312500  0.005855467
1422.724218750  0.005874031
1422.728125000  0.005955304
1422.732031250  0.005976929
1422.735937500  0.005936359
1422.739843750  0.005955855
1422.743750000  0.005905296
1422.747656250  0.005907383
1422.751562500  0.005959047
1422.755468750  0.005900887
1422.759375000  0.005916321
1422.763281250  0.005933536
1422.767187500  0.005904253
1422.771093750  0.005875800
1422.775000000  0.005909854
1422.778906250  0.005918001
1422.782812500  0.005918368
1422.786718750  0.005922909
1422.790625000  0.005926970
1422.794531250  0.005866308
1422.798437500  0.005866420
1422.802343750  0.005912950
1422.806250000  0.005931836
1422.810156250  0.005964776
1422.814062500  0.005965661
1422.817968750  0.005913015
1422.821875000  0.005889598
1422.825781250  0.005916312
1422.829687500  0.005833052
1422.833593750  0.005922668
1422.837500000  0.005862806
1422.841406250  0.005954504
1422.845312500  0.005898144
1422.849218750  0.005917097
1422.853125000  0.005907918
1422.857031250  0.005919368
1422.860937500  0.005870993
1422.864843750  0.005880517
1422.868750000  0.005937736
1422.872656250  0.005906556
1422.876562500  0.006002384
1422.880468750  0.005928913
1422.884375000  0.005900300
1422.888281250  0.005925688
1422.892187500  0.005939877
1422.896093750  0.005923487
1422.900000000  0.005882343
1422.903906250  0.005881132
1422.907812500  0.005861661
1422.911718750  0.005896730
1422.915625000  0.005926129
1422.919531250  0.005853293
1422.923437500  0.005972806
1422.927343750  0.005993501
1422.931250000  0.005911328
1422.935156250  0.005935025
1422.939062500  0.005937696
1422.942968750  0.005955984
1422.946875000  0.005966905
1422.950781250  0.005913310
1422.954687500  0.005972141
1422.958593750  0.005930705
1422.962500000  0.005950280
1422.966406250  0.005960869
1422.970312500  0.005870703
1422.974218750  0.005941540
1422.978125000  0.005920135
1422.982031250  0.005872623
1422.985937500  0.005915245
1422.989843750  0.005983186
1422.993750000  0.005907719
1422.997656250  0.005992346
1423.001562500  0.005960822
1423.005468750  0.005932260
1423.009375000  0.005968783
1423.013281250  0.005928602
1423.017187500  0.005933919
1423.021093750  0.005952593
1423.025000000  0.005947510
1423.028906250  0.005934557
1423.032812500  0.005956514
1423.036718750  0.005971171
1423.040625000  0.005914519
1423.044531250  0.005934776
1423.048437500  0.005999841
1423.052343750  0.006003133
1423.056250000  0.005992555
1423.060156250  0.005946468
1423.064062500  0.005909067
1423.067968750  0.006059081
1423.071875000  0.005937697
1423.075781250  0.005957686
1423.079687500  0.006001638
1423.083593750  0.006008220
1423.087500000  0.005986848
1423.091406250  0.005976640
1423.095312500  0.005942805
1423.099218750  0.005962757
1423.103125000  0.006043218
1423.107031250  0.005979229
1423.110937500  0.005937414
1423.114843750  0.006002609
1423.118750000  0.005952040
1423.122656250  0.005927610
1423.126562500  0.005983378
1423.130468750  0.006056266
1423.134375000  0.005922303
1423.138281250  0.005989016
1423.142187500  0.005976876
1423.146093750  0.006001369
1423.150000000  0.006017166
1423.153906250  0.006028210
1423.157812500  0.005991578
1423.161718750  0.005962699
1423.165625000  0.005976557
1423.169531250  0.005964754
1423.173437500  0.006004373
1423.177343750  0.005972779
1423.181250000  0.005969803
1423.185156250  0.006034302
1423.189062500  0.005962922
1423.192968750  0.006010084
1423.196875000  0.005988812
1423.200781250  0.006025087
1423.204687500  0.005964796
1423.208593750  0.006031676
1423.212500000  0.005984319
1423.216406250  0.006018169
1423.220312500  0.006040135
1423.224218750  0.006043236
1423.228125000  0.006024922
1423.232031250  0.005992390
1423.235937500  0.006002034
1423.239843750  0.006004690
1423.243750000  0.006026389
1423.247656250  0.006038757
1423.251562500  0.006067079
1423.255468750  0.006068773
1423.259375000  0.005990526
1423.263281250  0.006003751
1423.267187500  0.006041115
1423.271093750  0.006034366
1423.275000000  0.005977855
1423.278906250  0.006041952
1423.282812500  0.006065318
1423.286718750  0.006033841
1423.290625000  0.006034348
1423.294531250  0.006058753
1423.298437500  0.006043346
1423.302343750  0.006022578
1423.306250000  0.006009244
1423.310156250  0.006040055
1423.314062500  0.006026941
1423.317968750  0.006076604
1423.321875000  0.006061278
1423.325781250  0.006083322
1423.329687500  0.006018667
1423.333593750  0.006043083
1423.337500000  0.006100328
1423.341406250  0.006113144
1423.345312500  0.006063987
1423.349218750  0.006017988
1423.353125000  0.006036188
1423.357031250  0.006055721
1423.360937500  0.006069466
1423.364843750  0.006090925
1423.368750000  0.006168446
1423.372656250  0.006056574
1423.376562500  0.006102122
1423.380468750  0.006045008
1423.384375000  0.006082995
1423.388281250  0.006092917
1423.392187500  0.006065959
1423.396093750  0.006108283
1423.400000000  0.006092351
1423.403906250  0.006099364
1423.407812500  0.006153927
1423.411718750  0.006073429
1423.415625000  0.006101399
1423.419531250  0.006129191
1423.423437500  0.006029770
1423.427343750  0.006058242
1423.431250000  0.006102152
1423.435156250  0.006070225
1423.439062500  0.006112444
1423.442968750  0.006086679
1423.446875000  0.006096025
1423.450781250  0.006127449
1423.454687500  0.006125373
1423.458593750  0.006164442
1423.462500000  0.006121040
1423.466406250  0.006094212
1423.470312500  0.006144156
1423.474218750  0.006143639
1423.478125000  0.006131431
1423.482031250  0.006167433
1423.485937500  0.006205826
1423.489843750  0.006080803
1423.493750000  0.006150615
1423.497656250  0.006178535
1423.501562500  0.006158960
1423.505468750  0.006121147
1423.509375000  0.006174063
1423.513281250  0.006144800
1423.517187500  0.006151867
1423.521093750  0.006114386
1423.525000000  0.006160746
1423.528906250  0.006157269
1423.532812500  0.006125059
1423.536718750  0.006154159
1423.540625000  0.006116393
1423.544531250  0.006159381
1423.548437500  0.006163387
1423.552343750  0.006171517
1423.556250000  0.006148835
1423.560156250  0.006149076
1423.564062500  0.006176108
1423.567968750  0.006154873
1423.571875000  0.006201040
1423.575781250  0.006213867
1423.579687500  0.006239248
1423.583593750  0.006193319
1423.587500000  0.006139086
1423.591406250  0.006163433
1423.595312500  0.006200989
1423.599218750  0.006222585
1423.603125000  0.006220678
1423.607031250  0.006237916
1423.610937500  0.006184155
1423.614843750  0.006196887
1423.618750000  0.006208377
1423.622656250  0.006228258
1423.626562500  0.006199839
1423.630468750  0.006231747
1423.634375000  0.006179823
1423.638281250  0.006263620
1423.642187500  0.006259028
1423.646093750  0.006272606
1423.650000000  0.006198087
1423.653906250  0.006234148
1423.657812500  0.006174839
1423.661718750  0.006224807
1423.665625000  0.006231342
1423.669531250  0.006243361
1423.673437500  0.006269968
1423.677343750  0.006296928
1423.681250000  0.006283725
1423.685156250  0.006258001
1423.689062500  0.006246792
1423.692968750  0.006328056
1423.696875000  0.006220150
1423.700781250  0.006308719
1423.704687500  0.006233196
1423.708593750  0.006239646
1423.712500000  0.006227335
1423.716406250  0.006241214
1423.720312500  0.006313059
1423.724218750  0.006232501
1423.728125000  0.006270916
1423.732031250  0.006255491
1423.735937500  0.006259604
1423.739843750  0.006349805
1423.743750000  0.006287504
1423.747656250  0.006293197
1423.751562500  0.006336095
1423.755468750  0.006333171
1423.759375000  0.006263962
1423.763281250  0.006315172
1423.767187500  0.006304891
1423.771093750  0.006268830
1423.775000000  0.006322874
1423.778906250  0.006313579
1423.782812500  0.006390793
1423.786718750  0.006343906
1423.790625000  0.006327505
1423.794531250  0.006275199
1423.798437500  0.006322566
1423.802343750  0.006369280
1423.806250000  0.006389816
1423.810156250  0.006400268
1423.814062500  0.006369797
1423.817968750  0.006389630
1423.821875000  0.006430862
1423.825781250  0.006367235
1423.829687500  0.006418088
1423.833593750  0.006398137
1423.837500000  0.006408343
1423.841406250  0.006370939
1423.845312500  0.006383156
1423.849218750  0.006406195
1423.853125000  0.006406647
1423.857031250  0.006358672
1423.860937500  0.006433514
1423.864843750  0.006424391
1423.868750000  0.006445026
1423.872656250  0.006328054
1423.876562500  0.006435420
1423.880468750  0.006463821
1423.884375000  0.006441414
1423.888281250  0.006427287
1423.892187500  0.006455179
1423.896093750  0.006428198
1423.900000000  0.006439410
1423.903906250  0.006417315
1423.907812500  0.006414493
1423.911718750  0.006459051
1423.915625000  0.006493831
1423.919531250  0.006393693
1423.923437500  0.006440848
1423.927343750  0.006464616
1423.931250000  0.006482818
1423.935156250  0.006482169
1423.939062500  0.006463521
1423.942968750  0.006421422
1423.946875000  0.006496453
1423.950781250  0.006434712
1423.954687500  0.006467908
1423.958593750  0.006431101
1423.962500000  0.006505107
1423.966406250  0.006522435
1423.970312500  0.006456061
1423.974218750  0.006526762
1423.978125000  0.006500647
1423.982031250  0.006504964
1423.985937500  0.006575622
1423.989843750  0.006590533
1423.993750000  0.006573150
1423.997656250  0.006915608
1424.001562500  0.007175807
1424.005468750  0.006595613
1424.009375000  0.006499311
1424.013281250  0.006586682
1424.017187500  0.006461727
1424.021093750  0.006483399
1424.025000000  0.006540088
1424.028906250  0.006578430
1424.032812500  0.006521901
1424.036718750  0.006526974
1424.040625000  0.006548491
1424.044531250  0.006586621
1424.048437500  0.006553638
1424.052343750  0.006516309
1424.056250000  0.006551105
1424.060156250  0.006549443
1424.064062500  0.006597694
1424.067968750  0.006649611
1424.071875000  0.006615743
1424.075781250  0.006562568
1424.079687500  0.006531660
1424.083593750  0.006566874
1424.087500000  0.006529607
1424.091406250  0.006576162
1424.095312500  0.006569637
1424.099218750  0.006604733
1424.103125000  0.006566514
1424.107031250  0.006620187
1424.110937500  0.006599849
1424.114843750  0.006647664
1424.118750000  0.006607306
1424.122656250  0.006557155
1424.126562500  0.006660796
1424.130468750  0.006632470
1424.134375000  0.006617648
1424.138281250  0.006611018
1424.142187500  0.006648722
1424.146093750  0.006611770
1424.150000000  0.006601274
1424.153906250  0.006633914
1424.157812500  0.006674837
1424.161718750  0.006608119
1424.165625000  0.006624949
1424.169531250  0.006667800
1424.173437500  0.006647740
1424.177343750  0.006680097
1424.181250000  0.006593689
1424.185156250  0.006629151
1424.189062500  0.006712490
1424.192968750  0.006663292
1424.196875000  0.006624062
1424.200781250  0.006706319
1424.204687500  0.006667978
1424.208593750  0.006695496
1424.212500000  0.006622687
1424.216406250  0.006596909
1424.220312500  0.006697201
1424.224218750  0.006650963
1424.228125000  0.006639142
1424.232031250  0.006665219
1424.235937500  0.006613375
1424.239843750  0.006651875
1424.243750000  0.006698067
1424.247656250  0.006719149
1424.251562500  0.006673649
1424.255468750  0.006700830
1424.259375000  0.006668569
1424.263281250  0.006613581
1424.267187500  0.006696573
1424.271093750  0.006649491
1424.275000000  0.006598906
1424.278906250  0.006714702
1424.282812500  0.006674550
1424.286718750  0.006755368
1424.290625000  0.006684361
1424.294531250  0.006696947
1424.298437500  0.006656040
1424.302343750  0.006650471
1424.306250000  0.006743578
1424.310156250  0.006693961
1424.314062500  0.006673185
1424.317968750  0.006716775
1424.321875000  0.006739150
1424.325781250  0.006684975
1424.329687500  0.006775801
1424.333593750  0.006671335
1424.337500000  0.006718238
1424.341406250  0.006727206
1424.345312500  0.006702514
1424.349218750  0.006699403
1424.353125000  0.006670094
1424.357031250  0.006675617
1424.360937500  0.006657403
1424.364843750  0.006659095
1424.368750000  0.006649730
1424.372656250  0.006694847
1424.376562500  0.006654475
1424.380468750  0.006687230
1424.384375000  0.006707414
1424.388281250  0.006675507
1424.392187500  0.006702084
1424.396093750  0.006680112

