2000(10000)
1416.400000000  0.007001623
1416.403906250  0.006949741
1416.407812500  0.006924441
1416.411718750  0.006896683
1416.415625000  0.006886363
1416.419531250  0.006936392
1416.423437500  0.006928861
1416.427343750  0.006974835
1416.431250000  0.006904206
1416.435156250  0.006956739
1416.439062500  0.006923424
1416.442968750  0.006878491
1416.446875000  0.006909196
1416.450781250  0.006934484
1416.454687500  0.006959397
1416.458593750  0.006907592
1416.462500000  0.006909201
1416.466406250  0.006887538
1416.470312500  0.006890053
1416.474218750  0.006885155
1416.478125000  0.006928613
1416.482031250  0.006929493
1416.485937500  0.006982957
1416.489843750  0.006888286
1416.493750000  0.006916515
1416.497656250  0.006860822
1416.501562500  0.006921846
1416.505468750  0.006910639
1416.509375000  0.006858989
1416.513281250  0.006850770
1416.517187500  0.006888178
1416.521093750  0.006854083
1416.525000000  0.006853530
1416.528906250  0.006857139
1416.532812500  0.006885315
1416.536718750  0.006898293
1416.540625000  0.006888803
1416.544531250  0.006850459
1416.548437500  0.006846646
1416.552343750  0.006870608
1416.556250000  0.006841647
1416.560156250  0.006849883
1416.564062500  0.006814528
1416.567968750  0.006887194
1416.571875000  0.006854417
1416.575781250  0.006853985
1416.579687500  0.006794096
1416.583593750  0.006836674
1416.587500000  0.006779431
1416.591406250  0.006913575
1416.595312500  0.006902805
1416.599218750  0.006880178
1416.603125000  0.006754351
1416.607031250  0.006829509
1416.610937500  0.006804497
1416.614843750  0.006840501
1416.618750000  0.006819336
1416.622656250  0.006805705
1416.626562500  0.006760379
1416.630468750  0.006802125
1416.634375000  0.006886228
1416.638281250  0.006796357
1416.642187500  0.006984476
1416.646093750  0.007090525
1416.650000000  0.007174975
1416.653906250  0.007036491
1416.657812500  0.006821416
1416.661718750  0.006813802
1416.665625000  0.006736000
1416.669531250  0.006779982
1416.673437500  0.006765963
1416.677343750  0.006779733
1416.681250000  0.006797435
1416.685156250  0.006657719
1416.689062500  0.006731399
1416.692968750  0.006791688
1416.696875000  0.006821706
1416.700781250  0.007012158
1416.704687500  0.007020421
1416.708593750  0.006802446
1416.712500000  0.006798424
1416.716406250  0.006741876
1416.720312500  0.006734696
1416.724218750  0.006715785
1416.728125000  0.006706893
1416.732031250  0.006713773
1416.735937500  0.006692634
1416.739843750  0.006704327
1416.743750000  0.006706734
1416.747656250  0.006731596
1416.751562500  0.006875478
1416.755468750  0.007146401
1416.759375000  0.007428292
1416.763281250  0.006845939
1416.767187500  0.006746361
1416.771093750  0.006745487
1416.775000000  0.006691157
1416.778906250  0.006698678
1416.782812500  0.006659683
1416.786718750  0.006820505
1416.790625000  0.006716510
1416.794531250  0.006705829
1416.798437500  0.006716917
1416.802343750  0.006734388
1416.806250000  0.006878663
1416.810156250  0.007847674
1416.814062500  0.008776798
1416.817968750  0.006997406
1416.821875000  0.006853009
1416.825781250  0.006689746
1416.829687500  0.006712814
1416.833593750  0.006734817
1416.837500000  0.006712573
1416.841406250  0.006775687
1416.845312500  0.006779855
1416.849218750  0.006790058
1416.853125000  0.006858017
1416.857031250  0.007004614
1416.860937500  0.007486408
1416.864843750  0.010967997
1416.868750000  0.016368967
1416.872656250  0.007715580
1416.876562500  0.007063505
1416.880468750  0.006869720
1416.884375000  0.006740002
1416.888281250  0.006726627
1416.892187500  0.006741967
1416.896093750  0.006727722
1416.900000000  0.006676420
1416.903906250  0.006589998
1416.907812500  0.006594514
1416.911718750  0.006735648
1416.915625000  0.006851557
1416.919531250  0.007898658
1416.923437500  0.009490959
1416.927343750  0.006877413
1416.931250000  0.006725288
1416.935156250  0.006609834
1416.939062500  0.006579167
1416.942968750  0.006534448
1416.946875000  0.006584514
1416.950781250  0.006547861
1416.954687500  0.006502518
1416.958593750  0.006520771
1416.962500000  0.006595299
1416.966406250  0.006499341
1416.970312500  0.006684192
1416.974218750  0.007070958
1416.978125000  0.008048615
1416.982031250  0.006599161
1416.985937500  0.006528116
1416.989843750  0.006522448
1416.993750000  0.006601049
1416.997656250  0.006946461
1417.001562500  0.007393633
1417.005468750  0.006625711
1417.009375000  0.006566112
1417.013281250  0.006498548
1417.017187500  0.006453361
1417.021093750  0.006478950
1417.025000000  0.006550560
1417.028906250  0.006845180
1417.032812500  0.007677987
1417.036718750  0.006574990
1417.040625000  0.006519317
1417.044531250  0.006427755
1417.048437500  0.006429532
1417.052343750  0.006424386
1417.056250000  0.006463204
1417.060156250  0.006482551
1417.064062500  0.006448452
1417.067968750  0.006451498
1417.071875000  0.006449796
1417.075781250  0.006547157
1417.079687500  0.006636471
1417.083593750  0.006732032
1417.087500000  0.007408940
1417.091406250  0.006487130
1417.095312500  0.006457612
1417.099218750  0.006432708
1417.103125000  0.006429269
1417.107031250  0.006416514
1417.110937500  0.006371810
1417.114843750  0.006295013
1417.118750000  0.006321181
1417.122656250  0.006355861
1417.126562500  0.006348859
1417.130468750  0.006371482
1417.134375000  0.006379970
1417.138281250  0.006518084
1417.142187500  0.006821383
1417.146093750  0.006390323
1417.150000000  0.006404258
1417.153906250  0.006358713
1417.157812500  0.006349168
1417.161718750  0.006312281
1417.165625000  0.006317864
1417.169531250  0.006314926
1417.173437500  0.006262792
1417.177343750  0.006267969
1417.181250000  0.006282662
1417.185156250  0.006314463
1417.189062500  0.006260817
1417.192968750  0.006344113
1417.196875000  0.006614015
1417.200781250  0.006334760
1417.204687500  0.006261494
1417.208593750  0.006274217
1417.212500000  0.006293460
1417.216406250  0.006345294
1417.220312500  0.006280384
1417.224218750  0.006325373
1417.228125000  0.006236130
1417.232031250  0.006303169
1417.235937500  0.006226894
1417.239843750  0.006222038
1417.243750000  0.006208306
1417.247656250  0.006336208
1417.251562500  0.006501941
1417.255468750  0.006242621
1417.259375000  0.006242949
1417.263281250  0.006261586
1417.267187500  0.006223560
1417.271093750  0.006212471
1417.275000000  0.006164854
1417.278906250  0.006255120
1417.282812500  0.006266779
1417.286718750  0.006246146
1417.290625000  0.006244234
1417.294531250  0.006227418
1417.298437500  0.006210226
1417.302343750  0.006256182
1417.306250000  0.006400212
1417.310156250  0.006230632
1417.314062500  0.006150378
1417.317968750  0.006163781
1417.321875000  0.006211225
1417.325781250  0.006153477
1417.329687500  0.006229961
1417.333593750  0.006198441
1417.337500000  0.006140020
1417.341406250  0.006208826
1417.345312500  0.006189833
1417.349218750  0.006205220
1417.353125000  0.006182674
1417.357031250  0.006165157
1417.360937500  0.006304642
1417.364843750  0.006204471
1417.368750000  0.006138931
1417.372656250  0.006179578
1417.376562500  0.006131486
1417.380468750  0.006141110
1417.384375000  0.006126682
1417.388281250  0.006100516
1417.392187500  0.006235931
1417.396093750  0.006267611
1417.400000000  0.006157193
1417.403906250  0.006148518
1417.407812500  0.006162735
1417.411718750  0.006111495
1417.415625000  0.006271214
1417.419531250  0.006202855
1417.423437500  0.006115654
1417.427343750  0.006082441
1417.431250000  0.006113205
1417.435156250  0.006195276
1417.439062500  0.006219566
1417.442968750  0.006110103
1417.446875000  0.006130352
1417.450781250  0.006146381
1417.454687500  0.006052952
1417.458593750  0.006112133
1417.462500000  0.006098400
1417.466406250  0.006086996
1417.470312500  0.006186892
1417.474218750  0.006053107
1417.478125000  0.006084513
1417.482031250  0.006088453
1417.485937500  0.006150984
1417.489843750  0.006118277
1417.493750000  0.006070278
1417.497656250  0.006089839
1417.501562500  0.006098081
1417.505468750  0.006096650
1417.509375000  0.006131133
1417.513281250  0.006088503
1417.517187500  0.006037177
1417.521093750  0.006177677
1417.525000000  0.006171762
1417.528906250  0.006061691
1417.532812500  0.006140869
1417.536718750  0.006079558
1417.540625000  0.006073874
1417.544531250  0.006066108
1417.548437500  0.006136289
1417.552343750  0.006122538
1417.556250000  0.006045312
1417.560156250  0.006043482
1417.564062500  0.006033619
1417.567968750  0.006098113
1417.571875000  0.006102722
1417.575781250  0.006070376
1417.579687500  0.006139066
1417.583593750  0.006078172
1417.587500000  0.006058573
1417.591406250  0.006067050
1417.595312500  0.006068044
1417.599218750  0.006043103
1417.603125000  0.006019960
1417.607031250  0.006111253
1417.610937500  0.006036261
1417.614843750  0.005994025
1417.618750000  0.006058629
1417.622656250  0.005984303
1417.626562500  0.006019751
1417.630468750  0.006075361
1417.634375000  0.006136337
1417.638281250  0.006036005
1417.642187500  0.006049354
1417.646093750  0.006001161
1417.650000000  0.006005178
1417.653906250  0.006054347
1417.657812500  0.006056757
1417.661718750  0.006016540
1417.665625000  0.006008687
1417.669531250  0.006076416
1417.673437500  0.006005532
1417.677343750  0.005983113
1417.681250000  0.006029709
1417.685156250  0.005998886
1417.689062500  0.006119698
1417.692968750  0.005976164
1417.696875000  0.006014207
1417.700781250  0.006015899
1417.704687500  0.005964070
1417.708593750  0.005989616
1417.712500000  0.006014608
1417.716406250  0.005953928
1417.720312500  0.005994191
1417.724218750  0.006050517
1417.728125000  0.005974412
1417.732031250  0.005967903
1417.735937500  0.006024569
1417.739843750  0.006021315
1417.743750000  0.006098597
1417.747656250  0.005981635
1417.751562500  0.006008039
1417.755468750  0.005917839
1417.759375000  0.006003659
1417.763281250  0.006039242
1417.767187500  0.006015225
1417.771093750  0.005930424
1417.775000000  0.005951750
1417.778906250  0.005983124
1417.782812500  0.005965376
1417.786718750  0.005968814
1417.790625000  0.005994677
1417.794531250  0.005994833
1417.798437500  0.005982380
1417.802343750  0.005959299
1417.806250000  0.005965870
1417.810156250  0.005963791
1417.814062500  0.005938091
1417.817968750  0.005897246
1417.821875000  0.005968962
1417.825781250  0.006021808
1417.829687500  0.005890747
1417.833593750  0.005975527
1417.837500000  0.005959210
1417.841406250  0.005889948
1417.845312500  0.005955560
1417.849218750  0.005989847
1417.853125000  0.006023158
1417.857031250  0.005934043
1417.860937500  0.005918775
1417.864843750  0.005919439
1417.868750000  0.005905651
1417.872656250  0.005976522
1417.876562500  0.005933680
1417.880468750  0.005914202
1417.884375000  0.005944809
1417.888281250  0.005929620
1417.892187500  0.005967629
1417.896093750  0.005923085
1417.900000000  0.005881357
1417.903906250  0.005896322
1417.907812500  0.005950391
1417.911718750  0.005930186
1417.915625000  0.005912173
1417.919531250  0.005909407
1417.923437500  0.005905266
1417.927343750  0.005882954
1417.931250000  0.005939711
1417.935156250  0.005995593
1417.939062500  0.005917962
1417.942968750  0.005877690
1417.946875000  0.005903489
1417.950781250  0.005919840
1417.954687500  0.005898869
1417.958593750  0.005944761
1417.962500000  0.006014829
1417.966406250  0.005896613
1417.970312500  0.005918923
1417.974218750  0.005904641
1417.978125000  0.005896697
1417.982031250  0.005927833
1417.985937500  0.005873641
1417.989843750  0.005966391
1417.993750000  0.005920298
1417.997656250  0.005877952
1418.001562500  0.005900780
1418.005468750  0.005822210
1418.009375000  0.005880784
1418.013281250  0.005899831
1418.017187500  0.005958053
1418.021093750  0.005942702
1418.025000000  0.005912893
1418.028906250  0.005899352
1418.032812500  0.005920056
1418.036718750  0.005842768
1418.040625000  0.005960548
1418.044531250  0.005892227
1418.048437500  0.005841580
1418.052343750  0.005870430
1418.056250000  0.005898162
1418.060156250  0.005896287
1418.064062500  0.005864866
1418.067968750  0.005914927
1418.071875000  0.005881450
1418.075781250  0.005897954
1418.079687500  0.005898473
1418.083593750  0.005870874
1418.087500000  0.005835432
1418.091406250  0.005871533
1418.095312500  0.005846863
1418.099218750  0.005870481
1418.103125000  0.005914477
1418.107031250  0.005924818
1418.110937500  0.005886970
1418.114843750  0.005887981
1418.118750000  0.005863332
1418.122656250  0.005889277
1418.126562500  0.005900811
1418.130468750  0.005889801
1418.134375000  0.005837006
1418.138281250  0.005874090
1418.142187500  0.005827610
1418.146093750  0.005856347
1418.150000000  0.005865087
1418.153906250  0.005900487
1418.157812500  0.005897720
1418.161718750  0.005901471
1418.165625000  0.005792335
1418.169531250  0.005855677
1418.173437500  0.005889027
1418.177343750  0.005884787
1418.181250000  0.005869116
1418.185156250  0.005844169
1418.189062500  0.005892513
1418.192968750  0.005867939
1418.196875000  0.005875413
1418.200781250  0.005931907
1418.204687500  0.005816834
1418.208593750  0.005835610
1418.212500000  0.005833655
1418.216406250  0.005892004
1418.220312500  0.005811070
1418.224218750  0.005840204
1418.228125000  0.005920915
1418.232031250  0.005868630
1418.235937500  0.005938642
1418.239843750  0.005831645
1418.243750000  0.005838863
1418.247656250  0.005867416
1418.251562500  0.005836256
1418.255468750  0.005849985
1418.259375000  0.005908281
1418.263281250  0.005833329
1418.267187500  0.005864812
1418.271093750  0.005859944
1418.275000000  0.005859369
1418.278906250  0.005844739
1418.282812500  0.005811277
1418.286718750  0.005848722
1418.290625000  0.005861859
1418.294531250  0.005870833
1418.298437500  0.005765788
1418.302343750  0.005889972
1418.306250000  0.005841689
1418.310156250  0.005831210
1418.314062500  0.005811939
1418.317968750  0.005803018
1418.321875000  0.005877546
1418.325781250  0.005848912
1418.329687500  0.005816350
1418.333593750  0.005951564
1418.337500000  0.005876599
1418.341406250  0.005862012
1418.345312500  0.005981148
1418.349218750  0.005812848
1418.353125000  0.005845108
1418.357031250  0.005840275
1418.360937500  0.005819349
1418.364843750  0.005828099
1418.368750000  0.005816664
1418.372656250  0.005858470
1418.376562500  0.005824569
1418.380468750  0.005876896
1418.384375000  0.005810803
1418.388281250  0.005847833
1418.392187500  0.005881915
1418.396093750  0.005855505
1418.400000000  0.005931364
1418.403906250  0.005896943
1418.407812500  0.005854893
1418.411718750  0.005822016
1418.415625000  0.005814616
1418.419531250  0.005877779
1418.423437500  0.005879218
1418.427343750  0.005814626
1418.431250000  0.005808396
1418.435156250  0.005837295
1418.439062500  0.005833307
1418.442968750  0.005817628
1418.446875000  0.005826292
1418.450781250  0.005848097
1418.454687500  0.005873997
1418.458593750  0.005861150
1418.462500000  0.005901360
1418.466406250  0.005819468
1418.470312500  0.005880735
1418.474218750  0.005892932
1418.478125000  0.005832895
1418.482031250  0.005842186
1418.485937500  0.005807268
1418.489843750  0.005825271
1418.493750000  0.005836661
1418.497656250  0.005847191
1418.501562500  0.005842150
1418.505468750  0.005826337
1418.509375000  0.005872529
1418.513281250  0.005822737
1418.517187500  0.005877982
1418.521093750  0.005804374
1418.525000000  0.005827032
1418.528906250  0.005864673
1418.532812500  0.005921947
1418.536718750  0.005887625
1418.540625000  0.005832996
1418.544531250  0.005796001
1418.548437500  0.005842152
1418.552343750  0.005864047
1418.556250000  0.005890492
1418.560156250  0.005916623
1418.564062500  0.005823313
1418.567968750  0.005817253
1418.571875000  0.005838653
1418.575781250  0.005829069
1418.579687500  0.005869465
1418.583593750  0.005886889
1418.587500000  0.005853069
1418.591406250  0.005821855
1418.595312500  0.005852844
1418.599218750  0.005834360
1418.603125000  0.005873496
1418.607031250  0.005834210
1418.610937500  0.005860619
1418.614843750  0.005806838
1418.618750000  0.005868683
1418.622656250  0.005872975
1418.626562500  0.005869535
1418.630468750  0.005893991
1418.634375000  0.005863093
1418.638281250  0.005894934
1418.642187500  0.005865091
1418.646093750  0.005790462
1418.650000000  0.005849470
1418.653906250  0.005835830
1418.657812500  0.005900752
1418.661718750  0.005817631
1418.665625000  0.005892774
1418.669531250  0.005854634
1418.673437500  0.005882707
1418.677343750  0.005923686
1418.681250000  0.005866625
1418.685156250  0.005813780
1418.689062500  0.005899026
1418.692968750  0.005863617
1418.696875000  0.005894622
1418.700781250  0.005898898
1418.704687500  0.005824626
1418.708593750  0.005820014
1418.712500000  0.005868401
1418.716406250  0.005906956
1418.720312500  0.005920446
1418.724218750  0.005802500
1418.728125000  0.005844966
1418.732031250  0.005907934
1418.735937500  0.005816089
1418.739843750  0.005864513
1418.743750000  0.005856654
1418.747656250  0.005884570
1418.751562500  0.005894470
1418.755468750  0.005892960
1418.759375000  0.005913074
1418.763281250  0.005875220
1418.767187500  0.005824011
1418.771093750  0.005901288
1418.775000000  0.005861051
1418.778906250  0.005844083
1418.782812500  0.005832421
1418.786718750  0.005881572
1418.790625000  0.005836728
1418.794531250  0.005859749
1418.798437500  0.005851716
1418.802343750  0.005845877
1418.806250000  0.005871335
1418.810156250  0.005832594
1418.814062500  0.005886939
1418.817968750  0.005894600
1418.821875000  0.005887996
1418.825781250  0.005845499
1418.829687500  0.005846787
1418.833593750  0.005861216
1418.837500000  0.005881831
1418.841406250  0.005879773
1418.845312500  0.005852520
1418.849218750  0.005864130
1418.853125000  0.005931902
1418.857031250  0.005869756
1418.860937500  0.005894423
1418.864843750  0.005877978
1418.868750000  0.005878804
1418.872656250  0.005891098
1418.876562500  0.005912259
1418.880468750  0.005846168
1418.884375000  0.005876936
1418.888281250  0.005860672
1418.892187500  0.005924099
1418.896093750  0.005895641
1418.900000000  0.005809900
1418.903906250  0.005838027
1418.907812500  0.005858619
1418.911718750  0.005877796
1418.915625000  0.005850693
1418.919531250  0.005811692
1418.923437500  0.005854492
1418.927343750  0.005813612
1418.931250000  0.005813209
1418.935156250  0.005898347
1418.939062500  0.005841950
1418.942968750  0.005859978
1418.946875000  0.005889115
1418.950781250  0.005845278
1418.954687500  0.005899189
1418.958593750  0.005869233
1418.962500000  0.005894884
1418.966406250  0.005909820
1418.970312500  0.005926217
1418.974218750  0.005873749
1418.978125000  0.005859238
1418.982031250  0.005851724
1418.985937500  0.005879745
1418.989843750  0.005854545
1418.993750000  0.005869240
1418.997656250  0.005878268
1419.001562500  0.005845179
1419.005468750  0.005905961
1419.009375000  0.005917253
1419.013281250  0.005870605
1419.017187500  0.005857199
1419.021093750  0.005871914
1419.025000000  0.005851714
1419.028906250  0.005883404
1419.032812500  0.005873478
1419.036718750  0.005892142
1419.040625000  0.005861743
1419.044531250  0.005849023
1419.048437500  0.005881760
1419.052343750  0.005893797
1419.056250000  0.005852590
1419.060156250  0.005841400
1419.064062500  0.005851356
1419.067968750  0.005862167
1419.071875000  0.005873454
1419.075781250  0.005853440
1419.079687500  0.005862782
1419.083593750  0.005891845
1419.087500000  0.005848947
1419.091406250  0.005908180
1419.095312500  0.005857342
1419.099218750  0.005856935
1419.103125000  0.005918333
1419.107031250  0.005867777
1419.110937500  0.005849996
1419.114843750  0.005897873
1419.118750000  0.005913028
1419.122656250  0.005893922
1419.126562500  0.005904435
1419.130468750  0.005860791
1419.134375000  0.005910882
1419.138281250  0.005853184
1419.142187500  0.005857291
1419.146093750  0.005884439
1419.150000000  0.005891251
1419.153906250  0.005900454
1419.157812500  0.005884900
1419.161718750  0.005830824
1419.165625000  0.005844136
1419.169531250  0.005888437
1419.173437500  0.005869532
1419.177343750  0.005863364
1419.181250000  0.005874586
1419.185156250  0.005866584
1419.189062500  0.005891895
1419.192968750  0.005870425
1419.196875000  0.005843891
1419.200781250  0.005928530
1419.204687500  0.005847623
1419.208593750  0.005902257
1419.212500000  0.005894634
1419.216406250  0.005833228
1419.220312500  0.005929433
1419.224218750  0.005854423
1419.228125000  0.005903732
1419.232031250  0.005876303
1419.235937500  0.005874886
1419.239843750  0.005882534
1419.243750000  0.005860793
1419.247656250  0.005835004
1419.251562500  0.005888322
1419.255468750  0.005902373
1419.259375000  0.005890401
1419.263281250  0.005840186
1419.267187500  0.005889117
1419.271093750  0.005901431
1419.275000000  0.005850516
1419.278906250  0.005917377
1419.282812500  0.005877271
1419.286718750  0.005880116
1419.290625000  0.005835343
1419.294531250  0.005849708
1419.298437500  0.005876919
1419.302343750  0.005866846
1419.306250000  0.005895715
1419.310156250  0.005865987
1419.314062500  0.005879644
1419.317968750  0.005852055
1419.321875000  0.005857874
1419.325781250  0.005875137
1419.329687500  0.005870033
1419.333593750  0.005875201
1419.337500000  0.005875639
1419.341406250  0.005940788
1419.345312500  0.005918584
1419.349218750  0.005878789
1419.353125000  0.005834162
1419.357031250  0.005851766
1419.360937500  0.005869396
1419.364843750  0.005857643
1419.368750000  0.005902865
1419.372656250  0.005898271
1419.376562500  0.005846367
1419.380468750  0.005915181
1419.384375000  0.005853755
1419.388281250  0.005819412
1419.392187500  0.005893960
1419.396093750  0.005831969
1419.400000000  0.005900811
1419.403906250  0.005852555
1419.407812500  0.005848177
1419.411718750  0.005890908
1419.415625000  0.005887636
1419.419531250  0.005859035
1419.423437500  0.005850637
1419.427343750  0.005799444
1419.431250000  0.005854371
1419.435156250  0.005893017
1419.439062500  0.005915390
1419.442968750  0.005903307
1419.446875000  0.005857188
1419.450781250  0.005909070
1419.454687500  0.005860432
1419.458593750  0.005876090
1419.462500000  0.005841828
1419.466406250  0.005844966
1419.470312500  0.005878386
1419.474218750  0.005853539
1419.478125000  0.005850069
1419.482031250  0.005830135
1419.485937500  0.005904749
1419.489843750  0.005809069
1419.493750000  0.005853602
1419.497656250  0.005884116
1419.501562500  0.005853719
1419.505468750  0.005848532
1419.509375000  0.005908149
1419.513281250  0.005936285
1419.517187500  0.005888281
1419.521093750  0.005851554
1419.525000000  0.005865725
1419.528906250  0.005876588
1419.532812500  0.005842240
1419.536718750  0.005906945
1419.540625000  0.005855330
1419.544531250  0.005864811
1419.548437500  0.005827378
1419.552343750  0.005882142
1419.556250000  0.005904258
1419.560156250  0.005879253
1419.564062500  0.005896319
1419.567968750  0.005835639
1419.571875000  0.005872701
1419.575781250  0.005902232
1419.579687500  0.005924128
1419.583593750  0.005885317
1419.587500000  0.005913636
1419.591406250  0.005848625
1419.595312500  0.005902106
1419.599218750  0.005874614
1419.603125000  0.005862963
1419.607031250  0.005839753
1419.610937500  0.005842243
1419.614843750  0.005826808
1419.618750000  0.005818560
1419.622656250  0.005887067
1419.626562500  0.005861653
1419.630468750  0.005860078
1419.634375000  0.005863686
1419.638281250  0.005890458
1419.642187500  0.005882447
1419.646093750  0.005862365
1419.650000000  0.005909250
1419.653906250  0.005861913
1419.657812500  0.005844337
1419.661718750  0.005918023
1419.665625000  0.005866175
1419.669531250  0.005898189
1419.673437500  0.005878241
1419.677343750  0.005872830
1419.681250000  0.005851253
1419.685156250  0.005861138
1419.689062500  0.005901294
1419.692968750  0.005927059
1419.696875000  0.005862409
1419.700781250  0.005900400
1419.704687500  0.005849480
1419.708593750  0.005895392
1419.712500000  0.005846330
1419.716406250  0.005903067
1419.720312500  0.005889696
1419.724218750  0.005839988
1419.728125000  0.005923604
1419.732031250  0.005938482
1419.735937500  0.005881277
1419.739843750  0.005918100
1419.743750000  0.005868781
1419.747656250  0.005901771
1419.751562500  0.005878015
1419.755468750  0.005883510
1419.759375000  0.005917103
1419.763281250  0.005943901
1419.767187500  0.005922152
1419.771093750  0.005929719
1419.775000000  0.005912527
1419.778906250  0.005865126
1419.782812500  0.005902343
1419.786718750  0.005849396
1419.790625000  0.005819430
1419.794531250  0.005860617
1419.798437500  0.005889808
1419.802343750  0.005888485
1419.806250000  0.005890729
1419.810156250  0.005892981
1419.814062500  0.005899773
1419.817968750  0.005911012
1419.821875000  0.005906350
1419.825781250  0.005873003
1419.829687500  0.005882840
1419.833593750  0.005936974
1419.837500000  0.005874136
1419.841406250  0.005935281
1419.845312500  0.005956501
1419.849218750  0.005925410
1419.853125000  0.005863039
1419.857031250  0.005926157
1419.860937500  0.005923100
1419.864843750  0.005908869
1419.868750000  0.005872350
1419.872656250  0.005938587
1419.876562500  0.005877254
1419.880468750  0.005938982
1419.884375000  0.005943946
1419.888281250  0.005956640
1419.892187500  0.005898726
1419.896093750  0.005892631
1419.900000000  0.005888995
1419.903906250  0.005915741
1419.907812500  0.005894167
1419.911718750  0.005908145
1419.915625000  0.005895609
1419.919531250  0.005860313
1419.923437500  0.005890997
1419.927343750  0.005951948
1419.931250000  0.005920217
1419.935156250  0.005968171
1419.939062500  0.005892402
1419.942968750  0.005925368
1419.946875000  0.005991505
1419.950781250  0.005894196
1419.954687500  0.005940370
1419.958593750  0.005915801
1419.962500000  0.005915482
1419.966406250  0.005956118
1419.970312500  0.005954342
1419.974218750  0.005908808
1419.978125000  0.005950452
1419.982031250  0.005898878
1419.985937500  0.006158173
1419.989843750  0.006142534
1419.993750000  0.005932397
1419.997656250  0.006048634
1420.001562500  0.006294268
1420.005468750  0.005938912
1420.009375000  0.005977525
1420.013281250  0.005901926
1420.017187500  0.005931579
1420.021093750  0.005932363
1420.025000000  0.005903231
1420.028906250  0.005934293
1420.032812500  0.005989595
1420.036718750  0.006004716
1420.040625000  0.005979291
1420.044531250  0.006002898
1420.048437500  0.005962569
1420.052343750  0.005883785
1420.056250000  0.005919194
1420.060156250  0.005970294
1420.064062500  0.005891419
1420.067968750  0.005943668
1420.071875000  0.005947514
1420.075781250  0.005931489
1420.079687500  0.005951744
1420.083593750  0.005988506
1420.087500000  0.005939627
1420.091406250  0.005967181
1420.095312500  0.005959645
1420.099218750  0.005958379
1420.103125000  0.005952530
1420.107031250  0.005987859
1420.110937500  0.005921571
1420.114843750  0.005891773
1420.118750000  0.005942498
1420.122656250  0.005946343
1420.126562500  0.005991220
1420.130468750  0.005930913
1420.134375000  0.005904752
1420.138281250  0.005931283
1420.142187500  0.005915292
1420.146093750  0.005955517
1420.150000000  0.005954503
1420.153906250  0.005984213
1420.157812500  0.005941875
1420.161718750  0.005973239
1420.165625000  0.005952253
1420.169531250  0.005961482
1420.173437500  0.005956639
1420.177343750  0.005916843
1420.181250000  0.005972904
1420.185156250  0.005931019
1420.189062500  0.005935446
1420.192968750  0.005950895
1420.196875000  0.005916803
1420.200781250  0.006006311
1420.204687500  0.005982943
1420.208593750  0.005978329
1420.212500000  0.005929853
1420.216406250  0.005981906
1420.220312500  0.005925624
1420.224218750  0.005996712
1420.228125000  0.005969913
1420.232031250  0.005975047
1420.235937500  0.006009739
1420.239843750  0.005922029
1420.243750000  0.005985666
1420.247656250  0.006015121
1420.251562500  0.005936398
1420.255468750  0.005907512
1420.259375000  0.005928622
1420.263281250  0.005942107
1420.267187500  0.005953104
1420.271093750  0.005954982
1420.275000000  0.005960761
1420.278906250  0.005998830
1420.282812500  0.006030683
1420.286718750  0.006061236
1420.290625000  0.005947931
1420.294531250  0.006003385
1420.298437500  0.006025010
1420.302343750  0.005966640
1420.306250000  0.005987085
1420.310156250  0.005977096
1420.314062500  0.005950416
1420.317968750  0.005968183
1420.321875000  0.005996587
1420.325781250  0.006007956
1420.329687500  0.006058002
1420.333593750  0.006006366
1420.337500000  0.005968814
1420.341406250  0.005983589
1420.345312500  0.006030533
1420.349218750  0.006033345
1420.353125000  0.005971993
1420.357031250  0.006051694
1420.360937500  0.006008040
1420.364843750  0.006064524
1420.368750000  0.006040899
1420.372656250  0.006119893
1420.376562500  0.006055971
1420.380468750  0.006077145
1420.384375000  0.006136738
1420.388281250  0.006120074
1420.392187500  0.006169399
1420.396093750  0.006191139
1420.400000000  0.007426707
1420.403906250  0.006173519
1420.407812500  0.006195891
1420.411718750  0.006189093
1420.415625000  0.006112033
1420.419531250  0.006146331
1420.423437500  0.006148132
1420.427343750  0.006187146
1420.431250000  0.006063632
1420.435156250  0.006177053
1420.439062500  0.006156760
1420.442968750  0.006174625
1420.446875000  0.006150398
1420.450781250  0.006129045
1420.454687500  0.006081760
1420.458593750  0.006126505
1420.462500000  0.006149617
1420.466406250  0.006078445
1420.470312500  0.006109763
1420.474218750  0.006102886
1420.478125000  0.006138520
1420.482031250  0.006098142
1420.485937500  0.006113220
1420.489843750  0.006181806
1420.493750000  0.006129343
1420.497656250  0.006083307
1420.501562500  0.006163037
1420.505468750  0.006082680
1420.509375000  0.006061951
1420.513281250  0.006056782
1420.517187500  0.006060827
1420.521093750  0.006054918
1420.525000000  0.005983997
1420.528906250  0.006042946
1420.532812500  0.006026333
1420.536718750  0.006020656
1420.540625000  0.006037382
1420.544531250  0.006023656
1420.548437500  0.006011478
1420.552343750  0.005979933
1420.556250000  0.005911966
1420.560156250  0.005994502
1420.564062500  0.006025011
1420.567968750  0.005957617
1420.571875000  0.006020315
1420.575781250  0.005963187
1420.579687500  0.006016611
1420.583593750  0.006025939
1420.587500000  0.005987279
1420.591406250  0.005993317
1420.595312500  0.005965149
1420.599218750  0.006019433
1420.603125000  0.006005692
1420.607031250  0.006032052
1420.610937500  0.005926544
1420.614843750  0.005932216
1420.618750000  0.005910385
1420.622656250  0.005907627
1420.626562500  0.005989179
1420.630468750  0.005946102
1420.634375000  0.005923794
1420.638281250  0.005929325
1420.642187500  0.005904567
1420.646093750  0.005930948
1420.650000000  0.006000824
1420.653906250  0.005969443
1420.657812500  0.005924577
1420.661718750  0.005967868
1420.665625000  0.005935874
1420.669531250  0.005931200
1420.673437500  0.005984396
1420.677343750  0.005958459
1420.681250000  0.005978643
1420.685156250  0.005980400
1420.689062500  0.005914178
1420.692968750  0.005946194
1420.696875000  0.005973876
1420.700781250  0.005949183
1420.704687500  0.005970698
1420.708593750  0.005980764
1420.712500000  0.005971622
1420.716406250  0.005938396
1420.720312500  0.005921181
1420.724218750  0.005982509
1420.728125000  0.005983234
1420.732031250  0.005951099
1420.735937500  0.006017173
1420.739843750  0.005967023
1420.743750000  0.006033224
1420.747656250  0.005974811
1420.751562500  0.005988846
1420.755468750  0.005909405
1420.759375000  0.005967454
1420.763281250  0.005921726
1420.767187500  0.005982653
1420.771093750  0.005964534
1420.775000000  0.005964565
1420.778906250  0.005954119
1420.782812500  0.005967645
1420.786718750  0.005976531
1420.790625000  0.005976997
1420.794531250  0.005961296
1420.798437500  0.005916340
1420.802343750  0.005906537
1420.806250000  0.005926484
1420.810156250  0.005960270
1420.814062500  0.005940445
1420.817968750  0.005983551
1420.821875000  0.005974109
1420.825781250  0.005955428
1420.829687500  0.005914671
1420.833593750  0.005868736
1420.837500000  0.005986304
1420.841406250  0.005968538
1420.845312500  0.005926013
1420.849218750  0.005930515
1420.853125000  0.005987708
1420.857031250  0.005966466
1420.860937500  0.005905403
1420.864843750  0.006014079
1420.868750000  0.005939888
1420.872656250  0.005910099
1420.876562500  0.005949139
1420.880468750  0.005970638
1420.884375000  0.005982908
1420.888281250  0.005989388
1420.892187500  0.005941902
1420.896093750  0.005978267
1420.900000000  0.005934667
1420.903906250  0.005981298
1420.907812500  0.005919102
1420.911718750  0.005932699
1420.915625000  0.005959829
1420.919531250  0.005975417
1420.923437500  0.005927396
1420.927343750  0.005966014
1420.931250000  0.005961370
1420.935156250  0.005993866
1420.939062500  0.005923385
1420.942968750  0.005989488
1420.946875000  0.005917201
1420.950781250  0.005965385
1420.954687500  0.005914944
1420.958593750  0.005919417
1420.962500000  0.005970879
1420.966406250  0.005944026
1420.970312500  0.005949470
1420.974218750  0.005926195
1420.978125000  0.005936920
1420.982031250  0.005981311
1420.985937500  0.005958957
1420.989843750  0.006015727
1420.993750000  0.005967594
1420.997656250  0.005976697
1421.001562500  0.005988048
1421.005468750  0.006000215
1421.009375000  0.006016472
1421.013281250  0.005962227
1421.017187500  0.005930675
1421.021093750  0.005977461
1421.025000000  0.005967846
1421.028906250  0.005997896
1421.032812500  0.005953305
1421.036718750  0.005894958
1421.040625000  0.005904606
1421.044531250  0.005972506
1421.048437500  0.005924186
1421.052343750  0.005948125
1421.056250000  0.005954529
1421.060156250  0.005898222
1421.064062500  0.005953520
1421.067968750  0.005972247
1421.071875000  0.005955358
1421.075781250  0.005950517
1421.079687500  0.005959637
1421.083593750  0.005946863
1421.087500000  0.005915611
1421.091406250  0.006008153
1421.095312500  0.005933795
1421.099218750  0.005966593
1421.103125000  0.005947295
1421.107031250  0.005925290
1421.110937500  0.005988711
1421.114843750  0.005979458
1421.118750000  0.005986080
1421.122656250  0.005938355
1421.126562500  0.005994358
1421.130468750  0.005989127
1421.134375000  0.005934011
1421.138281250  0.006009689
1421.142187500  0.005965918
1421.146093750  0.005950652
1421.150000000  0.005912373
1421.153906250  0.005961594
1421.157812500  0.005923974
1421.161718750  0.005979476
1421.165625000  0.005943027
1421.169531250  0.005932239
1421.173437500  0.006010064
1421.177343750  0.006002253
1421.181250000  0.005972412
1421.185156250  0.005990085
1421.189062500  0.005963981
1421.192968750  0.005945416
1421.196875000  0.006000793
1421.200781250  0.005937158
1421.204687500  0.005920453
1421.208593750  0.005960770
1421.212500000  0.006016790
1421.216406250  0.005924079
1421.220312500  0.005986142
1421.224218750  0.005947180
1421.228125000  0.005997825
1421.232031250  0.006054222
1421.235937500  0.006001214
1421.239843750  0.005953970
1421.243750000  0.005988549
1421.247656250  0.005964571
1421.251562500  0.006029062
1421.255468750  0.006018069
1421.259375000  0.006041862
1421.263281250  0.005955830
1421.267187500  0.005999925
1421.271093750  0.006015728
1421.275000000  0.006030342
1421.278906250  0.006018784
1421.282812500  0.006027561
1421.286718750  0.006034282
1421.290625000  0.006039262
1421.294531250  0.005986442
1421.298437500  0.005980191
1421.302343750  0.005982742
1421.306250000  0.006017076
1421.310156250  0.006062484
1421.314062500  0.005991702
1421.317968750  0.005970225
1421.321875000  0.006024337
1421.325781250  0.006031712
1421.329687500  0.006013878
1421.333593750  0.005980614
1421.337500000  0.005985758
1421.341406250  0.006012887
1421.345312500  0.006002743
1421.349218750  0.005991490
1421.353125000  0.005961478
1421.357031250  0.006076911
1421.360937500  0.006001003
1421.364843750  0.006004255
1421.368750000  0.006019084
1421.372656250  0.005991266
1421.376562500  0.006007230
1421.380468750  0.006052507
1421.384375000  0.006031230
1421.388281250  0.005999780
1421.392187500  0.006034253
1421.396093750  0.005975236
1421.400000000  0.006043496
1421.403906250  0.006023525
1421.407812500  0.005970922
1421.411718750  0.006026291
1421.415625000  0.005989824
1421.419531250  0.006072400
1421.423437500  0.005997392
1421.427343750  0.006005384
1421.431250000  0.005978839
1421.435156250  0.005997585
1421.439062500  0.006094154
1421.442968750  0.005990827
1421.446875000  0.006074025
1421.450781250  0.005966547
1421.454687500  0.006033071
1421.458593750  0.006046010
1421.462500000  0.006096773
1421.466406250  0.006018246
1421.470312500  0.005979250
1421.474218750  0.005973417
1421.478125000  0.005974644
1421.482031250  0.006007487
1421.485937500  0.005975106
1421.489843750  0.006045302
1421.493750000  0.006020423
1421.497656250  0.006013676
1421.501562500  0.006060816
1421.505468750  0.005973792
1421.509375000  0.005982271
1421.513281250  0.006022501
1421.517187500  0.006023097
1421.521093750  0.006076152
1421.525000000  0.006024487
1421.528906250  0.005997519
1421.532812500  0.006074446
1421.536718750  0.006022795
1421.540625000  0.006078012
1421.544531250  0.006111981
1421.548437500  0.006050416
1421.552343750  0.006020362
1421.556250000  0.006051165
1421.560156250  0.006072771
1421.564062500  0.006021122
1421.567968750  0.006014871
1421.571875000  0.006032081
1421.575781250  0.006040318
1421.579687500  0.006068417
1421.583593750  0.006062741
1421.587500000  0.006077335
1421.591406250  0.006043960
1421.595312500  0.006042963
1421.599218750  0.006045183
1421.603125000  0.005967655
1421.607031250  0.006072286
1421.610937500  0.006049183
1421.614843750  0.006067924
1421.618750000  0.006049700
1421.622656250  0.006014657
1421.626562500  0.006020474
1421.630468750  0.006112687
1421.634375000  0.006078448
1421.638281250  0.006021552
1421.642187500  0.006038484
1421.646093750  0.006045826
1421.650000000  0.006025533
1421.653906250  0.006043010
1421.657812500  0.006067958
1421.661718750  0.006005158
1421.665625000  0.006027444
1421.669531250  0.006058073
1421.673437500  0.006040574
1421.677343750  0.006082674
1421.681250000  0.006045064
1421.685156250  0.006018620
1421.689062500  0.006043042
1421.692968750  0.006049983
1421.696875000  0.006009030
1421.700781250  0.006067484
1421.704687500  0.005983253
1421.708593750  0.006060165
1421.712500000  0.006003061
1421.716406250  0.005991263
1421.720312500  0.006082129
1421.724218750  0.006013808
1421.728125000  0.006053268
1421.732031250  0.005999004
1421.735937500  0.006049370
1421.739843750  0.006007706
1421.743750000  0.006042791
1421.747656250  0.006080139
1421.751562500  0.005995384
1421.755468750  0.006064219
1421.759375000  0.006107610
1421.763281250  0.006079273
1421.767187500  0.005977459
1421.771093750  0.006071016
1421.775000000  0.006024901
1421.778906250  0.006057498
1421.782812500  0.006012084
1421.786718750  0.006066582
1421.790625000  0.006027860
1421.794531250  0.006076757
1421.798437500  0.006041084
1421.802343750  0.006006534
1421.806250000  0.006000890
1421.810156250  0.005976909
1421.814062500  0.006007630
1421.817968750  0.006112568
1421.821875000  0.006002882
1421.825781250  0.006000221
1421.829687500  0.006019598
1421.833593750  0.006016796
1421.837500000  0.006065566
1421.841406250  0.006056225
1421.845312500  0.006001509
1421.849218750  0.006068572
1421.853125000  0.005993939
1421.857031250  0.006006877
1421.860937500  0.006021958
1421.864843750  0.006053722
1421.868750000  0.006054818
1421.872656250  0.006065993
1421.876562500  0.006041287
1421.880468750  0.006057257
1421.884375000  0.006033491
1421.888281250  0.006067721
1421.892187500  0.006083788
1421.896093750  0.006036608
1421.900000000  0.006046640
1421.903906250  0.006012390
1421.907812500  0.006156073
1421.911718750  0.006066808
1421.915625000  0.005978352
1421.919531250  0.006022021
1421.923437500  0.006080943
1421.927343750  0.006033715
1421.931250000  0.006058158
1421.935156250  0.006027301
1421.939062500  0.006062340
1421.942968750  0.006033083
1421.946875000  0.006050811
1421.950781250  0.006082452
1421.954687500  0.006053531
1421.958593750  0.006050929
1421.962500000  0.006100753
1421.966406250  0.006061650
1421.970312500  0.005980181
1421.974218750  0.006080404
1421.978125000  0.006030111
1421.982031250  0.006038593
1421.985937500  0.006008374
1421.989843750  0.006030919
1421.993750000  0.006091344
1421.997656250  0.006035499
1422.001562500  0.006130395
1422.005468750  0.006109803
1422.009375000  0.006104045
1422.013281250  0.006061504
1422.017187500  0.006031763
1422.021093750  0.006034780
1422.025000000  0.006056722
1422.028906250  0.006036681
1422.032812500  0.005995852
1422.036718750  0.006112557
1422.040625000  0.006046460
1422.044531250  0.006072086
1422.048437500  0.006052632
1422.052343750  0.006046154
1422.056250000  0.006126100
1422.060156250  0.006072800
1422.064062500  0.006019109
1422.067968750  0.006004733
1422.071875000  0.006075499
1422.075781250  0.006080629
1422.079687500  0.006087411
1422.083593750  0.006050100
1422.087500000  0.006095353
1422.091406250  0.006030272
1422.095312500  0.006098979
1422.099218750  0.006047380
1422.103125000  0.006098661
1422.107031250  0.006061836
1422.110937500  0.006078987
1422.114843750  0.006012632
1422.118750000  0.006046506
1422.122656250  0.006049102
1422.126562500  0.006128855
1422.130468750  0.006088948
1422.134375000  0.006048771
1422.138281250  0.006068933
1422.142187500  0.006117760
1422.146093750  0.006051016
1422.150000000  0.006071184
1422.153906250  0.006064220
1422.157812500  0.006118186
1422.161718750  0.006022965
1422.165625000  0.006108192
1422.169531250  0.006036357
1422.173437500  0.006116289
1422.177343750  0.006086441
1422.181250000  0.006057399
1422.185156250  0.006066432
1422.189062500  0.006066727
1422.192968750  0.006062017
1422.196875000  0.006054274
1422.200781250  0.006160598
1422.204687500  0.006035204
1422.208593750  0.006084132
1422.212500000  0.006075895
1422.216406250  0.006109754
1422.220312500  0.006064286
1422.224218750  0.006140744
1422.228125000  0.006085200
1422.232031250  0.006124975
1422.235937500  0.006098372
1422.239843750  0.006055069
1422.243750000  0.006076035
1422.247656250  0.006132788
1422.251562500  0.006070472
1422.255468750  0.006080786
1422.259375000  0.006016567
1422.263281250  0.006093099
1422.267187500  0.006091625
1422.271093750  0.006065910
1422.275000000  0.006072987
1422.278906250  0.006064033
1422.282812500  0.006113481
1422.286718750  0.006031800
1422.290625000  0.006111399
1422.294531250  0.006121863
1422.298437500  0.006121241
1422.302343750  0.006123026
1422.306250000  0.006032363
1422.310156250  0.006092354
1422.314062500  0.006004461
1422.317968750  0.006085246
1422.321875000  0.006097850
1422.325781250  0.006114717
1422.329687500  0.006045320
1422.333593750  0.006060818
1422.337500000  0.006077171
1422.341406250  0.006064361
1422.345312500  0.006213829
1422.349218750  0.006129910
1422.353125000  0.006081502
1422.357031250  0.006015769
1422.360937500  0.006052964
1422.364843750  0.006097045
1422.368750000  0.006121553
1422.372656250  0.006088983
1422.376562500  0.006013750
1422.380468750  0.006091493
1422.384375000  0.006014005
1422.388281250  0.006095850
1422.392187500  0.006102456
1422.396093750  0.006104047
1422.400000000  0.006179815
1422.403906250  0.006119164
1422.407812500  0.006077999
1422.411718750  0.006062913
1422.415625000  0.006117204
1422.419531250  0.006066546
1422.423437500  0.006104940
1422.427343750  0.006104338
1422.431250000  0.006067889
1422.435156250  0.006130152
1422.439062500  0.006119232
1422.442968750  0.006089379
1422.446875000  0.006108768
1422.450781250  0.006131592
1422.454687500  0.006042244
1422.458593750  0.006131596
1422.462500000  0.006132867
1422.466406250  0.006119824
1422.470312500  0.006111711
1422.474218750  0.006062057
1422.478125000  0.006105568
1422.482031250  0.006104538
1422.485937500  0.006110827
1422.489843750  0.006188033
1422.493750000  0.006139242
1422.497656250  0.006170015
1422.501562500  0.006121393
1422.505468750  0.006118383
1422.509375000  0.006156088
1422.513281250  0.006113838
1422.517187500  0.006097535
1422.521093750  0.006062612
1422.525000000  0.006164812
1422.528906250  0.006102654
1422.532812500  0.006177847
1422.536718750  0.006159935
1422.540625000  0.006198508
1422.544531250  0.006169815
1422.548437500  0.006161653
1422.552343750  0.006161887
1422.556250000  0.006130690
1422.560156250  0.006112615
1422.564062500  0.006120056
1422.567968750  0.006125040
1422.571875000  0.006146744
1422.575781250  0.006126384
1422.579687500  0.006132005
1422.583593750  0.006172497
1422.587500000  0.006185154
1422.591406250  0.006142957
1422.595312500  0.006138943
1422.599218750  0.006075411
1422.603125000  0.006136781
1422.607031250  0.006146777
1422.610937500  0.006170522
1422.614843750  0.006169181
1422.618750000  0.006074638
1422.622656250  0.006142031
1422.626562500  0.006143832
1422.630468750  0.006212460
1422.634375000  0.006142407
1422.638281250  0.006198051
1422.642187500  0.006159967
1422.646093750  0.006083283
1422.650000000  0.006173437
1422.653906250  0.006124454
1422.657812500  0.006111725
1422.661718750  0.006109163
1422.665625000  0.006178365
1422.669531250  0.006129871
1422.673437500  0.006167878
1422.677343750  0.006202859
1422.681250000  0.006137094
1422.685156250  0.006236074
1422.689062500  0.006168001
1422.692968750  0.006205891
1422.696875000  0.006227419
1422.700781250  0.006138786
1422.704687500  0.006209554
1422.708593750  0.006170776
1422.712500000  0.006180950
1422.716406250  0.006193993
1422.720312500  0.006170069
1422.724218750  0.006218383
1422.728125000  0.006190085
1422.732031250  0.006197706
1422.735937500  0.006222414
1422.739843750  0.006198515
1422.743750000  0.006148441
1422.747656250  0.006229085
1422.751562500  0.006178194
1422.755468750  0.006156428
1422.759375000  0.006208491
1422.763281250  0.006130092
1422.767187500  0.006184905
1422.771093750  0.006227432
1422.775000000  0.006205489
1422.778906250  0.006146934
1422.782812500  0.006208650
1422.786718750  0.006155948
1422.790625000  0.006186022
1422.794531250  0.006216256
1422.798437500  0.006205702
1422.802343750  0.006177320
1422.806250000  0.006228412
1422.810156250  0.006178329
1422.814062500  0.006160447
1422.817968750  0.006161442
1422.821875000  0.006223855
1422.825781250  0.006176504
1422.829687500  0.006150136
1422.833593750  0.006212320
1422.837500000  0.006192355
1422.841406250  0.006197252
1422.845312500  0.006236449
1422.849218750  0.006222773
1422.853125000  0.006216414
1422.857031250  0.006199183
1422.860937500  0.006235562
1422.864843750  0.006219335
1422.868750000  0.006203196
1422.872656250  0.006215740
1422.876562500  0.006250029
1422.880468750  0.006200265
1422.884375000  0.006178196
1422.888281250  0.006222961
1422.892187500  0.006136305
1422.896093750  0.006187303
1422.900000000  0.006222436
1422.903906250  0.006216137
1422.907812500  0.006226344
1422.911718750  0.006161473
1422.915625000  0.006222361
1422.919531250  0.006238712
1422.923437500  0.006169163
1422.927343750  0.006187383
1422.931250000  0.006220870
1422.935156250  0.006237049
1422.939062500  0.006200885
1422.942968750  0.006165238
1422.946875000  0.006221974
1422.950781250  0.006234992
1422.954687500  0.006199101
1422.958593750  0.006180313
1422.962500000  0.006213002
1422.966406250  0.006226657
1422.970312500  0.006236092
1422.974218750  0.006235978
1422.978125000  0.006229121
1422.982031250  0.006261893
1422.985937500  0.006253165
1422.989843750  0.006246590
1422.993750000  0.006148326
1422.997656250  0.006226600
1423.001562500  0.006200767
1423.005468750  0.006290046
1423.009375000  0.006268068
1423.013281250  0.006208518
1423.017187500  0.006200695
1423.021093750  0.006237640
1423.025000000  0.006255430
1423.028906250  0.006236880
1423.032812500  0.006208070
1423.036718750  0.006224327
1423.040625000  0.006220227
1423.044531250  0.006241742
1423.048437500  0.006261680
1423.052343750  0.006254949
1423.056250000  0.006255285
1423.060156250  0.006249691
1423.064062500  0.006236719
1423.067968750  0.006215203
1423.071875000  0.006203926
1423.075781250  0.006180809
1423.079687500  0.006186699
1423.083593750  0.006205103
1423.087500000  0.006248069
1423.091406250  0.006198422
1423.095312500  0.006228245
1423.099218750  0.006252327
1423.103125000  0.006207809
1423.107031250  0.006244799
1423.110937500  0.006201045
1423.114843750  0.006296458
1423.118750000  0.006244418
1423.122656250  0.006243181
1423.126562500  0.006236688
1423.130468750  0.006257079
1423.134375000  0.006257272
1423.138281250  0.006248405
1423.142187500  0.006267357
1423.146093750  0.006159827
1423.150000000  0.006282254
1423.153906250  0.006246181
1423.157812500  0.006294850
1423.161718750  0.006251243
1423.165625000  0.006297603
1423.169531250  0.006280328
1423.173437500  0.006190176
1423.177343750  0.006324203
1423.181250000  0.006286077
1423.185156250  0.006296689
1423.189062500  0.006244364
1423.192968750  0.006325817
1423.196875000  0.006319081
1423.200781250  0.006294229
1423.204687500  0.006288604
1423.208593750  0.006344466
1423.212500000  0.006310278
1423.216406250  0.006323809
1423.220312500  0.006312675
1423.224218750  0.006216554
1423.228125000  0.006298665
1423.232031250  0.006311294
1423.235937500  0.006263570
1423.239843750  0.006358875
1423.243750000  0.006338483
1423.247656250  0.006281956
1423.251562500  0.006302941
1423.255468750  0.006314237
1423.259375000  0.006290169
1423.263281250  0.006263801
1423.267187500  0.006262722
1423.271093750  0.006373126
1423.275000000  0.006365344
1423.278906250  0.006270090
1423.282812500  0.006311667
1423.286718750  0.006318406
1423.290625000  0.006420579
1423.294531250  0.006301295
1423.298437500  0.006360981
1423.302343750  0.006344706
1423.306250000  0.006371832
1423.310156250  0.006346506
1423.314062500  0.006290900
1423.317968750  0.006353824
1423.321875000  0.006316326
1423.325781250  0.006341586
1423.329687500  0.006299680
1423.333593750  0.006320414
1423.337500000  0.006357466
1423.341406250  0.006349508
1423.345312500  0.006369246
1423.349218750  0.006240501
1423.353125000  0.006315547
1423.357031250  0.006375127
1423.360937500  0.006370029
1423.364843750  0.006329479
1423.368750000  0.006367452
1423.372656250  0.006431941
1423.376562500  0.006349180
1423.380468750  0.006325427
1423.384375000  0.006395519
1423.388281250  0.006400866
1423.392187500  0.006439966
1423.396093750  0.006363746
1423.400000000  0.006401607
1423.403906250  0.006391213
1423.407812500  0.006307142
1423.411718750  0.006369834
1423.415625000  0.006386799
1423.419531250  0.006410141
1423.423437500  0.006319215
1423.427343750  0.006418778
1423.431250000  0.006384565
1423.435156250  0.006399262
1423.439062500  0.006389874
1423.442968750  0.006402694
1423.446875000  0.006431228
1423.450781250  0.006364731
1423.454687500  0.006424372
1423.458593750  0.006429379
1423.462500000  0.006422048
1423.466406250  0.006436548
1423.470312500  0.006380564
1423.474218750  0.006430936
1423.478125000  0.006510976
1423.482031250  0.006452789
1423.485937500  0.006494609
1423.489843750  0.006503047
1423.493750000  0.006457415
1423.497656250  0.006494146
1423.501562500  0.006472872
1423.505468750  0.006430267
1423.509375000  0.006459036
1423.513281250  0.006422507
1423.517187500  0.006476316
1423.521093750  0.006515340
1423.525000000  0.006499010
1423.528906250  0.006448207
1423.532812500  0.006473692
1423.536718750  0.006440860
1423.540625000  0.006444302
1423.544531250  0.006437370
1423.548437500  0.006458143
1423.552343750  0.006519630
1423.556250000  0.006460846
1423.560156250  0.006475657
1423.564062500  0.006497382
1423.567968750  0.006496412
1423.571875000  0.006481085
1423.575781250  0.006472628
1423.579687500  0.006495679
1423.583593750  0.006534764
1423.587500000  0.006528654
1423.591406250  0.006523171
1423.595312500  0.006555729
1423.599218750  0.006498742
1423.603125000  0.006530015
1423.607031250  0.006536825
1423.610937500  0.006521046
1423.614843750  0.006500457
1423.618750000  0.006521409
1423.622656250  0.006548219
1423.626562500  0.006559754
1423.630468750  0.006544309
1423.634375000  0.006473055
1423.638281250  0.006489425
1423.642187500  0.006558179
1423.646093750  0.006556924
1423.650000000  0.006543998
1423.653906250  0.006497512
1423.657812500  0.006539050
1423.661718750  0.006565777
1423.665625000  0.006570769
1423.669531250  0.006601452
1423.673437500  0.006589053
1423.677343750  0.006583451
1423.681250000  0.006571629
1423.685156250  0.006604481
1423.689062500  0.006631196
1423.692968750  0.006537998
1423.696875000  0.006567844
1423.700781250  0.006605596
1423.704687500  0.006588493
1423.708593750  0.006560536
1423.712500000  0.006586643
1423.716406250  0.006662441
1423.720312500  0.006612992
1423.724218750  0.006625300
1423.728125000  0.006609406
1423.732031250  0.006635542
1423.735937500  0.006552678
1423.739843750  0.006644629
1423.743750000  0.006677283
1423.747656250  0.006613096
1423.751562500  0.006634280
1423.755468750  0.006590921
1423.759375000  0.006659441
1423.763281250  0.006643850
1423.767187500  0.006577851
1423.771093750  0.006711239
1423.775000000  0.006666665
1423.778906250  0.006651922
1423.782812500  0.006671884
1423.786718750  0.006674679
1423.790625000  0.006661084
1423.794531250  0.006642128
1423.798437500  0.006647056
1423.802343750  0.006716020
1423.806250000  0.006619630
1423.810156250  0.006668760
1423.814062500  0.006725316
1423.817968750  0.006691415
1423.821875000  0.006711104
1423.825781250  0.006628416
1423.829687500  0.006657964
1423.833593750  0.006684200
1423.837500000  0.006707308
1423.841406250  0.006695545
1423.845312500  0.006651827
1423.849218750  0.006681192
1423.853125000  0.006697352
1423.857031250  0.006666697
1423.860937500  0.006713350
1423.864843750  0.006779489
1423.868750000  0.006749835
1423.872656250  0.006705219
1423.876562500  0.006696853
1423.880468750  0.006739612
1423.884375000  0.006772503
1423.888281250  0.006714543
1423.892187500  0.006734635
1423.896093750  0.006653988
1423.900000000  0.006649831
1423.903906250  0.006713629
1423.907812500  0.006722355
1423.911718750  0.006822997
1423.915625000  0.006754386
1423.919531250  0.006755351
1423.923437500  0.006682609
1423.927343750  0.006680137
1423.931250000  0.006697734
1423.935156250  0.006811818
1423.939062500  0.006771962
1423.942968750  0.006788089
1423.946875000  0.006728984
1423.950781250  0.006770506
1423.954687500  0.006872555
1423.958593750  0.006798824
1423.962500000  0.006774129
1423.966406250  0.006840868
1423.970312500  0.006763752
1423.974218750  0.006856683
1423.978125000  0.006897316
1423.982031250  0.006838211
1423.985937500  0.007299827
1423.989843750  0.007389497
1423.993750000  0.007009100
1423.997656250  0.007626184
1424.001562500  0.008511503
1424.005468750  0.006973433
1424.009375000  0.006864444
1424.013281250  0.006881167
1424.017187500  0.006874637
1424.021093750  0.006806481
1424.025000000  0.006803241
1424.028906250  0.006802495
1424.032812500  0.006877991
1424.036718750  0.006884014
1424.040625000  0.006798342
1424.044531250  0.006837856
1424.048437500  0.006853483
1424.052343750  0.006851476
1424.056250000  0.006926733
1424.060156250  0.006819290
1424.064062500  0.006808490
1424.067968750  0.006882555
1424.071875000  0.006867429
1424.075781250  0.006912945
1424.079687500  0.006842498
1424.083593750  0.006860650
1424.087500000  0.006874967
1424.091406250  0.006831175
1424.095312500  0.006882843
1424.099218750  0.006909987
1424.103125000  0.006914237
1424.107031250  0.006872447
1424.110937500  0.006883181
1424.114843750  0.006832099
1424.118750000  0.006878979
1424.122656250  0.006873691
1424.126562500  0.006813464
1424.130468750  0.006889643
1424.134375000  0.006901568
1424.138281250  0.006847644
1424.142187500  0.006895077
1424.146093750  0.006860969
1424.150000000  0.006880900
1424.153906250  0.006901528
1424.157812500  0.006891045
1424.161718750  0.006913496
1424.165625000  0.006958677
1424.169531250  0.006879048
1424.173437500  0.006969506
1424.177343750  0.006850333
1424.181250000  0.006939301
1424.185156250  0.006884891
1424.189062500  0.006897653
1424.192968750  0.006895420
1424.196875000  0.006925095
1424.200781250  0.006975870
1424.204687500  0.006925949
1424.208593750  0.007002332
1424.212500000  0.006877085
1424.216406250  0.006918758
1424.220312500  0.006948244
1424.224218750  0.006907346
1424.228125000  0.006871486
1424.232031250  0.006980640
1424.235937500  0.006889714
1424.239843750  0.006915247
1424.243750000  0.006916725
1424.247656250  0.006916082
1424.251562500  0.006983565
1424.255468750  0.006892472
1424.259375000  0.006934288
1424.263281250  0.007006790
1424.267187500  0.006928775
1424.271093750  0.006941280
1424.275000000  0.006948072
1424.278906250  0.006874337
1424.282812500  0.006985611
1424.286718750  0.006893369
1424.290625000  0.007006674
1424.294531250  0.006947224
1424.298437500  0.007018182
1424.302343750  0.006972696
1424.306250000  0.006919696
1424.310156250  0.006909557
1424.314062500  0.006941103
1424.317968750  0.006943926
1424.321875000  0.006947797
1424.325781250  0.006893405
1424.329687500  0.006909713
1424.333593750  0.006962210
1424.337500000  0.006969863
1424.341406250  0.006863035
1424.345312500  0.006935255
1424.349218750  0.006966794
1424.353125000  0.006920330
1424.357031250  0.006923456
1424.360937500  0.006938357
1424.364843750  0.006898266
1424.368750000  0.006955988
1424.372656250  0.006987853
1424.376562500  0.006916325
1424.380468750  0.006997492
1424.384375000  0.006968303
1424.388281250  0.006939351
1424.392187500  0.006906235
1424.396093750  0.006904805

