1000(10000)
1416.400000000  0.007090618
1416.403906250  0.007089502
1416.407812500  0.007046258
1416.411718750  0.007000345
1416.415625000  0.007029646
1416.419531250  0.006992166
1416.423437500  0.007022169
1416.427343750  0.007131851
1416.431250000  0.007008763
1416.435156250  0.007047854
1416.439062500  0.007031361
1416.442968750  0.007019733
1416.446875000  0.007024527
1416.450781250  0.007077147
1416.454687500  0.007026118
1416.458593750  0.007041135
1416.462500000  0.007014474
1416.466406250  0.007003701
1416.470312500  0.007028232
1416.474218750  0.007018610
1416.478125000  0.007031850
1416.482031250  0.007124657
1416.485937500  0.007091509
1416.489843750  0.007035234
1416.493750000  0.006977406
1416.497656250  0.007017101
1416.501562500  0.007004148
1416.505468750  0.007093465
1416.509375000  0.007045912
1416.513281250  0.007024157
1416.517187500  0.007010145
1416.521093750  0.006959014
1416.525000000  0.007048914
1416.528906250  0.006943779
1416.532812500  0.006967808
1416.536718750  0.007054955
1416.540625000  0.007024466
1416.544531250  0.006987618
1416.548437500  0.007054880
1416.552343750  0.007028538
1416.556250000  0.006977885
1416.560156250  0.007048817
1416.564062500  0.007023998
1416.567968750  0.007036412
1416.571875000  0.006978811
1416.575781250  0.006988772
1416.579687500  0.007020446
1416.583593750  0.006924514
1416.587500000  0.007006779
1416.591406250  0.007085023
1416.595312500  0.007039038
1416.599218750  0.006950584
1416.603125000  0.006965566
1416.607031250  0.007022527
1416.610937500  0.006968965
1416.614843750  0.006906545
1416.618750000  0.007056937
1416.622656250  0.006978984
1416.626562500  0.007080397
1416.630468750  0.006990878
1416.634375000  0.006968623
1416.638281250  0.006939951
1416.642187500  0.007021012
1416.646093750  0.007142315
1416.650000000  0.007253464
1416.653906250  0.007167179
1416.657812500  0.007045317
1416.661718750  0.007018980
1416.665625000  0.006940453
1416.669531250  0.006994319
1416.673437500  0.006910307
1416.677343750  0.006900208
1416.681250000  0.006968683
1416.685156250  0.006865462
1416.689062500  0.006975444
1416.692968750  0.006931199
1416.696875000  0.006976955
1416.700781250  0.007113076
1416.704687500  0.007141145
1416.708593750  0.006961991
1416.712500000  0.006941164
1416.716406250  0.006956101
1416.720312500  0.006901697
1416.724218750  0.006889785
1416.728125000  0.006944991
1416.732031250  0.006883872
1416.735937500  0.006881729
1416.739843750  0.006842235
1416.743750000  0.006897204
1416.747656250  0.006935329
1416.751562500  0.006985319
1416.755468750  0.007059467
1416.759375000  0.007183863
1416.763281250  0.006923345
1416.767187500  0.006838684
1416.771093750  0.006888334
1416.775000000  0.006860652
1416.778906250  0.006883651
1416.782812500  0.006958632
1416.786718750  0.006912690
1416.790625000  0.006873296
1416.794531250  0.006954563
1416.798437500  0.006782645
1416.802343750  0.006989336
1416.806250000  0.007106154
1416.810156250  0.007842792
1416.814062500  0.008236850
1416.817968750  0.007098249
1416.821875000  0.006925862
1416.825781250  0.006877876
1416.829687500  0.006893121
1416.833593750  0.006862958
1416.837500000  0.006967273
1416.841406250  0.006954301
1416.845312500  0.006952327
1416.849218750  0.006903465
1416.853125000  0.006989902
1416.857031250  0.007144248
1416.860937500  0.007602832
1416.864843750  0.011154665
1416.868750000  0.014436451
1416.872656250  0.007735363
1416.876562500  0.007160047
1416.880468750  0.007039320
1416.884375000  0.006895378
1416.888281250  0.006832257
1416.892187500  0.006902445
1416.896093750  0.006878037
1416.900000000  0.006858879
1416.903906250  0.006835456
1416.907812500  0.006817534
1416.911718750  0.006831717
1416.915625000  0.006958181
1416.919531250  0.007762435
1416.923437500  0.008337434
1416.927343750  0.006910651
1416.931250000  0.006779889
1416.935156250  0.006753527
1416.939062500  0.006804948
1416.942968750  0.006696227
1416.946875000  0.006736322
1416.950781250  0.006738252
1416.954687500  0.006741275
1416.958593750  0.006682536
1416.962500000  0.006754668
1416.966406250  0.006717210
1416.970312500  0.006810871
1416.974218750  0.006944835
1416.978125000  0.007203975
1416.982031250  0.006736984
1416.985937500  0.006685084
1416.989843750  0.006739211
1416.993750000  0.006733324
1416.997656250  0.007113937
1417.001562500  0.007558680
1417.005468750  0.006722284
1417.009375000  0.006731166
1417.013281250  0.006647639
1417.017187500  0.006612311
1417.021093750  0.006682258
1417.025000000  0.006717474
1417.028906250  0.006815821
1417.032812500  0.007183504
1417.036718750  0.006734503
1417.040625000  0.006618174
1417.044531250  0.006550353
1417.048437500  0.006676733
1417.052343750  0.006600837
1417.056250000  0.006622491
1417.060156250  0.006662883
1417.064062500  0.006603957
1417.067968750  0.006637816
1417.071875000  0.006632540
1417.075781250  0.006631259
1417.079687500  0.006763808
1417.083593750  0.006915933
1417.087500000  0.007204659
1417.091406250  0.006619631
1417.095312500  0.006634406
1417.099218750  0.006561463
1417.103125000  0.006576720
1417.107031250  0.006563001
1417.110937500  0.006606562
1417.114843750  0.006620666
1417.118750000  0.006574968
1417.122656250  0.006488240
1417.126562500  0.006534609
1417.130468750  0.006564852
1417.134375000  0.006558267
1417.138281250  0.006666495
1417.142187500  0.006841675
1417.146093750  0.006585222
1417.150000000  0.006520489
1417.153906250  0.006569424
1417.157812500  0.006490852
1417.161718750  0.006469270
1417.165625000  0.006529912
1417.169531250  0.006421545
1417.173437500  0.006516794
1417.177343750  0.006482328
1417.181250000  0.006543564
1417.185156250  0.006528103
1417.189062500  0.006446833
1417.192968750  0.006523246
1417.196875000  0.006642257
1417.200781250  0.006509210
1417.204687500  0.006434928
1417.208593750  0.006440971
1417.212500000  0.006441012
1417.216406250  0.006473461
1417.220312500  0.006481272
1417.224218750  0.006476105
1417.228125000  0.006455181
1417.232031250  0.006434755
1417.235937500  0.006425781
1417.239843750  0.006427899
1417.243750000  0.006476454
1417.247656250  0.006532109
1417.251562500  0.006663341
1417.255468750  0.006456370
1417.259375000  0.006505201
1417.263281250  0.006389896
1417.267187500  0.006466402
1417.271093750  0.006430245
1417.275000000  0.006400095
1417.278906250  0.006513540
1417.282812500  0.006419572
1417.286718750  0.006417968
1417.290625000  0.006476436
1417.294531250  0.006409219
1417.298437500  0.006464953
1417.302343750  0.006472210
1417.306250000  0.006483837
1417.310156250  0.006355584
1417.314062500  0.006375003
1417.317968750  0.006385400
1417.321875000  0.006397348
1417.325781250  0.006402834
1417.329687500  0.006375335
1417.333593750  0.006390210
1417.337500000  0.006432127
1417.341406250  0.006460855
1417.345312500  0.006409612
1417.349218750  0.006295530
1417.353125000  0.006407863
1417.357031250  0.006433303
1417.360937500  0.006437007
1417.364843750  0.006381838
1417.368750000  0.006331064
1417.372656250  0.006333735
1417.376562500  0.006355875
1417.380468750  0.006373718
1417.384375000  0.006399045
1417.388281250  0.006319195
1417.392187500  0.006375199
1417.396093750  0.006352209
1417.400000000  0.006371337
1417.403906250  0.006364577
1417.407812500  0.006372250
1417.411718750  0.006343481
1417.415625000  0.006373631
1417.419531250  0.006317056
1417.423437500  0.006308511
1417.427343750  0.006357043
1417.431250000  0.006302045
1417.435156250  0.006324524
1417.439062500  0.006397122
1417.442968750  0.006310651
1417.446875000  0.006342642
1417.450781250  0.006234589
1417.454687500  0.006349747
1417.458593750  0.006350970
1417.462500000  0.006307713
1417.466406250  0.006311357
1417.470312500  0.006377978
1417.474218750  0.006339380
1417.478125000  0.006275745
1417.482031250  0.006329134
1417.485937500  0.006354506
1417.489843750  0.006359110
1417.493750000  0.006297830
1417.497656250  0.006265503
1417.501562500  0.006297030
1417.505468750  0.006301688
1417.509375000  0.006262578
1417.513281250  0.006297512
1417.517187500  0.006307384
1417.521093750  0.006316935
1417.525000000  0.006331723
1417.528906250  0.006303959
1417.532812500  0.006232638
1417.536718750  0.006297233
1417.540625000  0.006303798
1417.544531250  0.006297799
1417.548437500  0.006288827
1417.552343750  0.006240191
1417.556250000  0.006291732
1417.560156250  0.006279946
1417.564062500  0.006337876
1417.567968750  0.006267053
1417.571875000  0.006227613
1417.575781250  0.006261483
1417.579687500  0.006415294
1417.583593750  0.006263164
1417.587500000  0.006281359
1417.591406250  0.006247519
1417.595312500  0.006266378
1417.599218750  0.006216978
1417.603125000  0.006274300
1417.607031250  0.006259550
1417.610937500  0.006221877
1417.614843750  0.006166441
1417.618750000  0.006263310
1417.622656250  0.006278777
1417.626562500  0.006195648
1417.630468750  0.006251209
1417.634375000  0.006340458
1417.638281250  0.006215288
1417.642187500  0.006270696
1417.646093750  0.006222143
1417.650000000  0.006251334
1417.653906250  0.006264331
1417.657812500  0.006205505
1417.661718750  0.006218844
1417.665625000  0.006274833
1417.669531250  0.006235795
1417.673437500  0.006230358
1417.677343750  0.006234000
1417.681250000  0.006191450
1417.685156250  0.006243258
1417.689062500  0.006298785
1417.692968750  0.006204815
1417.696875000  0.006271641
1417.700781250  0.006242319
1417.704687500  0.006215818
1417.708593750  0.006189294
1417.712500000  0.006205433
1417.716406250  0.006177953
1417.720312500  0.006225034
1417.724218750  0.006180348
1417.728125000  0.006208672
1417.732031250  0.006198505
1417.735937500  0.006183714
1417.739843750  0.006243758
1417.743750000  0.006220768
1417.747656250  0.006225514
1417.751562500  0.006196519
1417.755468750  0.006156978
1417.759375000  0.006206082
1417.763281250  0.006232700
1417.767187500  0.006198607
1417.771093750  0.006182418
1417.775000000  0.006114536
1417.778906250  0.006205601
1417.782812500  0.006202816
1417.786718750  0.006195343
1417.790625000  0.006141670
1417.794531250  0.006116126
1417.798437500  0.006129347
1417.802343750  0.006175316
1417.806250000  0.006213730
1417.810156250  0.006166758
1417.814062500  0.006166871
1417.817968750  0.006166487
1417.821875000  0.006173696
1417.825781250  0.006154989
1417.829687500  0.006167280
1417.833593750  0.006134490
1417.837500000  0.006149146
1417.841406250  0.006202526
1417.845312500  0.006127969
1417.849218750  0.006144724
1417.853125000  0.006184807
1417.857031250  0.006121590
1417.860937500  0.006160590
1417.864843750  0.006155671
1417.868750000  0.006206563
1417.872656250  0.006122130
1417.876562500  0.006147940
1417.880468750  0.006145353
1417.884375000  0.006135802
1417.888281250  0.006105969
1417.892187500  0.006141726
1417.896093750  0.006148990
1417.900000000  0.006130488
1417.903906250  0.006099207
1417.907812500  0.006204286
1417.911718750  0.006084613
1417.915625000  0.006165281
1417.919531250  0.006162610
1417.923437500  0.006133638
1417.927343750  0.006128178
1417.931250000  0.006115732
1417.935156250  0.006102773
1417.939062500  0.006138516
1417.942968750  0.006171211
1417.946875000  0.006102697
1417.950781250  0.006179508
1417.954687500  0.006109849
1417.958593750  0.006129020
1417.962500000  0.006228725
1417.966406250  0.006127868
1417.970312500  0.006162591
1417.974218750  0.006092681
1417.978125000  0.006190952
1417.982031250  0.006127277
1417.985937500  0.006091266
1417.989843750  0.006088011
1417.993750000  0.006083213
1417.997656250  0.006102179
1418.001562500  0.006059283
1418.005468750  0.006073320
1418.009375000  0.006116001
1418.013281250  0.006113170
1418.017187500  0.006155834
1418.021093750  0.006093521
1418.025000000  0.006099386
1418.028906250  0.006089663
1418.032812500  0.006098756
1418.036718750  0.006066125
1418.040625000  0.006086519
1418.044531250  0.006058301
1418.048437500  0.006111161
1418.052343750  0.006119142
1418.056250000  0.006017125
1418.060156250  0.006092797
1418.064062500  0.006120025
1418.067968750  0.006040772
1418.071875000  0.006097565
1418.075781250  0.006053657
1418.079687500  0.006119223
1418.083593750  0.006045897
1418.087500000  0.006065539
1418.091406250  0.006070201
1418.095312500  0.006035044
1418.099218750  0.006053255
1418.103125000  0.006142841
1418.107031250  0.006129176
1418.110937500  0.006068029
1418.114843750  0.006059546
1418.118750000  0.006071662
1418.122656250  0.006126917
1418.126562500  0.006131463
1418.130468750  0.006106928
1418.134375000  0.006081613
1418.138281250  0.006061501
1418.142187500  0.006060044
1418.146093750  0.006055813
1418.150000000  0.006081146
1418.153906250  0.006145247
1418.157812500  0.006073108
1418.161718750  0.006068090
1418.165625000  0.006079006
1418.169531250  0.006056052
1418.173437500  0.006025168
1418.177343750  0.006066120
1418.181250000  0.006082910
1418.185156250  0.006078581
1418.189062500  0.006114088
1418.192968750  0.006087764
1418.196875000  0.006058056
1418.200781250  0.006076606
1418.204687500  0.006057645
1418.208593750  0.006093663
1418.212500000  0.006079471
1418.216406250  0.006044712
1418.220312500  0.006088250
1418.224218750  0.006010002
1418.228125000  0.006061766
1418.232031250  0.006008453
1418.235937500  0.006070589
1418.239843750  0.006072880
1418.243750000  0.006069796
1418.247656250  0.006107497
1418.251562500  0.005965336
1418.255468750  0.005971646
1418.259375000  0.006079907
1418.263281250  0.006055256
1418.267187500  0.006067321
1418.271093750  0.006089439
1418.275000000  0.006072856
1418.278906250  0.006040728
1418.282812500  0.006054966
1418.286718750  0.006061244
1418.290625000  0.006109831
1418.294531250  0.006074964
1418.298437500  0.006019664
1418.302343750  0.006021070
1418.306250000  0.006045854
1418.310156250  0.006062688
1418.314062500  0.006036823
1418.317968750  0.006061757
1418.321875000  0.006003737
1418.325781250  0.006052091
1418.329687500  0.006044028
1418.333593750  0.006046042
1418.337500000  0.006082733
1418.341406250  0.006025233
1418.345312500  0.006120812
1418.349218750  0.006064596
1418.353125000  0.006074467
1418.357031250  0.006096229
1418.360937500  0.006012376
1418.364843750  0.006004973
1418.368750000  0.006093838
1418.372656250  0.006036202
1418.376562500  0.006067396
1418.380468750  0.006013899
1418.384375000  0.006012315
1418.388281250  0.006084683
1418.392187500  0.006027121
1418.396093750  0.005991674
1418.400000000  0.006087511
1418.403906250  0.006052659
1418.407812500  0.006037780
1418.411718750  0.006014853
1418.415625000  0.006055064
1418.419531250  0.006017317
1418.423437500  0.006038858
1418.427343750  0.006121772
1418.431250000  0.006083872
1418.435156250  0.006055276
1418.439062500  0.006030214
1418.442968750  0.006069170
1418.446875000  0.006030041
1418.450781250  0.006077252
1418.454687500  0.006107693
1418.458593750  0.006058565
1418.462500000  0.006005058
1418.466406250  0.006034471
1418.470312500  0.006036152
1418.474218750  0.006059033
1418.478125000  0.006034283
1418.482031250  0.006067216
1418.485937500  0.006048925
1418.489843750  0.006031526
1418.493750000  0.006013163
1418.497656250  0.006082127
1418.501562500  0.006090301
1418.505468750  0.006107026
1418.509375000  0.006061286
1418.513281250  0.006104458
1418.517187500  0.006051673
1418.521093750  0.006035304
1418.525000000  0.006057359
1418.528906250  0.006061951
1418.532812500  0.006140072
1418.536718750  0.006058171
1418.540625000  0.006049833
1418.544531250  0.006069039
1418.548437500  0.006032802
1418.552343750  0.006095198
1418.556250000  0.006029139
1418.560156250  0.006051791
1418.564062500  0.006054734
1418.567968750  0.006062704
1418.571875000  0.006099806
1418.575781250  0.006057196
1418.579687500  0.006026593
1418.583593750  0.006053231
1418.587500000  0.006046267
1418.591406250  0.006058020
1418.595312500  0.006073762
1418.599218750  0.005997132
1418.603125000  0.006031718
1418.607031250  0.006096836
1418.610937500  0.006045219
1418.614843750  0.005959142
1418.618750000  0.006067960
1418.622656250  0.006011020
1418.626562500  0.006097617
1418.630468750  0.006008921
1418.634375000  0.006023043
1418.638281250  0.005993620
1418.642187500  0.006013572
1418.646093750  0.006039365
1418.650000000  0.006089754
1418.653906250  0.006070230
1418.657812500  0.006002030
1418.661718750  0.006017095
1418.665625000  0.006084590
1418.669531250  0.006043934
1418.673437500  0.006039032
1418.677343750  0.006075604
1418.681250000  0.006029778
1418.685156250  0.006042639
1418.689062500  0.005994425
1418.692968750  0.005991795
1418.696875000  0.006062531
1418.700781250  0.006080718
1418.704687500  0.006039414
1418.708593750  0.006056881
1418.712500000  0.006054296
1418.716406250  0.006026698
1418.720312500  0.006004887
1418.724218750  0.006040071
1418.728125000  0.006092051
1418.732031250  0.006047761
1418.735937500  0.006083704
1418.739843750  0.006032558
1418.743750000  0.006046008
1418.747656250  0.006067782
1418.751562500  0.006039580
1418.755468750  0.006033742
1418.759375000  0.006073995
1418.763281250  0.006021992
1418.767187500  0.006042327
1418.771093750  0.006084658
1418.775000000  0.006033306
1418.778906250  0.006113351
1418.782812500  0.006002575
1418.786718750  0.006049902
1418.790625000  0.006033863
1418.794531250  0.006042964
1418.798437500  0.005951961
1418.802343750  0.006057336
1418.806250000  0.006058785
1418.810156250  0.006047832
1418.814062500  0.006041140
1418.817968750  0.006073910
1418.821875000  0.006085232
1418.825781250  0.006096756
1418.829687500  0.006070357
1418.833593750  0.006019099
1418.837500000  0.006067565
1418.841406250  0.006071113
1418.845312500  0.006054450
1418.849218750  0.006018273
1418.853125000  0.006035248
1418.857031250  0.006067279
1418.860937500  0.006025564
1418.864843750  0.006103587
1418.868750000  0.006025939
1418.872656250  0.006023862
1418.876562500  0.006075804
1418.880468750  0.006056119
1418.884375000  0.006028525
1418.888281250  0.006064019
1418.892187500  0.006106953
1418.896093750  0.006032268
1418.900000000  0.006047147
1418.903906250  0.006103843
1418.907812500  0.005990029
1418.911718750  0.006095502
1418.915625000  0.006045667
1418.919531250  0.006061426
1418.923437500  0.006050827
1418.927343750  0.006043433
1418.931250000  0.006003958
1418.935156250  0.006095933
1418.939062500  0.006006387
1418.942968750  0.006080212
1418.946875000  0.006079011
1418.950781250  0.006003613
1418.954687500  0.006112885
1418.958593750  0.006055517
1418.962500000  0.006070436
1418.966406250  0.006049547
1418.970312500  0.006078304
1418.974218750  0.006081625
1418.978125000  0.006033819
1418.982031250  0.006019147
1418.985937500  0.006003522
1418.989843750  0.006048269
1418.993750000  0.006071859
1418.997656250  0.006025367
1419.001562500  0.006111022
1419.005468750  0.006105774
1419.009375000  0.006015837
1419.013281250  0.006049753
1419.017187500  0.006041413
1419.021093750  0.006035443
1419.025000000  0.006080805
1419.028906250  0.006033443
1419.032812500  0.006053350
1419.036718750  0.005999417
1419.040625000  0.006066677
1419.044531250  0.006075472
1419.048437500  0.006080041
1419.052343750  0.006083999
1419.056250000  0.006053999
1419.060156250  0.006105402
1419.064062500  0.006054257
1419.067968750  0.006032748
1419.071875000  0.006143114
1419.075781250  0.006050392
1419.079687500  0.006022023
1419.083593750  0.006052844
1419.087500000  0.006052459
1419.091406250  0.006065196
1419.095312500  0.006031825
1419.099218750  0.006077698
1419.103125000  0.006026729
1419.107031250  0.006089154
1419.110937500  0.006066368
1419.114843750  0.006033491
1419.118750000  0.005988544
1419.122656250  0.006036239
1419.126562500  0.006082263
1419.130468750  0.006103966
1419.134375000  0.006232224
1419.138281250  0.006028445
1419.142187500  0.006064166
1419.146093750  0.006060653
1419.150000000  0.006009551
1419.153906250  0.006050478
1419.157812500  0.006053102
1419.161718750  0.006034513
1419.165625000  0.006058104
1419.169531250  0.006011310
1419.173437500  0.006127598
1419.177343750  0.006059547
1419.181250000  0.006107317
1419.185156250  0.006067538
1419.189062500  0.006045478
1419.192968750  0.006090979
1419.196875000  0.006023820
1419.200781250  0.006097414
1419.204687500  0.006050987
1419.208593750  0.006000619
1419.212500000  0.005998267
1419.216406250  0.006043376
1419.220312500  0.006066221
1419.224218750  0.006093799
1419.228125000  0.006078816
1419.232031250  0.006050981
1419.235937500  0.006072040
1419.239843750  0.006060889
1419.243750000  0.006013329
1419.247656250  0.006050439
1419.251562500  0.006071358
1419.255468750  0.006028941
1419.259375000  0.006037578
1419.263281250  0.006062871
1419.267187500  0.006074364
1419.271093750  0.006059493
1419.275000000  0.006100993
1419.278906250  0.006102263
1419.282812500  0.006028862
1419.286718750  0.006102213
1419.290625000  0.006065090
1419.294531250  0.006075498
1419.298437500  0.006044084
1419.302343750  0.006019121
1419.306250000  0.006039627
1419.310156250  0.006042841
1419.314062500  0.006099148
1419.317968750  0.006125520
1419.321875000  0.006034147
1419.325781250  0.006076536
1419.329687500  0.006085573
1419.333593750  0.006087647
1419.337500000  0.006033400
1419.341406250  0.006082688
1419.345312500  0.006079228
1419.349218750  0.006063144
1419.353125000  0.006074653
1419.357031250  0.006067835
1419.360937500  0.006046569
1419.364843750  0.006039578
1419.368750000  0.006076032
1419.372656250  0.006021469
1419.376562500  0.006035262
1419.380468750  0.006005302
1419.384375000  0.006037092
1419.388281250  0.006033204
1419.392187500  0.006070886
1419.396093750  0.006044893
1419.400000000  0.006079317
1419.403906250  0.006011892
1419.407812500  0.006036051
1419.411718750  0.006097379
1419.415625000  0.006015183
1419.419531250  0.006064940
1419.423437500  0.006050948
1419.427343750  0.006031315
1419.431250000  0.006032033
1419.435156250  0.006043208
1419.439062500  0.006095292
1419.442968750  0.006040098
1419.446875000  0.006023891
1419.450781250  0.006053069
1419.454687500  0.006018736
1419.458593750  0.006117779
1419.462500000  0.006057584
1419.466406250  0.006084620
1419.470312500  0.006075508
1419.474218750  0.006023573
1419.478125000  0.006001396
1419.482031250  0.006062206
1419.485937500  0.006054612
1419.489843750  0.006019092
1419.493750000  0.006086696
1419.497656250  0.006073212
1419.501562500  0.006066792
1419.505468750  0.006062956
1419.509375000  0.006066769
1419.513281250  0.006026443
1419.517187500  0.005967540
1419.521093750  0.006013525
1419.525000000  0.006053076
1419.528906250  0.006049862
1419.532812500  0.006069509
1419.536718750  0.006117703
1419.540625000  0.006032020
1419.544531250  0.006045113
1419.548437500  0.006042640
1419.552343750  0.006065990
1419.556250000  0.006021927
1419.560156250  0.006064617
1419.564062500  0.006011919
1419.567968750  0.006093956
1419.571875000  0.006008732
1419.575781250  0.006014333
1419.579687500  0.006108432
1419.583593750  0.006077179
1419.587500000  0.006076672
1419.591406250  0.006076026
1419.595312500  0.006098440
1419.599218750  0.006072325
1419.603125000  0.006112259
1419.607031250  0.006037485
1419.610937500  0.006049804
1419.614843750  0.006057038
1419.618750000  0.006069346
1419.622656250  0.006019116
1419.626562500  0.006032776
1419.630468750  0.006048477
1419.634375000  0.006090412
1419.638281250  0.006109139
1419.642187500  0.006073220
1419.646093750  0.006043190
1419.650000000  0.006070207
1419.653906250  0.006002834
1419.657812500  0.006095559
1419.661718750  0.006077238
1419.665625000  0.006083161
1419.669531250  0.006066272
1419.673437500  0.006049168
1419.677343750  0.006077901
1419.681250000  0.006024420
1419.685156250  0.006012916
1419.689062500  0.006079011
1419.692968750  0.006050072
1419.696875000  0.006065517
1419.700781250  0.006089452
1419.704687500  0.006044495
1419.708593750  0.006015275
1419.712500000  0.006055288
1419.716406250  0.006060232
1419.720312500  0.006058313
1419.724218750  0.006089802
1419.728125000  0.006058617
1419.732031250  0.006030310
1419.735937500  0.006022222
1419.739843750  0.006069126
1419.743750000  0.006005576
1419.747656250  0.006073825
1419.751562500  0.006056261
1419.755468750  0.006055456
1419.759375000  0.006135207
1419.763281250  0.006071119
1419.767187500  0.006074536
1419.771093750  0.006094031
1419.775000000  0.006060089
1419.778906250  0.006060483
1419.782812500  0.006025874
1419.786718750  0.006055931
1419.790625000  0.006075107
1419.794531250  0.006057290
1419.798437500  0.005976878
1419.802343750  0.006061605
1419.806250000  0.006065361
1419.810156250  0.006059253
1419.814062500  0.006079400
1419.817968750  0.006071448
1419.821875000  0.006080239
1419.825781250  0.006099368
1419.829687500  0.006065752
1419.833593750  0.006136994
1419.837500000  0.006087011
1419.841406250  0.006049103
1419.845312500  0.006145405
1419.849218750  0.006008053
1419.853125000  0.006085134
1419.857031250  0.006013283
1419.860937500  0.006071901
1419.864843750  0.006034936
1419.868750000  0.006050355
1419.872656250  0.006074071
1419.876562500  0.006026821
1419.880468750  0.006045339
1419.884375000  0.006010514
1419.888281250  0.006035238
1419.892187500  0.006092436
1419.896093750  0.006045240
1419.900000000  0.006101529
1419.903906250  0.006038717
1419.907812500  0.006118005
1419.911718750  0.006155925
1419.915625000  0.006105682
1419.919531250  0.006152164
1419.923437500  0.006057201
1419.927343750  0.006106381
1419.931250000  0.006071657
1419.935156250  0.006063723
1419.939062500  0.006086509
1419.942968750  0.006030894
1419.946875000  0.006103001
1419.950781250  0.006117570
1419.954687500  0.006091442
1419.958593750  0.006153962
1419.962500000  0.006061549
1419.966406250  0.006057020
1419.970312500  0.006102058
1419.974218750  0.006083272
1419.978125000  0.006101320
1419.982031250  0.006101814
1419.985937500  0.006236915
1419.989843750  0.006176268
1419.993750000  0.006069848
1419.997656250  0.006220344
1420.001562500  0.006245470
1420.005468750  0.006111360
1420.009375000  0.006096246
1420.013281250  0.006040782
1420.017187500  0.006070753
1420.021093750  0.006070207
1420.025000000  0.006123241
1420.028906250  0.006153979
1420.032812500  0.006096592
1420.036718750  0.006058472
1420.040625000  0.006132381
1420.044531250  0.006153750
1420.048437500  0.006145768
1420.052343750  0.006066334
1420.056250000  0.006083652
1420.060156250  0.006055582
1420.064062500  0.006060644
1420.067968750  0.006033348
1420.071875000  0.006090254
1420.075781250  0.006160528
1420.079687500  0.006137664
1420.083593750  0.006073091
1420.087500000  0.006067500
1420.091406250  0.006091858
1420.095312500  0.006092808
1420.099218750  0.006138705
1420.103125000  0.006060938
1420.107031250  0.006078824
1420.110937500  0.006099212
1420.114843750  0.006043144
1420.118750000  0.006080337
1420.122656250  0.006062581
1420.126562500  0.006067853
1420.130468750  0.006060999
1420.134375000  0.006107536
1420.138281250  0.006095190
1420.142187500  0.006080002
1420.146093750  0.006118260
1420.150000000  0.006116246
1420.153906250  0.006067926
1420.157812500  0.006212571
1420.161718750  0.006159076
1420.165625000  0.006121264
1420.169531250  0.006078347
1420.173437500  0.006120002
1420.177343750  0.006098481
1420.181250000  0.006136916
1420.185156250  0.006113892
1420.189062500  0.006076869
1420.192968750  0.006069557
1420.196875000  0.006088504
1420.200781250  0.006099339
1420.204687500  0.006126316
1420.208593750  0.006158589
1420.212500000  0.006176896
1420.216406250  0.006120911
1420.220312500  0.006172150
1420.224218750  0.006091180
1420.228125000  0.006166136
1420.232031250  0.006122202
1420.235937500  0.006078743
1420.239843750  0.006167668
1420.243750000  0.006086717
1420.247656250  0.006111291
1420.251562500  0.006126918
1420.255468750  0.006164310
1420.259375000  0.006128205
1420.263281250  0.006147274
1420.267187500  0.006155723
1420.271093750  0.006109150
1420.275000000  0.006079293
1420.278906250  0.006164451
1420.282812500  0.006085430
1420.286718750  0.006121112
1420.290625000  0.006175696
1420.294531250  0.006102656
1420.298437500  0.006065532
1420.302343750  0.006111035
1420.306250000  0.006162094
1420.310156250  0.006118077
1420.314062500  0.006099480
1420.317968750  0.006201596
1420.321875000  0.006168699
1420.325781250  0.006161807
1420.329687500  0.006118633
1420.333593750  0.006138962
1420.337500000  0.006128707
1420.341406250  0.006184651
1420.345312500  0.006145734
1420.349218750  0.006185035
1420.353125000  0.006176882
1420.357031250  0.006223835
1420.360937500  0.006164795
1420.364843750  0.006221398
1420.368750000  0.006237155
1420.372656250  0.006211399
1420.376562500  0.006239011
1420.380468750  0.006249786
1420.384375000  0.006233050
1420.388281250  0.006288379
1420.392187500  0.006326964
1420.396093750  0.006307543
1420.400000000  0.007339737
1420.403906250  0.006377864
1420.407812500  0.006336022
1420.411718750  0.006365346
1420.415625000  0.006348374
1420.419531250  0.006379479
1420.423437500  0.006370001
1420.427343750  0.006315628
1420.431250000  0.006305361
1420.435156250  0.006309114
1420.439062500  0.006309924
1420.442968750  0.006402971
1420.446875000  0.006273333
1420.450781250  0.006294242
1420.454687500  0.006250548
1420.458593750  0.006268814
1420.462500000  0.006343582
1420.466406250  0.006255936
1420.470312500  0.006284781
1420.474218750  0.006274501
1420.478125000  0.006288566
1420.482031250  0.006271855
1420.485937500  0.006257979
1420.489843750  0.006225019
1420.493750000  0.006221503
1420.497656250  0.006213492
1420.501562500  0.006232286
1420.505468750  0.006232665
1420.509375000  0.006207932
1420.513281250  0.006221151
1420.517187500  0.006220536
1420.521093750  0.006184968
1420.525000000  0.006206628
1420.528906250  0.006150169
1420.532812500  0.006182123
1420.536718750  0.006147066
1420.540625000  0.006116373
1420.544531250  0.006131005
1420.548437500  0.006214637
1420.552343750  0.006165125
1420.556250000  0.006112067
1420.560156250  0.006123319
1420.564062500  0.006113786
1420.567968750  0.006126167
1420.571875000  0.006121748
1420.575781250  0.006167758
1420.579687500  0.006080528
1420.583593750  0.006113079
1420.587500000  0.006140801
1420.591406250  0.006102872
1420.595312500  0.006109086
1420.599218750  0.006134679
1420.603125000  0.006070523
1420.607031250  0.006121149
1420.610937500  0.006009534
1420.614843750  0.006110938
1420.618750000  0.006127446
1420.622656250  0.006108673
1420.626562500  0.006092527
1420.630468750  0.006053646
1420.634375000  0.006108487
1420.638281250  0.006099071
1420.642187500  0.006097594
1420.646093750  0.006084795
1420.650000000  0.006122451
1420.653906250  0.006151991
1420.657812500  0.006163862
1420.661718750  0.006099085
1420.665625000  0.006072005
1420.669531250  0.006138949
1420.673437500  0.006101856
1420.677343750  0.006133808
1420.681250000  0.006106579
1420.685156250  0.006129691
1420.689062500  0.006095362
1420.692968750  0.006143983
1420.696875000  0.006058091
1420.700781250  0.006119490
1420.704687500  0.006107987
1420.708593750  0.006089968
1420.712500000  0.006115238
1420.716406250  0.006077510
1420.720312500  0.006124003
1420.724218750  0.006132059
1420.728125000  0.006118328
1420.732031250  0.006078332
1420.735937500  0.006118634
1420.739843750  0.006130422
1420.743750000  0.006027900
1420.747656250  0.006114051
1420.751562500  0.006113350
1420.755468750  0.006115252
1420.759375000  0.006120136
1420.763281250  0.006105731
1420.767187500  0.006144098
1420.771093750  0.006110475
1420.775000000  0.006142321
1420.778906250  0.006120998
1420.782812500  0.006084587
1420.786718750  0.006125957
1420.790625000  0.006141906
1420.794531250  0.006115674
1420.798437500  0.006162717
1420.802343750  0.006139288
1420.806250000  0.006135464
1420.810156250  0.006079150
1420.814062500  0.006116465
1420.817968750  0.006169798
1420.821875000  0.006143020
1420.825781250  0.006125765
1420.829687500  0.006059194
1420.833593750  0.006147983
1420.837500000  0.006065266
1420.841406250  0.006104235
1420.845312500  0.006082958
1420.849218750  0.006145478
1420.853125000  0.006120663
1420.857031250  0.006097140
1420.860937500  0.006124318
1420.864843750  0.006112624
1420.868750000  0.006149719
1420.872656250  0.006074762
1420.876562500  0.006154634
1420.880468750  0.006038010
1420.884375000  0.006158504
1420.888281250  0.006106280
1420.892187500  0.006075063
1420.896093750  0.006073117
1420.900000000  0.006088829
1420.903906250  0.006161142
1420.907812500  0.006098658
1420.911718750  0.006071021
1420.915625000  0.006109496
1420.919531250  0.006089101
1420.923437500  0.006123702
1420.927343750  0.006101642
1420.931250000  0.006086752
1420.935156250  0.006118617
1420.939062500  0.006160835
1420.942968750  0.006101647
1420.946875000  0.006063008
1420.950781250  0.006076086
1420.954687500  0.006057406
1420.958593750  0.006111910
1420.962500000  0.006184262
1420.966406250  0.006096419
1420.970312500  0.006096982
1420.974218750  0.006151925
1420.978125000  0.006107308
1420.982031250  0.006062928
1420.985937500  0.006157853
1420.989843750  0.006155150
1420.993750000  0.006120352
1420.997656250  0.006143847
1421.001562500  0.006064984
1421.005468750  0.006101617
1421.009375000  0.006060446
1421.013281250  0.006130546
1421.017187500  0.006094285
1421.021093750  0.006146177
1421.025000000  0.006113841
1421.028906250  0.006130551
1421.032812500  0.006094185
1421.036718750  0.006144980
1421.040625000  0.006151246
1421.044531250  0.006117877
1421.048437500  0.006138471
1421.052343750  0.006096888
1421.056250000  0.006125643
1421.060156250  0.006091618
1421.064062500  0.006115014
1421.067968750  0.006070315
1421.071875000  0.006160127
1421.075781250  0.006115512
1421.079687500  0.006093825
1421.083593750  0.006121267
1421.087500000  0.006063027
1421.091406250  0.006104630
1421.095312500  0.006111023
1421.099218750  0.006110332
1421.103125000  0.006130478
1421.107031250  0.006093228
1421.110937500  0.006145302
1421.114843750  0.006074648
1421.118750000  0.006109966
1421.122656250  0.006122470
1421.126562500  0.006154328
1421.130468750  0.006133790
1421.134375000  0.006135230
1421.138281250  0.006087902
1421.142187500  0.006153952
1421.146093750  0.006090492
1421.150000000  0.006101652
1421.153906250  0.006127662
1421.157812500  0.006121087
1421.161718750  0.006149471
1421.165625000  0.006118719
1421.169531250  0.006050825
1421.173437500  0.006113541
1421.177343750  0.006114705
1421.181250000  0.006166483
1421.185156250  0.006200323
1421.189062500  0.006107150
1421.192968750  0.006096431
1421.196875000  0.006101691
1421.200781250  0.006029069
1421.204687500  0.006206445
1421.208593750  0.006142993
1421.212500000  0.006127923
1421.216406250  0.006046994
1421.220312500  0.006082181
1421.224218750  0.006150353
1421.228125000  0.006201120
1421.232031250  0.006110881
1421.235937500  0.006137512
1421.239843750  0.006125449
1421.243750000  0.006144842
1421.247656250  0.006149432
1421.251562500  0.006173393
1421.255468750  0.006089683
1421.259375000  0.006143369
1421.263281250  0.006142179
1421.267187500  0.006139446
1421.271093750  0.006142181
1421.275000000  0.006123277
1421.278906250  0.006148965
1421.282812500  0.006136899
1421.286718750  0.006184898
1421.290625000  0.006162925
1421.294531250  0.006130963
1421.298437500  0.006123476
1421.302343750  0.006160720
1421.306250000  0.006118332
1421.310156250  0.006120247
1421.314062500  0.006206110
1421.317968750  0.006160926
1421.321875000  0.006173183
1421.325781250  0.006123513
1421.329687500  0.006142649
1421.333593750  0.006175404
1421.337500000  0.006149829
1421.341406250  0.006170722
1421.345312500  0.006213990
1421.349218750  0.006121437
1421.353125000  0.006128458
1421.357031250  0.006136417
1421.360937500  0.006131746
1421.364843750  0.006158309
1421.368750000  0.006147316
1421.372656250  0.006157226
1421.376562500  0.006121741
1421.380468750  0.006138423
1421.384375000  0.006168407
1421.388281250  0.006175767
1421.392187500  0.006168907
1421.396093750  0.006172507
1421.400000000  0.006178289
1421.403906250  0.006199263
1421.407812500  0.006157286
1421.411718750  0.006171041
1421.415625000  0.006136472
1421.419531250  0.006144286
1421.423437500  0.006100258
1421.427343750  0.006131608
1421.431250000  0.006110504
1421.435156250  0.006147310
1421.439062500  0.006198913
1421.442968750  0.006139254
1421.446875000  0.006141755
1421.450781250  0.006207709
1421.454687500  0.006168343
1421.458593750  0.006166478
1421.462500000  0.006181122
1421.466406250  0.006147933
1421.470312500  0.006205469
1421.474218750  0.006202459
1421.478125000  0.006191713
1421.482031250  0.006157212
1421.485937500  0.006167397
1421.489843750  0.006204322
1421.493750000  0.006177614
1421.497656250  0.006166810
1421.501562500  0.006162372
1421.505468750  0.006136053
1421.509375000  0.006129448
1421.513281250  0.006173980
1421.517187500  0.006168493
1421.521093750  0.006213249
1421.525000000  0.006174274
1421.528906250  0.006199523
1421.532812500  0.006128762
1421.536718750  0.006224342
1421.540625000  0.006149161
1421.544531250  0.006180726
1421.548437500  0.006122897
1421.552343750  0.006120504
1421.556250000  0.006181037
1421.560156250  0.006190920
1421.564062500  0.006172949
1421.567968750  0.006209345
1421.571875000  0.006147065
1421.575781250  0.006159392
1421.579687500  0.006200961
1421.583593750  0.006131839
1421.587500000  0.006140889
1421.591406250  0.006174924
1421.595312500  0.006212518
1421.599218750  0.006104595
1421.603125000  0.006179904
1421.607031250  0.006148756
1421.610937500  0.006151901
1421.614843750  0.006167666
1421.618750000  0.006171145
1421.622656250  0.006163604
1421.626562500  0.006176706
1421.630468750  0.006180292
1421.634375000  0.006201064
1421.638281250  0.006215712
1421.642187500  0.006199486
1421.646093750  0.006137617
1421.650000000  0.006160249
1421.653906250  0.006191721
1421.657812500  0.006158106
1421.661718750  0.006151608
1421.665625000  0.006138979
1421.669531250  0.006123843
1421.673437500  0.006151520
1421.677343750  0.006099952
1421.681250000  0.006111662
1421.685156250  0.006162904
1421.689062500  0.006124553
1421.692968750  0.006115352
1421.696875000  0.006148453
1421.700781250  0.006218541
1421.704687500  0.006193027
1421.708593750  0.006211438
1421.712500000  0.006149231
1421.716406250  0.006133786
1421.720312500  0.006184655
1421.724218750  0.006217044
1421.728125000  0.006151704
1421.732031250  0.006181195
1421.735937500  0.006151760
1421.739843750  0.006179795
1421.743750000  0.006206988
1421.747656250  0.006236457
1421.751562500  0.006193518
1421.755468750  0.006168617
1421.759375000  0.006208867
1421.763281250  0.006181338
1421.767187500  0.006162652
1421.771093750  0.006130618
1421.775000000  0.006152988
1421.778906250  0.006167264
1421.782812500  0.006171633
1421.786718750  0.006153561
1421.790625000  0.006177267
1421.794531250  0.006152934
1421.798437500  0.006184790
1421.802343750  0.006169736
1421.806250000  0.006235706
1421.810156250  0.006178028
1421.814062500  0.006194940
1421.817968750  0.006163534
1421.821875000  0.006169762
1421.825781250  0.006185763
1421.829687500  0.006198260
1421.833593750  0.006177411
1421.837500000  0.006154779
1421.841406250  0.006179435
1421.845312500  0.006210837
1421.849218750  0.006153689
1421.853125000  0.006165812
1421.857031250  0.006173447
1421.860937500  0.006255237
1421.864843750  0.006170722
1421.868750000  0.006150792
1421.872656250  0.006204183
1421.876562500  0.006166329
1421.880468750  0.006250666
1421.884375000  0.006253435
1421.888281250  0.006199084
1421.892187500  0.006143323
1421.896093750  0.006139315
1421.900000000  0.006212539
1421.903906250  0.006161940
1421.907812500  0.006158211
1421.911718750  0.006126950
1421.915625000  0.006169855
1421.919531250  0.006226731
1421.923437500  0.006163191
1421.927343750  0.006216334
1421.931250000  0.006168155
1421.935156250  0.006165960
1421.939062500  0.006187611
1421.942968750  0.006152523
1421.946875000  0.006202395
1421.950781250  0.006176042
1421.954687500  0.006171687
1421.958593750  0.006214869
1421.962500000  0.006150581
1421.966406250  0.006201754
1421.970312500  0.006161057
1421.974218750  0.006186072
1421.978125000  0.006211210
1421.982031250  0.006208670
1421.985937500  0.006187776
1421.989843750  0.006210237
1421.993750000  0.006115098
1421.997656250  0.006206603
1422.001562500  0.006155604
1422.005468750  0.006204204
1422.009375000  0.006221748
1422.013281250  0.006169223
1422.017187500  0.006219421
1422.021093750  0.006178247
1422.025000000  0.006167828
1422.028906250  0.006225178
1422.032812500  0.006132791
1422.036718750  0.006199802
1422.040625000  0.006194352
1422.044531250  0.006185343
1422.048437500  0.006231933
1422.052343750  0.006219959
1422.056250000  0.006154943
1422.060156250  0.006165871
1422.064062500  0.006184610
1422.067968750  0.006197284
1422.071875000  0.006239348
1422.075781250  0.006179225
1422.079687500  0.006203046
1422.083593750  0.006211920
1422.087500000  0.006215906
1422.091406250  0.006133365
1422.095312500  0.006159716
1422.099218750  0.006187758
1422.103125000  0.006192783
1422.107031250  0.006191301
1422.110937500  0.006260049
1422.114843750  0.006137635
1422.118750000  0.006235813
1422.122656250  0.006168521
1422.126562500  0.006188892
1422.130468750  0.006206727
1422.134375000  0.006211409
1422.138281250  0.006154059
1422.142187500  0.006198450
1422.146093750  0.006193668
1422.150000000  0.006179466
1422.153906250  0.006248201
1422.157812500  0.006141117
1422.161718750  0.006229106
1422.165625000  0.006125006
1422.169531250  0.006193619
1422.173437500  0.006222779
1422.177343750  0.006228536
1422.181250000  0.006188525
1422.185156250  0.006149186
1422.189062500  0.006187289
1422.192968750  0.006170957
1422.196875000  0.006122451
1422.200781250  0.006169168
1422.204687500  0.006217606
1422.208593750  0.006152131
1422.212500000  0.006138681
1422.216406250  0.006211841
1422.220312500  0.006218666
1422.224218750  0.006223365
1422.228125000  0.006162616
1422.232031250  0.006216042
1422.235937500  0.006252730
1422.239843750  0.006163747
1422.243750000  0.006221878
1422.247656250  0.006223015
1422.251562500  0.006162592
1422.255468750  0.006197626
1422.259375000  0.006202443
1422.263281250  0.006199873
1422.267187500  0.006213412
1422.271093750  0.006220738
1422.275000000  0.006226772
1422.278906250  0.006189178
1422.282812500  0.006187374
1422.286718750  0.006177159
1422.290625000  0.006210990
1422.294531250  0.006203073
1422.298437500  0.006233473
1422.302343750  0.006140479
1422.306250000  0.006200341
1422.310156250  0.006185443
1422.314062500  0.006168796
1422.317968750  0.006220324
1422.321875000  0.006211300
1422.325781250  0.006270718
1422.329687500  0.006247719
1422.333593750  0.006129559
1422.337500000  0.006221339
1422.341406250  0.006224626
1422.345312500  0.006263431
1422.349218750  0.006218089
1422.353125000  0.006230919
1422.357031250  0.006189912
1422.360937500  0.006205572
1422.364843750  0.006142767
1422.368750000  0.006173765
1422.372656250  0.006205973
1422.376562500  0.006254778
1422.380468750  0.006187284
1422.384375000  0.006220406
1422.388281250  0.006256321
1422.392187500  0.006199215
1422.396093750  0.006185380
1422.400000000  0.006227397
1422.403906250  0.006257700
1422.407812500  0.006196947
1422.411718750  0.006183976
1422.415625000  0.006223144
1422.419531250  0.006225332
1422.423437500  0.006223478
1422.427343750  0.006186400
1422.431250000  0.006256565
1422.435156250  0.006222090
1422.439062500  0.006224086
1422.442968750  0.006220253
1422.446875000  0.006207402
1422.450781250  0.006229938
1422.454687500  0.006285998
1422.458593750  0.006202651
1422.462500000  0.006222626
1422.466406250  0.006247791
1422.470312500  0.006266349
1422.474218750  0.006176802
1422.478125000  0.006288232
1422.482031250  0.006220558
1422.485937500  0.006250469
1422.489843750  0.006236677
1422.493750000  0.006225604
1422.497656250  0.006225239
1422.501562500  0.006290164
1422.505468750  0.006208132
1422.509375000  0.006249315
1422.513281250  0.006233552
1422.517187500  0.006194353
1422.521093750  0.006257801
1422.525000000  0.006230094
1422.528906250  0.006212607
1422.532812500  0.006238198
1422.536718750  0.006239777
1422.540625000  0.006197069
1422.544531250  0.006270755
1422.548437500  0.006274179
1422.552343750  0.006276016
1422.556250000  0.006206840
1422.560156250  0.006173149
1422.564062500  0.006243361
1422.567968750  0.006301556
1422.571875000  0.006232361
1422.575781250  0.006243401
1422.579687500  0.006240675
1422.583593750  0.006300683
1422.587500000  0.006235670
1422.591406250  0.006278404
1422.595312500  0.006248479
1422.599218750  0.006240749
1422.603125000  0.006251496
1422.607031250  0.006230597
1422.610937500  0.006294574
1422.614843750  0.006243791
1422.618750000  0.006233080
1422.622656250  0.006281945
1422.626562500  0.006214245
1422.630468750  0.006320491
1422.634375000  0.006216275
1422.638281250  0.006311241
1422.642187500  0.006218443
1422.646093750  0.006296578
1422.650000000  0.006221075
1422.653906250  0.006222197
1422.657812500  0.006252562
1422.661718750  0.006277727
1422.665625000  0.006289842
1422.669531250  0.006262173
1422.673437500  0.006306815
1422.677343750  0.006251462
1422.681250000  0.006243252
1422.685156250  0.006215615
1422.689062500  0.006310225
1422.692968750  0.006243744
1422.696875000  0.006278827
1422.700781250  0.006285512
1422.704687500  0.006250779
1422.708593750  0.006282940
1422.712500000  0.006279063
1422.716406250  0.006257584
1422.720312500  0.006326772
1422.724218750  0.006308899
1422.728125000  0.006280004
1422.732031250  0.006282989
1422.735937500  0.006226645
1422.739843750  0.006263694
1422.743750000  0.006333810
1422.747656250  0.006328245
1422.751562500  0.006286682
1422.755468750  0.006291515
1422.759375000  0.006280759
1422.763281250  0.006290235
1422.767187500  0.006328308
1422.771093750  0.006328782
1422.775000000  0.006291639
1422.778906250  0.006292295
1422.782812500  0.006304023
1422.786718750  0.006285999
1422.790625000  0.006231436
1422.794531250  0.006302769
1422.798437500  0.006289797
1422.802343750  0.006324012
1422.806250000  0.006298963
1422.810156250  0.006276657
1422.814062500  0.006278329
1422.817968750  0.006251015
1422.821875000  0.006341143
1422.825781250  0.006281759
1422.829687500  0.006327412
1422.833593750  0.006259505
1422.837500000  0.006283436
1422.841406250  0.006356802
1422.845312500  0.006243700
1422.849218750  0.006265126
1422.853125000  0.006298023
1422.857031250  0.006304570
1422.860937500  0.006290482
1422.864843750  0.006309520
1422.868750000  0.006322875
1422.872656250  0.006308325
1422.876562500  0.006342921
1422.880468750  0.006310020
1422.884375000  0.006326974
1422.888281250  0.006301370
1422.892187500  0.006355937
1422.896093750  0.006289751
1422.900000000  0.006303078
1422.903906250  0.006383968
1422.907812500  0.006339814
1422.911718750  0.006302493
1422.915625000  0.006350161
1422.919531250  0.006243910
1422.923437500  0.006286727
1422.927343750  0.006301609
1422.931250000  0.006298716
1422.935156250  0.006327635
1422.939062500  0.006339649
1422.942968750  0.006297513
1422.946875000  0.006358663
1422.950781250  0.006312392
1422.954687500  0.006318682
1422.958593750  0.006300649
1422.962500000  0.006361095
1422.966406250  0.006322527
1422.970312500  0.006315308
1422.974218750  0.006330884
1422.978125000  0.006329140
1422.982031250  0.006346340
1422.985937500  0.006344785
1422.989843750  0.006320702
1422.993750000  0.006274796
1422.997656250  0.006359378
1423.001562500  0.006300179
1423.005468750  0.006348832
1423.009375000  0.006387060
1423.013281250  0.006347241
1423.017187500  0.006280156
1423.021093750  0.006341763
1423.025000000  0.006393634
1423.028906250  0.006333819
1423.032812500  0.006347887
1423.036718750  0.006357616
1423.040625000  0.006388557
1423.044531250  0.006327964
1423.048437500  0.006354238
1423.052343750  0.006356171
1423.056250000  0.006346368
1423.060156250  0.006330117
1423.064062500  0.006387373
1423.067968750  0.006329445
1423.071875000  0.006376564
1423.075781250  0.006274366
1423.079687500  0.006372895
1423.083593750  0.006377602
1423.087500000  0.006378586
1423.091406250  0.006360525
1423.095312500  0.006317724
1423.099218750  0.006423320
1423.103125000  0.006373855
1423.107031250  0.006392067
1423.110937500  0.006409266
1423.114843750  0.006388232
1423.118750000  0.006393072
1423.122656250  0.006351872
1423.126562500  0.006341237
1423.130468750  0.006422630
1423.134375000  0.006367550
1423.138281250  0.006314970
1423.142187500  0.006373553
1423.146093750  0.006292424
1423.150000000  0.006307022
1423.153906250  0.006364407
1423.157812500  0.006358170
1423.161718750  0.006397195
1423.165625000  0.006367568
1423.169531250  0.006351720
1423.173437500  0.006375331
1423.177343750  0.006370315
1423.181250000  0.006389224
1423.185156250  0.006394625
1423.189062500  0.006381669
1423.192968750  0.006376160
1423.196875000  0.006358304
1423.200781250  0.006362486
1423.204687500  0.006358484
1423.208593750  0.006369598
1423.212500000  0.006372903
1423.216406250  0.006428360
1423.220312500  0.006403568
1423.224218750  0.006412918
1423.228125000  0.006400334
1423.232031250  0.006405392
1423.235937500  0.006388029
1423.239843750  0.006423171
1423.243750000  0.006430086
1423.247656250  0.006489396
1423.251562500  0.006382372
1423.255468750  0.006383983
1423.259375000  0.006422200
1423.263281250  0.006423670
1423.267187500  0.006385658
1423.271093750  0.006393450
1423.275000000  0.006482503
1423.278906250  0.006440978
1423.282812500  0.006422531
1423.286718750  0.006434456
1423.290625000  0.006455344
1423.294531250  0.006384480
1423.298437500  0.006448170
1423.302343750  0.006436325
1423.306250000  0.006454853
1423.310156250  0.006497938
1423.314062500  0.006434432
1423.317968750  0.006391910
1423.321875000  0.006482434
1423.325781250  0.006509215
1423.329687500  0.006442900
1423.333593750  0.006427009
1423.337500000  0.006383926
1423.341406250  0.006401344
1423.345312500  0.006418641
1423.349218750  0.006461913
1423.353125000  0.006471182
1423.357031250  0.006517329
1423.360937500  0.006420596
1423.364843750  0.006408045
1423.368750000  0.006444285
1423.372656250  0.006427947
1423.376562500  0.006411739
1423.380468750  0.006391546
1423.384375000  0.006398448
1423.388281250  0.006482698
1423.392187500  0.006442097
1423.396093750  0.006443009
1423.400000000  0.006426071
1423.403906250  0.006423698
1423.407812500  0.006410194
1423.411718750  0.006504644
1423.415625000  0.006467603
1423.419531250  0.006479590
1423.423437500  0.006424078
1423.427343750  0.006449226
1423.431250000  0.006451629
1423.435156250  0.006490270
1423.439062500  0.006546113
1423.442968750  0.006499656
1423.446875000  0.006538605
1423.450781250  0.006456682
1423.454687500  0.006474969
1423.458593750  0.006461804
1423.462500000  0.006543181
1423.466406250  0.006543288
1423.470312500  0.006475473
1423.474218750  0.006482831
1423.478125000  0.006546748
1423.482031250  0.006561038
1423.485937500  0.006540251
1423.489843750  0.006569367
1423.493750000  0.006493492
1423.497656250  0.006555653
1423.501562500  0.006556174
1423.505468750  0.006508726
1423.509375000  0.006521342
1423.513281250  0.006570099
1423.517187500  0.006507513
1423.521093750  0.006598278
1423.525000000  0.006547158
1423.528906250  0.006537276
1423.532812500  0.006511021
1423.536718750  0.006494672
1423.540625000  0.006562730
1423.544531250  0.006545285
1423.548437500  0.006514153
1423.552343750  0.006525083
1423.556250000  0.006570826
1423.560156250  0.006501647
1423.564062500  0.006519966
1423.567968750  0.006591336
1423.571875000  0.006594817
1423.575781250  0.006572430
1423.579687500  0.006603275
1423.583593750  0.006627652
1423.587500000  0.006600944
1423.591406250  0.006591080
1423.595312500  0.006667536
1423.599218750  0.006566947
1423.603125000  0.006606665
1423.607031250  0.006557117
1423.610937500  0.006612722
1423.614843750  0.006586845
1423.618750000  0.006629403
1423.622656250  0.006602782
1423.626562500  0.006644676
1423.630468750  0.006612754
1423.634375000  0.006639050
1423.638281250  0.006627056
1423.642187500  0.006570815
1423.646093750  0.006617746
1423.650000000  0.006606716
1423.653906250  0.006628920
1423.657812500  0.006612275
1423.661718750  0.006626077
1423.665625000  0.006647509
1423.669531250  0.006683944
1423.673437500  0.006648373
1423.677343750  0.006634705
1423.681250000  0.006633219
1423.685156250  0.006622720
1423.689062500  0.006647168
1423.692968750  0.006652404
1423.696875000  0.006674716
1423.700781250  0.006682521
1423.704687500  0.006703800
1423.708593750  0.006690283
1423.712500000  0.006683428
1423.716406250  0.006717800
1423.720312500  0.006670206
1423.724218750  0.006689179
1423.728125000  0.006669434
1423.732031250  0.006698830
1423.735937500  0.006727342
1423.739843750  0.006706008
1423.743750000  0.006696224
1423.747656250  0.006753655
1423.751562500  0.006734088
1423.755468750  0.006739200
1423.759375000  0.006743823
1423.763281250  0.006763258
1423.767187500  0.006789656
1423.771093750  0.006788110
1423.775000000  0.006796738
1423.778906250  0.006760406
1423.782812500  0.006699264
1423.786718750  0.006749952
1423.790625000  0.006720605
1423.794531250  0.006734715
1423.798437500  0.006714201
1423.802343750  0.006733896
1423.806250000  0.006732187
1423.810156250  0.006736996
1423.814062500  0.006753739
1423.817968750  0.006816768
1423.821875000  0.006800483
1423.825781250  0.006825921
1423.829687500  0.006708059
1423.833593750  0.006851505
1423.837500000  0.006781668
1423.841406250  0.006811468
1423.845312500  0.006758719
1423.849218750  0.006845966
1423.853125000  0.006883658
1423.857031250  0.006780261
1423.860937500  0.006837742
1423.864843750  0.006813716
1423.868750000  0.006760215
1423.872656250  0.006767077
1423.876562500  0.006773141
1423.880468750  0.006844329
1423.884375000  0.006790550
1423.888281250  0.006791036
1423.892187500  0.006837244
1423.896093750  0.006835668
1423.900000000  0.006838919
1423.903906250  0.006868942
1423.907812500  0.006796105
1423.911718750  0.006881221
1423.915625000  0.006838777
1423.919531250  0.006879328
1423.923437500  0.006902244
1423.927343750  0.006840480
1423.931250000  0.006884006
1423.935156250  0.006918978
1423.939062500  0.006869535
1423.942968750  0.006888953
1423.946875000  0.006833743
1423.950781250  0.006847945
1423.954687500  0.006888102
1423.958593750  0.006907843
1423.962500000  0.006870040
1423.966406250  0.006826235
1423.970312500  0.006946517
1423.974218750  0.006931173
1423.978125000  0.006915939
1423.982031250  0.006949133
1423.985937500  0.007213240
1423.989843750  0.007259687
1423.993750000  0.007043179
1423.997656250  0.007287220
1424.001562500  0.007786854
1424.005468750  0.006969145
1424.009375000  0.006900523
1424.013281250  0.006917242
1424.017187500  0.006894285
1424.021093750  0.006938505
1424.025000000  0.007043925
1424.028906250  0.006882907
1424.032812500  0.006899818
1424.036718750  0.006994259
1424.040625000  0.006924858
1424.044531250  0.007018856
1424.048437500  0.007026182
1424.052343750  0.006974422
1424.056250000  0.006870477
1424.060156250  0.006991463
1424.064062500  0.006937485
1424.067968750  0.006990232
1424.071875000  0.006940490
1424.075781250  0.006952599
1424.079687500  0.006928700
1424.083593750  0.006978090
1424.087500000  0.006929554
1424.091406250  0.006927424
1424.095312500  0.006996179
1424.099218750  0.006960302
1424.103125000  0.007031053
1424.107031250  0.007065511
1424.110937500  0.007052831
1424.114843750  0.007011579
1424.118750000  0.007028891
1424.122656250  0.006942258
1424.126562500  0.006963000
1424.130468750  0.006941774
1424.134375000  0.006959534
1424.138281250  0.006944678
1424.142187500  0.007076846
1424.146093750  0.006995428
1424.150000000  0.007043479
1424.153906250  0.007041389
1424.157812500  0.007001299
1424.161718750  0.006995659
1424.165625000  0.007107499
1424.169531250  0.007012218
1424.173437500  0.007000955
1424.177343750  0.007010932
1424.181250000  0.007046605
1424.185156250  0.007061226
1424.189062500  0.007090776
1424.192968750  0.007011747
1424.196875000  0.007081871
1424.200781250  0.007033903
1424.204687500  0.007025298
1424.208593750  0.007064036
1424.212500000  0.007033294
1424.216406250  0.007024929
1424.220312500  0.007082226
1424.224218750  0.007070334
1424.228125000  0.007033676
1424.232031250  0.007052614
1424.235937500  0.007016276
1424.239843750  0.007042081
1424.243750000  0.007060365
1424.247656250  0.007108589
1424.251562500  0.007073112
1424.255468750  0.007083373
1424.259375000  0.007010834
1424.263281250  0.007084137
1424.267187500  0.007086534
1424.271093750  0.007061650
1424.275000000  0.007090194
1424.278906250  0.007063026
1424.282812500  0.007122448
1424.286718750  0.007008982
1424.290625000  0.007105521
1424.294531250  0.007104206
1424.298437500  0.007114851
1424.302343750  0.007041139
1424.306250000  0.007055732
1424.310156250  0.007082484
1424.314062500  0.007116011
1424.317968750  0.007061542
1424.321875000  0.007084423
1424.325781250  0.007025915
1424.329687500  0.007043023
1424.333593750  0.007037231
1424.337500000  0.006994254
1424.341406250  0.007042573
1424.345312500  0.007005497
1424.349218750  0.007082519
1424.353125000  0.007046498
1424.357031250  0.007067298
1424.360937500  0.007095419
1424.364843750  0.007057617
1424.368750000  0.007015876
1424.372656250  0.007141734
1424.376562500  0.007041148
1424.380468750  0.007066139
1424.384375000  0.007075933
1424.388281250  0.007049983
1424.392187500  0.007063324
1424.396093750  0.007112902

