2000(10000)
1416.400000000  0.008210821
1416.403906250  0.008265096
1416.407812500  0.008266065
1416.411718750  0.008155970
1416.415625000  0.008195510
1416.419531250  0.008242564
1416.423437500  0.008242473
1416.427343750  0.008185733
1416.431250000  0.008242846
1416.435156250  0.008174771
1416.439062500  0.008343063
1416.442968750  0.008414682
1416.446875000  0.008168190
1416.450781250  0.008136197
1416.454687500  0.008152600
1416.458593750  0.008222741
1416.462500000  0.008097950
1416.466406250  0.008255943
1416.470312500  0.008214619
1416.474218750  0.008109033
1416.478125000  0.008194875
1416.482031250  0.008243336
1416.485937500  0.008136063
1416.489843750  0.008317986
1416.493750000  0.008145002
1416.497656250  0.008175974
1416.501562500  0.008148920
1416.505468750  0.008104249
1416.509375000  0.008100730
1416.513281250  0.008139998
1416.517187500  0.008164723
1416.521093750  0.008101013
1416.525000000  0.008113656
1416.528906250  0.008147938
1416.532812500  0.008152744
1416.536718750  0.008083247
1416.540625000  0.008143964
1416.544531250  0.008091921
1416.548437500  0.008157228
1416.552343750  0.008131069
1416.556250000  0.008104876
1416.560156250  0.008152452
1416.564062500  0.008091913
1416.567968750  0.008056552
1416.571875000  0.008081930
1416.575781250  0.008095629
1416.579687500  0.007998581
1416.583593750  0.008074926
1416.587500000  0.008077579
1416.591406250  0.008118898
1416.595312500  0.008102385
1416.599218750  0.008099290
1416.603125000  0.008085859
1416.607031250  0.008105599
1416.610937500  0.007955594
1416.614843750  0.008052621
1416.618750000  0.008030771
1416.622656250  0.008073904
1416.626562500  0.008032169
1416.630468750  0.008077042
1416.634375000  0.008049188
1416.638281250  0.008097253
1416.642187500  0.008080681
1416.646093750  0.008212894
1416.650000000  0.008262437
1416.653906250  0.008159236
1416.657812500  0.008082303
1416.661718750  0.007985354
1416.665625000  0.008072814
1416.669531250  0.008054418
1416.673437500  0.007901672
1416.677343750  0.008000777
1416.681250000  0.007986679
1416.685156250  0.007969554
1416.689062500  0.007956747
1416.692968750  0.007919366
1416.696875000  0.007925344
1416.700781250  0.008088387
1416.704687500  0.008161160
1416.708593750  0.007869821
1416.712500000  0.007974622
1416.716406250  0.007922369
1416.720312500  0.007869358
1416.724218750  0.007889346
1416.728125000  0.007872592
1416.732031250  0.007910448
1416.735937500  0.007941554
1416.739843750  0.007925090
1416.743750000  0.007891103
1416.747656250  0.007996476
1416.751562500  0.007950799
1416.755468750  0.008065210
1416.759375000  0.008018155
1416.763281250  0.007892106
1416.767187500  0.007830605
1416.771093750  0.007908915
1416.775000000  0.007840149
1416.778906250  0.007832387
1416.782812500  0.007866364
1416.786718750  0.007872425
1416.790625000  0.007882697
1416.794531250  0.007822002
1416.798437500  0.007855370
1416.802343750  0.007882462
1416.806250000  0.007883364
1416.810156250  0.008566088
1416.814062500  0.008604900
1416.817968750  0.007929521
1416.821875000  0.007899306
1416.825781250  0.007806877
1416.829687500  0.007772394
1416.833593750  0.007915215
1416.837500000  0.007899550
1416.841406250  0.007832107
1416.845312500  0.007819945
1416.849218750  0.007983041
1416.853125000  0.007936584
1416.857031250  0.008161117
1416.860937500  0.008924501
1416.864843750  0.014547277
1416.868750000  0.016873445
1416.872656250  0.008898993
1416.876562500  0.008182032
1416.880468750  0.007964568
1416.884375000  0.007862320
1416.888281250  0.007851412
1416.892187500  0.007901154
1416.896093750  0.007767934
1416.900000000  0.007704074
1416.903906250  0.007686880
1416.907812500  0.007741534
1416.911718750  0.007750979
1416.915625000  0.007792803
1416.919531250  0.008330110
1416.923437500  0.008530251
1416.927343750  0.007810761
1416.931250000  0.007700047
1416.935156250  0.007669947
1416.939062500  0.007645222
1416.942968750  0.007632206
1416.946875000  0.007704805
1416.950781250  0.007639792
1416.954687500  0.007688548
1416.958593750  0.007685906
1416.962500000  0.007608689
1416.966406250  0.007565638
1416.970312500  0.007693659
1416.974218750  0.007820549
1416.978125000  0.008003838
1416.982031250  0.007651462
1416.985937500  0.007578089
1416.989843750  0.007579540
1416.993750000  0.007649949
1416.997656250  0.007946837
1417.001562500  0.008506891
1417.005468750  0.007614951
1417.009375000  0.007549799
1417.013281250  0.007559318
1417.017187500  0.007529202
1417.021093750  0.007541658
1417.025000000  0.007602613
1417.028906250  0.007677236
1417.032812500  0.007884784
1417.036718750  0.007585626
1417.040625000  0.007495062
1417.044531250  0.007456518
1417.048437500  0.007485946
1417.052343750  0.007495689
1417.056250000  0.007441083
1417.060156250  0.007515352
1417.064062500  0.007504558
1417.067968750  0.007454378
1417.071875000  0.007551631
1417.075781250  0.007616016
1417.079687500  0.007686006
1417.083593750  0.007743432
1417.087500000  0.007826250
1417.091406250  0.007560690
1417.095312500  0.007465616
1417.099218750  0.007472179
1417.103125000  0.007535879
1417.107031250  0.007483359
1417.110937500  0.007428096
1417.114843750  0.007382086
1417.118750000  0.007453835
1417.122656250  0.007371331
1417.126562500  0.007461785
1417.130468750  0.007345157
1417.134375000  0.007368220
1417.138281250  0.007447464
1417.142187500  0.007509728
1417.146093750  0.007412401
1417.150000000  0.007295598
1417.153906250  0.007356089
1417.157812500  0.007381733
1417.161718750  0.007432852
1417.165625000  0.007337559
1417.169531250  0.007276031
1417.173437500  0.007301913
1417.177343750  0.007369777
1417.181250000  0.007374953
1417.185156250  0.007324806
1417.189062500  0.007271092
1417.192968750  0.007326804
1417.196875000  0.007415352
1417.200781250  0.007285192
1417.204687500  0.007298060
1417.208593750  0.007379854
1417.212500000  0.007284721
1417.216406250  0.007292964
1417.220312500  0.007295721
1417.224218750  0.007281299
1417.228125000  0.007290419
1417.232031250  0.007332727
1417.235937500  0.007272511
1417.239843750  0.007341881
1417.243750000  0.007302877
1417.247656250  0.007311139
1417.251562500  0.007328599
1417.255468750  0.007285219
1417.259375000  0.007252956
1417.263281250  0.007253496
1417.267187500  0.007230410
1417.271093750  0.007212198
1417.275000000  0.007210404
1417.278906250  0.007227166
1417.282812500  0.007252268
1417.286718750  0.007243882
1417.290625000  0.007186025
1417.294531250  0.007201551
1417.298437500  0.007278920
1417.302343750  0.007152465
1417.306250000  0.007341713
1417.310156250  0.007189359
1417.314062500  0.007244157
1417.317968750  0.007201364
1417.321875000  0.007209192
1417.325781250  0.007191620
1417.329687500  0.007156320
1417.333593750  0.007155187
1417.337500000  0.007200083
1417.341406250  0.007169552
1417.345312500  0.007098134
1417.349218750  0.007185086
1417.353125000  0.007277633
1417.357031250  0.007212241
1417.360937500  0.007175459
1417.364843750  0.007222247
1417.368750000  0.007135578
1417.372656250  0.007106935
1417.376562500  0.007108179
1417.380468750  0.007184866
1417.384375000  0.007190137
1417.388281250  0.007195471
1417.392187500  0.007188371
1417.396093750  0.007130829
1417.400000000  0.007192014
1417.403906250  0.007113436
1417.407812500  0.007092458
1417.411718750  0.007104530
1417.415625000  0.007156315
1417.419531250  0.007059769
1417.423437500  0.007111377
1417.427343750  0.007064945
1417.431250000  0.007110690
1417.435156250  0.007017572
1417.439062500  0.007051218
1417.442968750  0.007063164
1417.446875000  0.007068174
1417.450781250  0.007117330
1417.454687500  0.007133795
1417.458593750  0.007094391
1417.462500000  0.007092569
1417.466406250  0.007033689
1417.470312500  0.007086071
1417.474218750  0.007080029
1417.478125000  0.007100586
1417.482031250  0.007094589
1417.485937500  0.007103661
1417.489843750  0.007048373
1417.493750000  0.007043179
1417.497656250  0.006972090
1417.501562500  0.007061732
1417.505468750  0.007036304
1417.509375000  0.007051313
1417.513281250  0.007045480
1417.517187500  0.007015863
1417.521093750  0.007053539
1417.525000000  0.007035698
1417.528906250  0.007003520
1417.532812500  0.006978791
1417.536718750  0.007068380
1417.540625000  0.007061337
1417.544531250  0.007078212
1417.548437500  0.007013039
1417.552343750  0.007039986
1417.556250000  0.006984721
1417.560156250  0.007018799
1417.564062500  0.007008918
1417.567968750  0.006989038
1417.571875000  0.007062022
1417.575781250  0.007016198
1417.579687500  0.007054129
1417.583593750  0.006998403
1417.587500000  0.006975137
1417.591406250  0.006989007
1417.595312500  0.006999377
1417.599218750  0.007007760
1417.603125000  0.007027711
1417.607031250  0.006972011
1417.610937500  0.007039629
1417.614843750  0.006973346
1417.618750000  0.006985605
1417.622656250  0.006987131
1417.626562500  0.006916190
1417.630468750  0.006972980
1417.634375000  0.006934839
1417.638281250  0.006978303
1417.642187500  0.006937384
1417.646093750  0.006939654
1417.650000000  0.006961042
1417.653906250  0.006971463
1417.657812500  0.006913193
1417.661718750  0.006922391
1417.665625000  0.006908125
1417.669531250  0.006924619
1417.673437500  0.006939384
1417.677343750  0.006902646
1417.681250000  0.006891741
1417.685156250  0.006966808
1417.689062500  0.006913008
1417.692968750  0.006966426
1417.696875000  0.006954703
1417.700781250  0.006877525
1417.704687500  0.006919020
1417.708593750  0.006940349
1417.712500000  0.006911929
1417.716406250  0.006900367
1417.720312500  0.006951998
1417.724218750  0.006949861
1417.728125000  0.006983615
1417.732031250  0.006953669
1417.735937500  0.006870810
1417.739843750  0.006889623
1417.743750000  0.006938955
1417.747656250  0.006934708
1417.751562500  0.006892945
1417.755468750  0.006896145
1417.759375000  0.006969287
1417.763281250  0.006907163
1417.767187500  0.006878375
1417.771093750  0.006909428
1417.775000000  0.006844744
1417.778906250  0.006931042
1417.782812500  0.006854019
1417.786718750  0.006906125
1417.790625000  0.006895599
1417.794531250  0.006951342
1417.798437500  0.006897632
1417.802343750  0.006939207
1417.806250000  0.006858130
1417.810156250  0.006888516
1417.814062500  0.006845010
1417.817968750  0.006884365
1417.821875000  0.006858166
1417.825781250  0.006901303
1417.829687500  0.006883007
1417.833593750  0.006844377
1417.837500000  0.006907995
1417.841406250  0.006827584
1417.845312500  0.006828158
1417.849218750  0.006882842
1417.853125000  0.006856045
1417.857031250  0.006847638
1417.860937500  0.006873938
1417.864843750  0.006856149
1417.868750000  0.006856569
1417.872656250  0.006873320
1417.876562500  0.006891588
1417.880468750  0.006850039
1417.884375000  0.006919375
1417.888281250  0.006740028
1417.892187500  0.006821285
1417.896093750  0.006848894
1417.900000000  0.006840307
1417.903906250  0.006873751
1417.907812500  0.006820453
1417.911718750  0.006876106
1417.915625000  0.006882378
1417.919531250  0.006859042
1417.923437500  0.006800029
1417.927343750  0.006907873
1417.931250000  0.006881274
1417.935156250  0.006806948
1417.939062500  0.006887937
1417.942968750  0.006869740
1417.946875000  0.006829644
1417.950781250  0.006887021
1417.954687500  0.006880929
1417.958593750  0.006855726
1417.962500000  0.006802049
1417.966406250  0.006828567
1417.970312500  0.006814482
1417.974218750  0.006845148
1417.978125000  0.006876648
1417.982031250  0.006784533
1417.985937500  0.006751340
1417.989843750  0.006768272
1417.993750000  0.006795797
1417.997656250  0.006800090
1418.001562500  0.006805806
1418.005468750  0.006782938
1418.009375000  0.006820566
1418.013281250  0.006834492
1418.017187500  0.006824448
1418.021093750  0.006830391
1418.025000000  0.006787409
1418.028906250  0.006843706
1418.032812500  0.006806562
1418.036718750  0.006771463
1418.040625000  0.006720698
1418.044531250  0.006824578
1418.048437500  0.006806532
1418.052343750  0.006782269
1418.056250000  0.006814128
1418.060156250  0.006796674
1418.064062500  0.006792363
1418.067968750  0.006788773
1418.071875000  0.006799509
1418.075781250  0.006810747
1418.079687500  0.006812847
1418.083593750  0.006839758
1418.087500000  0.006724351
1418.091406250  0.006748853
1418.095312500  0.006773130
1418.099218750  0.006821674
1418.103125000  0.006810593
1418.107031250  0.006851698
1418.110937500  0.006781919
1418.114843750  0.006748491
1418.118750000  0.006776630
1418.122656250  0.006747061
1418.126562500  0.006806892
1418.130468750  0.006769646
1418.134375000  0.006813671
1418.138281250  0.006732939
1418.142187500  0.006764732
1418.146093750  0.006736408
1418.150000000  0.006715288
1418.153906250  0.006747357
1418.157812500  0.006744977
1418.161718750  0.006772112
1418.165625000  0.006665083
1418.169531250  0.006787256
1418.173437500  0.006786816
1418.177343750  0.006771223
1418.181250000  0.006756874
1418.185156250  0.006822464
1418.189062500  0.006809242
1418.192968750  0.006755199
1418.196875000  0.006798971
1418.200781250  0.006714607
1418.204687500  0.006766611
1418.208593750  0.006776571
1418.212500000  0.006752842
1418.216406250  0.006769989
1418.220312500  0.006759773
1418.224218750  0.006812506
1418.228125000  0.006783104
1418.232031250  0.006768986
1418.235937500  0.006783716
1418.239843750  0.006781734
1418.243750000  0.006815352
1418.247656250  0.006804591
1418.251562500  0.006768698
1418.255468750  0.006799808
1418.259375000  0.006777418
1418.263281250  0.006718967
1418.267187500  0.006805463
1418.271093750  0.006754899
1418.275000000  0.006809504
1418.278906250  0.006718633
1418.282812500  0.006766459
1418.286718750  0.006700626
1418.290625000  0.006722516
1418.294531250  0.006802108
1418.298437500  0.006809400
1418.302343750  0.006742425
1418.306250000  0.006734702
1418.310156250  0.006832649
1418.314062500  0.006706291
1418.317968750  0.006784136
1418.321875000  0.006709359
1418.325781250  0.006777616
1418.329687500  0.006813396
1418.333593750  0.006733804
1418.337500000  0.006751631
1418.341406250  0.006718791
1418.345312500  0.006717741
1418.349218750  0.006765026
1418.353125000  0.006700081
1418.357031250  0.006780674
1418.360937500  0.006799206
1418.364843750  0.006713962
1418.368750000  0.006727164
1418.372656250  0.006751620
1418.376562500  0.006766915
1418.380468750  0.006763058
1418.384375000  0.006751002
1418.388281250  0.006748469
1418.392187500  0.006771556
1418.396093750  0.006781898
1418.400000000  0.006785509
1418.403906250  0.006812883
1418.407812500  0.006755276
1418.411718750  0.006739644
1418.415625000  0.006719348
1418.419531250  0.006776929
1418.423437500  0.006746448
1418.427343750  0.006697226
1418.431250000  0.006742488
1418.435156250  0.006755413
1418.439062500  0.006799351
1418.442968750  0.006757505
1418.446875000  0.006705750
1418.450781250  0.006788358
1418.454687500  0.006798422
1418.458593750  0.006766574
1418.462500000  0.006720333
1418.466406250  0.006839002
1418.470312500  0.006758242
1418.474218750  0.006784240
1418.478125000  0.006720250
1418.482031250  0.006771900
1418.485937500  0.006811048
1418.489843750  0.006720292
1418.493750000  0.006780108
1418.497656250  0.006736318
1418.501562500  0.006826906
1418.505468750  0.006782445
1418.509375000  0.006795040
1418.513281250  0.006782190
1418.517187500  0.006755799
1418.521093750  0.006775327
1418.525000000  0.006793951
1418.528906250  0.006765774
1418.532812500  0.006770044
1418.536718750  0.006759087
1418.540625000  0.006774665
1418.544531250  0.006750830
1418.548437500  0.006780186
1418.552343750  0.006718525
1418.556250000  0.006771710
1418.560156250  0.006759582
1418.564062500  0.006829281
1418.567968750  0.006779674
1418.571875000  0.006804944
1418.575781250  0.006715572
1418.579687500  0.006781063
1418.583593750  0.006738030
1418.587500000  0.006842168
1418.591406250  0.006753786
1418.595312500  0.006701558
1418.599218750  0.006757428
1418.603125000  0.006731351
1418.607031250  0.006742048
1418.610937500  0.006738287
1418.614843750  0.006720677
1418.618750000  0.006800894
1418.622656250  0.006738500
1418.626562500  0.006716036
1418.630468750  0.006813869
1418.634375000  0.006719304
1418.638281250  0.006734305
1418.642187500  0.006774665
1418.646093750  0.006758263
1418.650000000  0.006785756
1418.653906250  0.006769400
1418.657812500  0.006722187
1418.661718750  0.006794429
1418.665625000  0.006760599
1418.669531250  0.006849627
1418.673437500  0.006762434
1418.677343750  0.006772872
1418.681250000  0.006794572
1418.685156250  0.006711483
1418.689062500  0.006768442
1418.692968750  0.006784958
1418.696875000  0.006829713
1418.700781250  0.006749050
1418.704687500  0.006797887
1418.708593750  0.006750437
1418.712500000  0.006781035
1418.716406250  0.006778911
1418.720312500  0.006766067
1418.724218750  0.006766140
1418.728125000  0.006774764
1418.732031250  0.006772443
1418.735937500  0.006736961
1418.739843750  0.006709741
1418.743750000  0.006752388
1418.747656250  0.006759049
1418.751562500  0.006703455
1418.755468750  0.006796767
1418.759375000  0.006723764
1418.763281250  0.006859986
1418.767187500  0.006732486
1418.771093750  0.006819665
1418.775000000  0.006758007
1418.778906250  0.006727816
1418.782812500  0.006739501
1418.786718750  0.006794466
1418.790625000  0.006843612
1418.794531250  0.006765800
1418.798437500  0.006811135
1418.802343750  0.006787234
1418.806250000  0.006762516
1418.810156250  0.006723824
1418.814062500  0.006728919
1418.817968750  0.006848533
1418.821875000  0.006756653
1418.825781250  0.006827702
1418.829687500  0.006812157
1418.833593750  0.006791076
1418.837500000  0.006810446
1418.841406250  0.006786081
1418.845312500  0.006789372
1418.849218750  0.006843433
1418.853125000  0.006804597
1418.857031250  0.006736317
1418.860937500  0.006779867
1418.864843750  0.006850854
1418.868750000  0.006799692
1418.872656250  0.006830675
1418.876562500  0.006672074
1418.880468750  0.006798365
1418.884375000  0.006734011
1418.888281250  0.006821826
1418.892187500  0.006787630
1418.896093750  0.006766067
1418.900000000  0.006802251
1418.903906250  0.006757274
1418.907812500  0.006756924
1418.911718750  0.006814606
1418.915625000  0.006785935
1418.919531250  0.006754588
1418.923437500  0.006698411
1418.927343750  0.006847681
1418.931250000  0.006765648
1418.935156250  0.006765822
1418.939062500  0.006762563
1418.942968750  0.006769541
1418.946875000  0.006787348
1418.950781250  0.006770356
1418.954687500  0.006773663
1418.958593750  0.006775369
1418.962500000  0.006786714
1418.966406250  0.006770513
1418.970312500  0.006767428
1418.974218750  0.006726968
1418.978125000  0.006864183
1418.982031250  0.006761151
1418.985937500  0.006807840
1418.989843750  0.006752673
1418.993750000  0.006723703
1418.997656250  0.006782241
1419.001562500  0.006749744
1419.005468750  0.006773952
1419.009375000  0.006826449
1419.013281250  0.006767566
1419.017187500  0.006765901
1419.021093750  0.006784882
1419.025000000  0.006793027
1419.028906250  0.006871214
1419.032812500  0.006779454
1419.036718750  0.006780849
1419.040625000  0.006770725
1419.044531250  0.006786312
1419.048437500  0.006768526
1419.052343750  0.006845649
1419.056250000  0.006806346
1419.060156250  0.006818430
1419.064062500  0.006817756
1419.067968750  0.006869208
1419.071875000  0.006774771
1419.075781250  0.006821936
1419.079687500  0.006838913
1419.083593750  0.006847356
1419.087500000  0.006805801
1419.091406250  0.006835547
1419.095312500  0.006777327
1419.099218750  0.006787133
1419.103125000  0.006806981
1419.107031250  0.006796087
1419.110937500  0.006788848
1419.114843750  0.006759503
1419.118750000  0.006821613
1419.122656250  0.006884961
1419.126562500  0.006802242
1419.130468750  0.006768842
1419.134375000  0.007102155
1419.138281250  0.006827927
1419.142187500  0.006811063
1419.146093750  0.006852285
1419.150000000  0.006869424
1419.153906250  0.006857343
1419.157812500  0.006810021
1419.161718750  0.006765515
1419.165625000  0.006789634
1419.169531250  0.006866673
1419.173437500  0.006835855
1419.177343750  0.006770637
1419.181250000  0.006804203
1419.185156250  0.006814259
1419.189062500  0.006855132
1419.192968750  0.006833329
1419.196875000  0.006829797
1419.200781250  0.006866981
1419.204687500  0.006860588
1419.208593750  0.006830815
1419.212500000  0.006793665
1419.216406250  0.006880888
1419.220312500  0.006774223
1419.224218750  0.006809912
1419.228125000  0.006859173
1419.232031250  0.006848946
1419.235937500  0.006811087
1419.239843750  0.006834504
1419.243750000  0.006753945
1419.247656250  0.006854488
1419.251562500  0.006827647
1419.255468750  0.006819492
1419.259375000  0.006825013
1419.263281250  0.006783925
1419.267187500  0.006730693
1419.271093750  0.006854740
1419.275000000  0.006900840
1419.278906250  0.006761567
1419.282812500  0.006822851
1419.286718750  0.006827831
1419.290625000  0.006785144
1419.294531250  0.006818551
1419.298437500  0.006807117
1419.302343750  0.006772984
1419.306250000  0.006839016
1419.310156250  0.006807847
1419.314062500  0.006807581
1419.317968750  0.006740390
1419.321875000  0.006969962
1419.325781250  0.006776374
1419.329687500  0.006832886
1419.333593750  0.006766629
1419.337500000  0.006799022
1419.341406250  0.006831281
1419.345312500  0.006796320
1419.349218750  0.006749179
1419.353125000  0.006849532
1419.357031250  0.006777244
1419.360937500  0.006762483
1419.364843750  0.006806049
1419.368750000  0.006805370
1419.372656250  0.006828189
1419.376562500  0.006805291
1419.380468750  0.006766183
1419.384375000  0.006816936
1419.388281250  0.006804270
1419.392187500  0.006747291
1419.396093750  0.006785598
1419.400000000  0.006826453
1419.403906250  0.006882983
1419.407812500  0.006852982
1419.411718750  0.006788879
1419.415625000  0.006820833
1419.419531250  0.006766645
1419.423437500  0.006765768
1419.427343750  0.006830332
1419.431250000  0.006798925
1419.435156250  0.006785371
1419.439062500  0.006838331
1419.442968750  0.006852076
1419.446875000  0.006860557
1419.450781250  0.006822361
1419.454687500  0.006829900
1419.458593750  0.006834380
1419.462500000  0.006807223
1419.466406250  0.006891674
1419.470312500  0.006861940
1419.474218750  0.006784149
1419.478125000  0.006881044
1419.482031250  0.006752335
1419.485937500  0.006854920
1419.489843750  0.006828535
1419.493750000  0.006828733
1419.497656250  0.006823870
1419.501562500  0.006807822
1419.505468750  0.006809247
1419.509375000  0.006860683
1419.513281250  0.006922768
1419.517187500  0.006853922
1419.521093750  0.006799160
1419.525000000  0.006740484
1419.528906250  0.006852083
1419.532812500  0.006800785
1419.536718750  0.006874495
1419.540625000  0.006787134
1419.544531250  0.006825258
1419.548437500  0.006838398
1419.552343750  0.006784443
1419.556250000  0.006805236
1419.560156250  0.006879073
1419.564062500  0.006796014
1419.567968750  0.006823627
1419.571875000  0.006755515
1419.575781250  0.006809202
1419.579687500  0.006856912
1419.583593750  0.006794666
1419.587500000  0.006871509
1419.591406250  0.006794896
1419.595312500  0.006824243
1419.599218750  0.006787430
1419.603125000  0.006838293
1419.607031250  0.006821786
1419.610937500  0.006819147
1419.614843750  0.006854201
1419.618750000  0.006870535
1419.622656250  0.006874884
1419.626562500  0.006818000
1419.630468750  0.006892538
1419.634375000  0.006853782
1419.638281250  0.006873391
1419.642187500  0.006879655
1419.646093750  0.006831709
1419.650000000  0.006793461
1419.653906250  0.006861769
1419.657812500  0.006827372
1419.661718750  0.006810978
1419.665625000  0.006839370
1419.669531250  0.006815857
1419.673437500  0.006797682
1419.677343750  0.006807060
1419.681250000  0.006848523
1419.685156250  0.006859124
1419.689062500  0.006844729
1419.692968750  0.006878380
1419.696875000  0.006834007
1419.700781250  0.006850258
1419.704687500  0.006828382
1419.708593750  0.006834706
1419.712500000  0.006880090
1419.716406250  0.006758983
1419.720312500  0.006799291
1419.724218750  0.006826054
1419.728125000  0.006847880
1419.732031250  0.006907906
1419.735937500  0.006848755
1419.739843750  0.006865296
1419.743750000  0.006855130
1419.747656250  0.006849882
1419.751562500  0.006889443
1419.755468750  0.006809196
1419.759375000  0.006843067
1419.763281250  0.006877488
1419.767187500  0.006852641
1419.771093750  0.006907216
1419.775000000  0.006820134
1419.778906250  0.006863117
1419.782812500  0.006880847
1419.786718750  0.006892288
1419.790625000  0.006913501
1419.794531250  0.006907347
1419.798437500  0.006852755
1419.802343750  0.006842614
1419.806250000  0.006851141
1419.810156250  0.006835406
1419.814062500  0.006949955
1419.817968750  0.006872816
1419.821875000  0.006882871
1419.825781250  0.006823808
1419.829687500  0.006882314
1419.833593750  0.006904651
1419.837500000  0.006857442
1419.841406250  0.006864567
1419.845312500  0.006869601
1419.849218750  0.006904525
1419.853125000  0.006834457
1419.857031250  0.006855901
1419.860937500  0.006854292
1419.864843750  0.006878593
1419.868750000  0.006894850
1419.872656250  0.006819140
1419.876562500  0.006839124
1419.880468750  0.006823846
1419.884375000  0.006810450
1419.888281250  0.006864230
1419.892187500  0.006910429
1419.896093750  0.006919174
1419.900000000  0.006866042
1419.903906250  0.006841228
1419.907812500  0.006877403
1419.911718750  0.006848069
1419.915625000  0.006847550
1419.919531250  0.006910311
1419.923437500  0.006839747
1419.927343750  0.006933134
1419.931250000  0.006924383
1419.935156250  0.006925713
1419.939062500  0.006933297
1419.942968750  0.006860576
1419.946875000  0.006880303
1419.950781250  0.006823377
1419.954687500  0.006905437
1419.958593750  0.006918862
1419.962500000  0.006900915
1419.966406250  0.006922353
1419.970312500  0.006890518
1419.974218750  0.006951301
1419.978125000  0.006817180
1419.982031250  0.006913941
1419.985937500  0.007210323
1419.989843750  0.007121491
1419.993750000  0.007131781
1419.997656250  0.008102118
1420.001562500  0.009289235
1420.005468750  0.007191782
1420.009375000  0.006977239
1420.013281250  0.006934271
1420.017187500  0.006913559
1420.021093750  0.006897667
1420.025000000  0.006940875
1420.028906250  0.006960197
1420.032812500  0.006906668
1420.036718750  0.006845104
1420.040625000  0.006902832
1420.044531250  0.006882592
1420.048437500  0.006915308
1420.052343750  0.006947357
1420.056250000  0.006877715
1420.060156250  0.006942706
1420.064062500  0.006893516
1420.067968750  0.006902466
1420.071875000  0.006850055
1420.075781250  0.006885517
1420.079687500  0.006856368
1420.083593750  0.006838673
1420.087500000  0.006914988
1420.091406250  0.006893032
1420.095312500  0.006971389
1420.099218750  0.006891317
1420.103125000  0.006873709
1420.107031250  0.006918893
1420.110937500  0.006928094
1420.114843750  0.006884223
1420.118750000  0.006894592
1420.122656250  0.006932730
1420.126562500  0.006874665
1420.130468750  0.006912893
1420.134375000  0.006929438
1420.138281250  0.006931988
1420.142187500  0.006941863
1420.146093750  0.006870254
1420.150000000  0.006921044
1420.153906250  0.006973766
1420.157812500  0.006987336
1420.161718750  0.006926832
1420.165625000  0.006862230
1420.169531250  0.006918334
1420.173437500  0.006905836
1420.177343750  0.006885280
1420.181250000  0.006936437
1420.185156250  0.006890403
1420.189062500  0.006921193
1420.192968750  0.006950729
1420.196875000  0.006981656
1420.200781250  0.006916374
1420.204687500  0.006901077
1420.208593750  0.006881208
1420.212500000  0.006944532
1420.216406250  0.006905971
1420.220312500  0.006893027
1420.224218750  0.006978673
1420.228125000  0.006930882
1420.232031250  0.006907549
1420.235937500  0.006975855
1420.239843750  0.006849302
1420.243750000  0.006966503
1420.247656250  0.006911287
1420.251562500  0.006992496
1420.255468750  0.006920612
1420.259375000  0.006924222
1420.263281250  0.006946674
1420.267187500  0.007012079
1420.271093750  0.006910172
1420.275000000  0.006944104
1420.278906250  0.006958293
1420.282812500  0.006949547
1420.286718750  0.006998700
1420.290625000  0.006952552
1420.294531250  0.006947912
1420.298437500  0.006891093
1420.302343750  0.006959908
1420.306250000  0.006955184
1420.310156250  0.006942765
1420.314062500  0.006977361
1420.317968750  0.006944255
1420.321875000  0.007041399
1420.325781250  0.006965433
1420.329687500  0.006971175
1420.333593750  0.006941058
1420.337500000  0.007009980
1420.341406250  0.007035669
1420.345312500  0.006998095
1420.349218750  0.006968331
1420.353125000  0.007041698
1420.357031250  0.006925288
1420.360937500  0.007073703
1420.364843750  0.006942885
1420.368750000  0.007027397
1420.372656250  0.007014885
1420.376562500  0.007139864
1420.380468750  0.007117834
1420.384375000  0.007051441
1420.388281250  0.007153814
1420.392187500  0.007193501
1420.396093750  0.007123283
1420.400000000  0.007567855
1420.403906250  0.007167326
1420.407812500  0.007150722
1420.411718750  0.007228286
1420.415625000  0.007132830
1420.419531250  0.007211434
1420.423437500  0.007118017
1420.427343750  0.007134551
1420.431250000  0.007171202
1420.435156250  0.007157702
1420.439062500  0.007164766
1420.442968750  0.007163905
1420.446875000  0.007100353
1420.450781250  0.007126447
1420.454687500  0.007099749
1420.458593750  0.007125695
1420.462500000  0.007100237
1420.466406250  0.007060059
1420.470312500  0.007124003
1420.474218750  0.006998345
1420.478125000  0.007035261
1420.482031250  0.006986942
1420.485937500  0.007048901
1420.489843750  0.007102973
1420.493750000  0.007026674
1420.497656250  0.007007497
1420.501562500  0.007047369
1420.505468750  0.006992773
1420.509375000  0.006996781
1420.513281250  0.007027318
1420.517187500  0.007008719
1420.521093750  0.007016791
1420.525000000  0.006950379
1420.528906250  0.006974522
1420.532812500  0.007006681
1420.536718750  0.007021634
1420.540625000  0.007030686
1420.544531250  0.007007964
1420.548437500  0.006977675
1420.552343750  0.007007515
1420.556250000  0.007064357
1420.560156250  0.006968549
1420.564062500  0.006933089
1420.567968750  0.007013555
1420.571875000  0.006993901
1420.575781250  0.006995664
1420.579687500  0.006896119
1420.583593750  0.007037187
1420.587500000  0.006948215
1420.591406250  0.006951904
1420.595312500  0.006888207
1420.599218750  0.006993365
1420.603125000  0.006957542
1420.607031250  0.006953323
1420.610937500  0.006918621
1420.614843750  0.006976502
1420.618750000  0.006940821
1420.622656250  0.007012395
1420.626562500  0.007016006
1420.630468750  0.007027791
1420.634375000  0.006973969
1420.638281250  0.007052308
1420.642187500  0.006995856
1420.646093750  0.006991282
1420.650000000  0.006943459
1420.653906250  0.006889378
1420.657812500  0.007017996
1420.661718750  0.006966850
1420.665625000  0.006980838
1420.669531250  0.007057084
1420.673437500  0.006952884
1420.677343750  0.006975937
1420.681250000  0.007006758
1420.685156250  0.006983595
1420.689062500  0.007062833
1420.692968750  0.006950412
1420.696875000  0.006989985
1420.700781250  0.006969134
1420.704687500  0.007025090
1420.708593750  0.006971796
1420.712500000  0.007013913
1420.716406250  0.006964647
1420.720312500  0.006930191
1420.724218750  0.006918904
1420.728125000  0.006934708
1420.732031250  0.006979439
1420.735937500  0.007039027
1420.739843750  0.006985622
1420.743750000  0.007012782
1420.747656250  0.007013581
1420.751562500  0.006947896
1420.755468750  0.007032742
1420.759375000  0.006973221
1420.763281250  0.006973350
1420.767187500  0.006910329
1420.771093750  0.007017032
1420.775000000  0.007003175
1420.778906250  0.007003201
1420.782812500  0.006984803
1420.786718750  0.006987689
1420.790625000  0.006930684
1420.794531250  0.006986186
1420.798437500  0.007019722
1420.802343750  0.006996787
1420.806250000  0.007030012
1420.810156250  0.007028465
1420.814062500  0.007022852
1420.817968750  0.006996126
1420.821875000  0.007036630
1420.825781250  0.007055754
1420.829687500  0.007026309
1420.833593750  0.007026407
1420.837500000  0.006992882
1420.841406250  0.007050319
1420.845312500  0.007018557
1420.849218750  0.006933736
1420.853125000  0.006972916
1420.857031250  0.007014965
1420.860937500  0.007006078
1420.864843750  0.006977514
1420.868750000  0.007004606
1420.872656250  0.007059226
1420.876562500  0.007053161
1420.880468750  0.007023365
1420.884375000  0.007062991
1420.888281250  0.006997443
1420.892187500  0.006929292
1420.896093750  0.006943303
1420.900000000  0.007061043
1420.903906250  0.006970133
1420.907812500  0.007003119
1420.911718750  0.007084341
1420.915625000  0.006999925
1420.919531250  0.007093962
1420.923437500  0.007015336
1420.927343750  0.006995251
1420.931250000  0.007020146
1420.935156250  0.007002335
1420.939062500  0.007089336
1420.942968750  0.007008953
1420.946875000  0.007067592
1420.950781250  0.007074174
1420.954687500  0.007030363
1420.958593750  0.007083638
1420.962500000  0.007025174
1420.966406250  0.007036966
1420.970312500  0.007088621
1420.974218750  0.007063239
1420.978125000  0.007023386
1420.982031250  0.007058204
1420.985937500  0.007079219
1420.989843750  0.007054241
1420.993750000  0.007082621
1420.997656250  0.007086134
1421.001562500  0.007106170
1421.005468750  0.007054428
1421.009375000  0.007061645
1421.013281250  0.007086357
1421.017187500  0.007085818
1421.021093750  0.007103188
1421.025000000  0.007073785
1421.028906250  0.007000384
1421.032812500  0.007026723
1421.036718750  0.007060159
1421.040625000  0.007092574
1421.044531250  0.007111712
1421.048437500  0.007091568
1421.052343750  0.007066317
1421.056250000  0.007054736
1421.060156250  0.007048299
1421.064062500  0.007034417
1421.067968750  0.007077953
1421.071875000  0.007088528
1421.075781250  0.007116271
1421.079687500  0.007000598
1421.083593750  0.007079645
1421.087500000  0.007058483
1421.091406250  0.007008060
1421.095312500  0.007018382
1421.099218750  0.007062661
1421.103125000  0.007154730
1421.107031250  0.007114413
1421.110937500  0.007067456
1421.114843750  0.007087988
1421.118750000  0.007083153
1421.122656250  0.007080819
1421.126562500  0.007075097
1421.130468750  0.007104385
1421.134375000  0.007113805
1421.138281250  0.007047707
1421.142187500  0.007052207
1421.146093750  0.007131283
1421.150000000  0.007127039
1421.153906250  0.007105252
1421.157812500  0.007162510
1421.161718750  0.007101273
1421.165625000  0.007138158
1421.169531250  0.007161083
1421.173437500  0.007152024
1421.177343750  0.007182411
1421.181250000  0.006994295
1421.185156250  0.007111806
1421.189062500  0.007136088
1421.192968750  0.007169397
1421.196875000  0.007123238
1421.200781250  0.007110566
1421.204687500  0.007106164
1421.208593750  0.007100274
1421.212500000  0.007125248
1421.216406250  0.007151053
1421.220312500  0.007147476
1421.224218750  0.007139476
1421.228125000  0.007039019
1421.232031250  0.007152065
1421.235937500  0.007101068
1421.239843750  0.007064939
1421.243750000  0.007140965
1421.247656250  0.007119690
1421.251562500  0.007110906
1421.255468750  0.007168768
1421.259375000  0.007111494
1421.263281250  0.007124837
1421.267187500  0.007045168
1421.271093750  0.007094400
1421.275000000  0.007153899
1421.278906250  0.007153020
1421.282812500  0.007169942
1421.286718750  0.007135636
1421.290625000  0.007114567
1421.294531250  0.007154706
1421.298437500  0.007092877
1421.302343750  0.007128332
1421.306250000  0.007172700
1421.310156250  0.007091212
1421.314062500  0.007092426
1421.317968750  0.007130402
1421.321875000  0.007179234
1421.325781250  0.007124125
1421.329687500  0.007219073
1421.333593750  0.007157097
1421.337500000  0.007102510
1421.341406250  0.007193303
1421.345312500  0.007141171
1421.349218750  0.007182090
1421.353125000  0.007157698
1421.357031250  0.007186233
1421.360937500  0.007156930
1421.364843750  0.007162387
1421.368750000  0.007165433
1421.372656250  0.007224773
1421.376562500  0.007149669
1421.380468750  0.007173440
1421.384375000  0.007158947
1421.388281250  0.007193327
1421.392187500  0.007213950
1421.396093750  0.007157131
1421.400000000  0.007197012
1421.403906250  0.007251228
1421.407812500  0.007205109
1421.411718750  0.007193282
1421.415625000  0.007250169
1421.419531250  0.007171260
1421.423437500  0.007179661
1421.427343750  0.007154793
1421.431250000  0.007178822
1421.435156250  0.007167219
1421.439062500  0.007136450
1421.442968750  0.007164136
1421.446875000  0.007188182
1421.450781250  0.007216152
1421.454687500  0.007188197
1421.458593750  0.007162114
1421.462500000  0.007221364
1421.466406250  0.007253326
1421.470312500  0.007228156
1421.474218750  0.007247489
1421.478125000  0.007248005
1421.482031250  0.007184791
1421.485937500  0.007228055
1421.489843750  0.007240518
1421.493750000  0.007175478
1421.497656250  0.007144745
1421.501562500  0.007194900
1421.505468750  0.007142776
1421.509375000  0.007242455
1421.513281250  0.007163633
1421.517187500  0.007179115
1421.521093750  0.007238401
1421.525000000  0.007184722
1421.528906250  0.007227416
1421.532812500  0.007272104
1421.536718750  0.007180774
1421.540625000  0.007236535
1421.544531250  0.007237876
1421.548437500  0.007233197
1421.552343750  0.007314111
1421.556250000  0.007229348
1421.560156250  0.007292207
1421.564062500  0.007180927
1421.567968750  0.007209128
1421.571875000  0.007253554
1421.575781250  0.007284818
1421.579687500  0.007231056
1421.583593750  0.007278535
1421.587500000  0.007241868
1421.591406250  0.007220861
1421.595312500  0.007221736
1421.599218750  0.007197692
1421.603125000  0.007236827
1421.607031250  0.007178500
1421.610937500  0.007264242
1421.614843750  0.007259666
1421.618750000  0.007164371
1421.622656250  0.007184818
1421.626562500  0.007244918
1421.630468750  0.007272330
1421.634375000  0.007219522
1421.638281250  0.007207538
1421.642187500  0.007161785
1421.646093750  0.007279179
1421.650000000  0.007241621
1421.653906250  0.007267688
1421.657812500  0.007227391
1421.661718750  0.007290855
1421.665625000  0.007207006
1421.669531250  0.007203604
1421.673437500  0.007323204
1421.677343750  0.007240192
1421.681250000  0.007163166
1421.685156250  0.007241876
1421.689062500  0.007190216
1421.692968750  0.007246708
1421.696875000  0.007279397
1421.700781250  0.007281157
1421.704687500  0.007284634
1421.708593750  0.007292321
1421.712500000  0.007230946
1421.716406250  0.007219501
1421.720312500  0.007277801
1421.724218750  0.007283651
1421.728125000  0.007248843
1421.732031250  0.007208415
1421.735937500  0.007209507
1421.739843750  0.007367652
1421.743750000  0.007297001
1421.747656250  0.007222397
1421.751562500  0.007247408
1421.755468750  0.007271070
1421.759375000  0.007259575
1421.763281250  0.007298368
1421.767187500  0.007326095
1421.771093750  0.007307291
1421.775000000  0.007278309
1421.778906250  0.007177385
1421.782812500  0.007277811
1421.786718750  0.007272625
1421.790625000  0.007274969
1421.794531250  0.007206816
1421.798437500  0.007293471
1421.802343750  0.007276934
1421.806250000  0.007228292
1421.810156250  0.007278332
1421.814062500  0.007295835
1421.817968750  0.007276456
1421.821875000  0.007301498
1421.825781250  0.007313865
1421.829687500  0.007322104
1421.833593750  0.007299803
1421.837500000  0.007300447
1421.841406250  0.007277459
1421.845312500  0.007231077
1421.849218750  0.007325467
1421.853125000  0.007414548
1421.857031250  0.007292002
1421.860937500  0.007194294
1421.864843750  0.007264319
1421.868750000  0.007242418
1421.872656250  0.007301439
1421.876562500  0.007303518
1421.880468750  0.007317874
1421.884375000  0.007366205
1421.888281250  0.007295050
1421.892187500  0.007311618
1421.896093750  0.007331525
1421.900000000  0.007330048
1421.903906250  0.007255125
1421.907812500  0.007278083
1421.911718750  0.007355445
1421.915625000  0.007330662
1421.919531250  0.007300953
1421.923437500  0.007267960
1421.927343750  0.007307255
1421.931250000  0.007287709
1421.935156250  0.007333312
1421.939062500  0.007342798
1421.942968750  0.007332602
1421.946875000  0.007320539
1421.950781250  0.007292760
1421.954687500  0.007305173
1421.958593750  0.007258854
1421.962500000  0.007346629
1421.966406250  0.007302557
1421.970312500  0.007327986
1421.974218750  0.007370363
1421.978125000  0.007257366
1421.982031250  0.007430530
1421.985937500  0.007357043
1421.989843750  0.007345878
1421.993750000  0.007314784
1421.997656250  0.007365294
1422.001562500  0.007398837
1422.005468750  0.007323912
1422.009375000  0.007411369
1422.013281250  0.007271004
1422.017187500  0.007357131
1422.021093750  0.007361492
1422.025000000  0.007391533
1422.028906250  0.007351122
1422.032812500  0.007278173
1422.036718750  0.007336468
1422.040625000  0.007293620
1422.044531250  0.007405960
1422.048437500  0.007360295
1422.052343750  0.007339911
1422.056250000  0.007409342
1422.060156250  0.007352973
1422.064062500  0.007359047
1422.067968750  0.007313026
1422.071875000  0.007301303
1422.075781250  0.007286468
1422.079687500  0.007301838
1422.083593750  0.007344677
1422.087500000  0.007346166
1422.091406250  0.007345083
1422.095312500  0.007293260
1422.099218750  0.007310869
1422.103125000  0.007376162
1422.107031250  0.007401898
1422.110937500  0.007361648
1422.114843750  0.007305364
1422.118750000  0.007327288
1422.122656250  0.007393271
1422.126562500  0.007381002
1422.130468750  0.007351018
1422.134375000  0.007320757
1422.138281250  0.007357892
1422.142187500  0.007416383
1422.146093750  0.007398740
1422.150000000  0.007387645
1422.153906250  0.007650931
1422.157812500  0.007397620
1422.161718750  0.007415229
1422.165625000  0.007355083
1422.169531250  0.007393527
1422.173437500  0.007401212
1422.177343750  0.007410660
1422.181250000  0.007326303
1422.185156250  0.007369783
1422.189062500  0.007349599
1422.192968750  0.007348018
1422.196875000  0.007384194
1422.200781250  0.007531300
1422.204687500  0.007480567
1422.208593750  0.007430416
1422.212500000  0.007364751
1422.216406250  0.007397909
1422.220312500  0.007375821
1422.224218750  0.007380042
1422.228125000  0.007365286
1422.232031250  0.007419623
1422.235937500  0.007379518
1422.239843750  0.007343711
1422.243750000  0.007438535
1422.247656250  0.007480099
1422.251562500  0.007447192
1422.255468750  0.007451747
1422.259375000  0.007360028
1422.263281250  0.007387360
1422.267187500  0.007441324
1422.271093750  0.007408137
1422.275000000  0.007417659
1422.278906250  0.007384073
1422.282812500  0.007374318
1422.286718750  0.007361860
1422.290625000  0.007438925
1422.294531250  0.007386932
1422.298437500  0.007540063
1422.302343750  0.007469011
1422.306250000  0.007332132
1422.310156250  0.007403124
1422.314062500  0.007389941
1422.317968750  0.007395203
1422.321875000  0.007409281
1422.325781250  0.007428665
1422.329687500  0.007402394
1422.333593750  0.007441137
1422.337500000  0.007356743
1422.341406250  0.007445624
1422.345312500  0.008075570
1422.349218750  0.007397137
1422.353125000  0.007407104
1422.357031250  0.007397798
1422.360937500  0.007353075
1422.364843750  0.007380793
1422.368750000  0.007362844
1422.372656250  0.007386990
1422.376562500  0.007391203
1422.380468750  0.007468897
1422.384375000  0.007414900
1422.388281250  0.007472318
1422.392187500  0.007790388
1422.396093750  0.007581093
1422.400000000  0.007473194
1422.403906250  0.007423093
1422.407812500  0.007432997
1422.411718750  0.007449220
1422.415625000  0.007379322
1422.419531250  0.007464698
1422.423437500  0.007479296
1422.427343750  0.007424378
1422.431250000  0.007416320
1422.435156250  0.007424229
1422.439062500  0.007519939
1422.442968750  0.007612599
1422.446875000  0.007472939
1422.450781250  0.007461184
1422.454687500  0.007477911
1422.458593750  0.007414547
1422.462500000  0.007466369
1422.466406250  0.007385708
1422.470312500  0.007421249
1422.474218750  0.007460538
1422.478125000  0.007413031
1422.482031250  0.007428495
1422.485937500  0.007474494
1422.489843750  0.007492241
1422.493750000  0.007453285
1422.497656250  0.007452900
1422.501562500  0.007450802
1422.505468750  0.007467206
1422.509375000  0.007493989
1422.513281250  0.007451698
1422.517187500  0.007455457
1422.521093750  0.007494077
1422.525000000  0.007423945
1422.528906250  0.007516581
1422.532812500  0.007444043
1422.536718750  0.007705166
1422.540625000  0.007559943
1422.544531250  0.007464637
1422.548437500  0.007416248
1422.552343750  0.007436457
1422.556250000  0.007423940
1422.560156250  0.007462650
1422.564062500  0.007528862
1422.567968750  0.007473421
1422.571875000  0.007477386
1422.575781250  0.007531180
1422.579687500  0.007528051
1422.583593750  0.007532978
1422.587500000  0.007605193
1422.591406250  0.007555697
1422.595312500  0.007496763
1422.599218750  0.007446235
1422.603125000  0.007489287
1422.607031250  0.007394012
1422.610937500  0.007456704
1422.614843750  0.007470118
1422.618750000  0.007452104
1422.622656250  0.007497450
1422.626562500  0.007550131
1422.630468750  0.007538618
1422.634375000  0.007704871
1422.638281250  0.007453553
1422.642187500  0.007491482
1422.646093750  0.007525555
1422.650000000  0.007484620
1422.653906250  0.007496740
1422.657812500  0.007465014
1422.661718750  0.007540115
1422.665625000  0.007483593
1422.669531250  0.007442103
1422.673437500  0.007567530
1422.677343750  0.007453656
1422.681250000  0.007545127
1422.685156250  0.007489188
1422.689062500  0.007476392
1422.692968750  0.007488120
1422.696875000  0.007498338
1422.700781250  0.007475013
1422.704687500  0.007468391
1422.708593750  0.007472561
1422.712500000  0.007428787
1422.716406250  0.007503922
1422.720312500  0.007469185
1422.724218750  0.007504543
1422.728125000  0.007501907
1422.732031250  0.007496943
1422.735937500  0.007474353
1422.739843750  0.007507673
1422.743750000  0.007445526
1422.747656250  0.007478934
1422.751562500  0.007483585
1422.755468750  0.007524002
1422.759375000  0.007503454
1422.763281250  0.007523935
1422.767187500  0.007514474
1422.771093750  0.007508913
1422.775000000  0.007525373
1422.778906250  0.007549685
1422.782812500  0.007466945
1422.786718750  0.007467324
1422.790625000  0.007437534
1422.794531250  0.007526624
1422.798437500  0.007541419
1422.802343750  0.007448614
1422.806250000  0.007541196
1422.810156250  0.007443465
1422.814062500  0.007501082
1422.817968750  0.007539561
1422.821875000  0.007422945
1422.825781250  0.007431492
1422.829687500  0.007521317
1422.833593750  0.007530978
1422.837500000  0.007471820
1422.841406250  0.007548177
1422.845312500  0.007514242
1422.849218750  0.007368458
1422.853125000  0.007442023
1422.857031250  0.007509557
1422.860937500  0.007456307
1422.864843750  0.007464905
1422.868750000  0.007501907
1422.872656250  0.007458996
1422.876562500  0.007506835
1422.880468750  0.007457827
1422.884375000  0.007465311
1422.888281250  0.007515696
1422.892187500  0.007501350
1422.896093750  0.007472289
1422.900000000  0.007494721
1422.903906250  0.007483106
1422.907812500  0.007491088
1422.911718750  0.007512592
1422.915625000  0.007467720
1422.919531250  0.007426361
1422.923437500  0.007425198
1422.927343750  0.007575555
1422.931250000  0.007509400
1422.935156250  0.007444173
1422.939062500  0.007458441
1422.942968750  0.007548697
1422.946875000  0.007481170
1422.950781250  0.007505409
1422.954687500  0.007548930
1422.958593750  0.007459789
1422.962500000  0.007498332
1422.966406250  0.007515859
1422.970312500  0.007485268
1422.974218750  0.007521554
1422.978125000  0.007484986
1422.982031250  0.007552447
1422.985937500  0.007501618
1422.989843750  0.007486981
1422.993750000  0.007510802
1422.997656250  0.007523978
1423.001562500  0.007408580
1423.005468750  0.007523846
1423.009375000  0.007513902
1423.013281250  0.007540821
1423.017187500  0.007506342
1423.021093750  0.007482228
1423.025000000  0.007515625
1423.028906250  0.007510744
1423.032812500  0.007515729
1423.036718750  0.007524171
1423.040625000  0.007605653
1423.044531250  0.007548455
1423.048437500  0.007482088
1423.052343750  0.007568817
1423.056250000  0.007547745
1423.060156250  0.007499817
1423.064062500  0.007530490
1423.067968750  0.007542853
1423.071875000  0.007532048
1423.075781250  0.007559506
1423.079687500  0.007611920
1423.083593750  0.007542711
1423.087500000  0.007511012
1423.091406250  0.007555439
1423.095312500  0.007562811
1423.099218750  0.007491058
1423.103125000  0.007507147
1423.107031250  0.007556882
1423.110937500  0.007549974
1423.114843750  0.007564736
1423.118750000  0.007528617
1423.122656250  0.007521210
1423.126562500  0.007414240
1423.130468750  0.007573630
1423.134375000  0.007506742
1423.138281250  0.007589167
1423.142187500  0.007473386
1423.146093750  0.007541865
1423.150000000  0.007555926
1423.153906250  0.007522394
1423.157812500  0.007484280
1423.161718750  0.007632879
1423.165625000  0.007606125
1423.169531250  0.007452868
1423.173437500  0.007494147
1423.177343750  0.007469115
1423.181250000  0.007569973
1423.185156250  0.007532245
1423.189062500  0.007549914
1423.192968750  0.007538571
1423.196875000  0.007606668
1423.200781250  0.007622267
1423.204687500  0.007529123
1423.208593750  0.007597332
1423.212500000  0.007551496
1423.216406250  0.007624627
1423.220312500  0.007523907
1423.224218750  0.007544127
1423.228125000  0.007608745
1423.232031250  0.007591698
1423.235937500  0.007610221
1423.239843750  0.007605999
1423.243750000  0.007546698
1423.247656250  0.007576099
1423.251562500  0.007539075
1423.255468750  0.007598311
1423.259375000  0.007559213
1423.263281250  0.007615447
1423.267187500  0.007622945
1423.271093750  0.007613129
1423.275000000  0.007581373
1423.278906250  0.007583816
1423.282812500  0.007556790
1423.286718750  0.007613035
1423.290625000  0.007618141
1423.294531250  0.007588628
1423.298437500  0.007594516
1423.302343750  0.007562948
1423.306250000  0.007566424
1423.310156250  0.007596910
1423.314062500  0.007491543
1423.317968750  0.007478061
1423.321875000  0.007614980
1423.325781250  0.007566432
1423.329687500  0.007652641
1423.333593750  0.007554941
1423.337500000  0.007585892
1423.341406250  0.007514265
1423.345312500  0.007591205
1423.349218750  0.007609768
1423.353125000  0.007607261
1423.357031250  0.007529127
1423.360937500  0.007597953
1423.364843750  0.007576906
1423.368750000  0.007602120
1423.372656250  0.007597782
1423.376562500  0.007594908
1423.380468750  0.007557026
1423.384375000  0.007624678
1423.388281250  0.007587890
1423.392187500  0.007637925
1423.396093750  0.007607402
1423.400000000  0.007518257
1423.403906250  0.007659810
1423.407812500  0.007637111
1423.411718750  0.007633411
1423.415625000  0.007675814
1423.419531250  0.007643690
1423.423437500  0.007628314
1423.427343750  0.007590422
1423.431250000  0.007673691
1423.435156250  0.007702600
1423.439062500  0.007635388
1423.442968750  0.007710227
1423.446875000  0.007582705
1423.450781250  0.007721629
1423.454687500  0.007660276
1423.458593750  0.007699556
1423.462500000  0.007672236
1423.466406250  0.007644698
1423.470312500  0.007616435
1423.474218750  0.007644939
1423.478125000  0.007671826
1423.482031250  0.007662012
1423.485937500  0.007676913
1423.489843750  0.007712457
1423.493750000  0.007623235
1423.497656250  0.007732695
1423.501562500  0.007666475
1423.505468750  0.007695422
1423.509375000  0.007729918
1423.513281250  0.007693446
1423.517187500  0.007693892
1423.521093750  0.007738537
1423.525000000  0.007721811
1423.528906250  0.007725347
1423.532812500  0.007752193
1423.536718750  0.007689371
1423.540625000  0.007717882
1423.544531250  0.007672670
1423.548437500  0.007721497
1423.552343750  0.007700965
1423.556250000  0.007655710
1423.560156250  0.007679630
1423.564062500  0.007698261
1423.567968750  0.007712333
1423.571875000  0.007729830
1423.575781250  0.007700486
1423.579687500  0.007694581
1423.583593750  0.007694179
1423.587500000  0.007700212
1423.591406250  0.007698425
1423.595312500  0.007690320
1423.599218750  0.007784153
1423.603125000  0.007656619
1423.607031250  0.007771173
1423.610937500  0.007717260
1423.614843750  0.007821546
1423.618750000  0.007732364
1423.622656250  0.007778651
1423.626562500  0.007867231
1423.630468750  0.007782229
1423.634375000  0.007766363
1423.638281250  0.007732859
1423.642187500  0.007825775
1423.646093750  0.007830287
1423.650000000  0.007788175
1423.653906250  0.007829922
1423.657812500  0.007882910
1423.661718750  0.007850575
1423.665625000  0.007784091
1423.669531250  0.007828141
1423.673437500  0.007770886
1423.677343750  0.007856757
1423.681250000  0.007868070
1423.685156250  0.007873524
1423.689062500  0.007869460
1423.692968750  0.007895160
1423.696875000  0.007882941
1423.700781250  0.007883590
1423.704687500  0.007816742
1423.708593750  0.007920274
1423.712500000  0.007881715
1423.716406250  0.007875307
1423.720312500  0.007878863
1423.724218750  0.007831616
1423.728125000  0.007828142
1423.732031250  0.007806786
1423.735937500  0.007874265
1423.739843750  0.007835096
1423.743750000  0.007916579
1423.747656250  0.007826686
1423.751562500  0.007842789
1423.755468750  0.007868208
1423.759375000  0.007883766
1423.763281250  0.007859196
1423.767187500  0.007847343
1423.771093750  0.007866655
1423.775000000  0.007902336
1423.778906250  0.007953727
1423.782812500  0.007904547
1423.786718750  0.007815858
1423.790625000  0.007865145
1423.794531250  0.007903259
1423.798437500  0.007913887
1423.802343750  0.007886624
1423.806250000  0.007867837
1423.810156250  0.007866961
1423.814062500  0.007914989
1423.817968750  0.007977062
1423.821875000  0.007862198
1423.825781250  0.007903059
1423.829687500  0.007921388
1423.833593750  0.007894236
1423.837500000  0.007918218
1423.841406250  0.007961639
1423.845312500  0.007969784
1423.849218750  0.008013628
1423.853125000  0.007897099
1423.857031250  0.007929951
1423.860937500  0.007929482
1423.864843750  0.007984244
1423.868750000  0.008009071
1423.872656250  0.007989605
1423.876562500  0.007949268
1423.880468750  0.007965416
1423.884375000  0.007950545
1423.888281250  0.008017618
1423.892187500  0.008006627
1423.896093750  0.008007261
1423.900000000  0.007913035
1423.903906250  0.008006879
1423.907812500  0.007945036
1423.911718750  0.007986888
1423.915625000  0.007983004
1423.919531250  0.007972070
1423.923437500  0.008011735
1423.927343750  0.007989224
1423.931250000  0.007975854
1423.935156250  0.007957327
1423.939062500  0.008064889
1423.942968750  0.008118150
1423.946875000  0.008039559
1423.950781250  0.008087470
1423.954687500  0.007994806
1423.958593750  0.008097906
1423.962500000  0.008017651
1423.966406250  0.008109246
1423.970312500  0.008076908
1423.974218750  0.008035353
1423.978125000  0.008009669
1423.982031250  0.008145009
1423.985937500  0.008797566
1423.989843750  0.008622922
1423.993750000  0.008115534
1423.997656250  0.008192151
1424.001562500  0.008226111
1424.005468750  0.008061379
1424.009375000  0.008157469
1424.013281250  0.008099910
1424.017187500  0.008097153
1424.021093750  0.008103027
1424.025000000  0.008047518
1424.028906250  0.008107902
1424.032812500  0.008066909
1424.036718750  0.008129717
1424.040625000  0.008064600
1424.044531250  0.008080890
1424.048437500  0.008157395
1424.052343750  0.008072807
1424.056250000  0.008099677
1424.060156250  0.008216086
1424.064062500  0.008078619
1424.067968750  0.008107162
1424.071875000  0.008107210
1424.075781250  0.008104636
1424.079687500  0.008136222
1424.083593750  0.008139474
1424.087500000  0.008154974
1424.091406250  0.008108948
1424.095312500  0.008173300
1424.099218750  0.008156950
1424.103125000  0.008169044
1424.107031250  0.008130403
1424.110937500  0.008101196
1424.114843750  0.008195921
1424.118750000  0.008140954
1424.122656250  0.008214956
1424.126562500  0.008111332
1424.130468750  0.008173574
1424.134375000  0.008192108
1424.138281250  0.008153481
1424.142187500  0.008221415
1424.146093750  0.008163865
1424.150000000  0.008192619
1424.153906250  0.008220683
1424.157812500  0.008180859
1424.161718750  0.008227333
1424.165625000  0.008163324
1424.169531250  0.008237441
1424.173437500  0.008184214
1424.177343750  0.008185247
1424.181250000  0.008209340
1424.185156250  0.008256086
1424.189062500  0.008226225
1424.192968750  0.008117748
1424.196875000  0.008241320
1424.200781250  0.008548896
1424.204687500  0.008310943
1424.208593750  0.008227523
1424.212500000  0.008290571
1424.216406250  0.008281327
1424.220312500  0.008205292
1424.224218750  0.008312784
1424.228125000  0.008286630
1424.232031250  0.008203974
1424.235937500  0.008239560
1424.239843750  0.008161573
1424.243750000  0.008282356
1424.247656250  0.008364020
1424.251562500  0.008447500
1424.255468750  0.008349673
1424.259375000  0.008260785
1424.263281250  0.008281003
1424.267187500  0.008250021
1424.271093750  0.008209686
1424.275000000  0.008255465
1424.278906250  0.008301985
1424.282812500  0.008264455
1424.286718750  0.008216575
1424.290625000  0.008283822
1424.294531250  0.008226230
1424.298437500  0.008346201
1424.302343750  0.008220165
1424.306250000  0.008264929
1424.310156250  0.008272821
1424.314062500  0.008199024
1424.317968750  0.008286012
1424.321875000  0.008329580
1424.325781250  0.008214233
1424.329687500  0.008322765
1424.333593750  0.008233276
1424.337500000  0.008209114
1424.341406250  0.008267454
1424.345312500  0.008207184
1424.349218750  0.008241986
1424.353125000  0.008215434
1424.357031250  0.008205071
1424.360937500  0.008262394
1424.364843750  0.008220301
1424.368750000  0.008180112
1424.372656250  0.008263755
1424.376562500  0.008175556
1424.380468750  0.008313430
1424.384375000  0.008201574
1424.388281250  0.008251825
1424.392187500  0.008331143
1424.396093750  0.008298953

