2000(10000)
1416.400000000  0.007618105
1416.403906250  0.007567222
1416.407812500  0.007479930
1416.411718750  0.007496322
1416.415625000  0.007604407
1416.419531250  0.007554881
1416.423437500  0.007530832
1416.427343750  0.007524463
1416.431250000  0.007511681
1416.435156250  0.007476076
1416.439062500  0.007592740
1416.442968750  0.007718354
1416.446875000  0.007523510
1416.450781250  0.007507992
1416.454687500  0.007430600
1416.458593750  0.007485002
1416.462500000  0.007513957
1416.466406250  0.007584110
1416.470312500  0.007436535
1416.474218750  0.007512373
1416.478125000  0.007459560
1416.482031250  0.007527178
1416.485937500  0.007518841
1416.489843750  0.007605712
1416.493750000  0.007517881
1416.497656250  0.007423643
1416.501562500  0.007460858
1416.505468750  0.007401187
1416.509375000  0.007440440
1416.513281250  0.007459723
1416.517187500  0.007417957
1416.521093750  0.007416654
1416.525000000  0.007426493
1416.528906250  0.007489974
1416.532812500  0.007504635
1416.536718750  0.007505534
1416.540625000  0.007506458
1416.544531250  0.007462095
1416.548437500  0.007363988
1416.552343750  0.007472892
1416.556250000  0.007463351
1416.560156250  0.007461045
1416.564062500  0.007392898
1416.567968750  0.007427466
1416.571875000  0.007474791
1416.575781250  0.007396274
1416.579687500  0.007436990
1416.583593750  0.007465267
1416.587500000  0.007457761
1416.591406250  0.007514719
1416.595312500  0.007437459
1416.599218750  0.007449166
1416.603125000  0.007356311
1416.607031250  0.007366935
1416.610937500  0.007384775
1416.614843750  0.007416793
1416.618750000  0.007410891
1416.622656250  0.007395890
1416.626562500  0.007478538
1416.630468750  0.007387712
1416.634375000  0.007419728
1416.638281250  0.007449836
1416.642187500  0.007457669
1416.646093750  0.007593868
1416.650000000  0.007652011
1416.653906250  0.007569679
1416.657812500  0.007450424
1416.661718750  0.007361059
1416.665625000  0.007371596
1416.669531250  0.007300656
1416.673437500  0.007343624
1416.677343750  0.007390769
1416.681250000  0.007335250
1416.685156250  0.007250783
1416.689062500  0.007334664
1416.692968750  0.007278100
1416.696875000  0.007407629
1416.700781250  0.007546683
1416.704687500  0.007477773
1416.708593750  0.007298166
1416.712500000  0.007411148
1416.716406250  0.007314367
1416.720312500  0.007369379
1416.724218750  0.007320119
1416.728125000  0.007324701
1416.732031250  0.007258997
1416.735937500  0.007329214
1416.739843750  0.007254684
1416.743750000  0.007238561
1416.747656250  0.007343761
1416.751562500  0.007314163
1416.755468750  0.007596606
1416.759375000  0.007544256
1416.763281250  0.007306099
1416.767187500  0.007320416
1416.771093750  0.007322226
1416.775000000  0.007331350
1416.778906250  0.007303554
1416.782812500  0.007252719
1416.786718750  0.007336454
1416.790625000  0.007174104
1416.794531250  0.007292842
1416.798437500  0.007279407
1416.802343750  0.007318952
1416.806250000  0.007440086
1416.810156250  0.008251101
1416.814062500  0.007956029
1416.817968750  0.007444475
1416.821875000  0.007240917
1416.825781250  0.007266773
1416.829687500  0.007247819
1416.833593750  0.007243244
1416.837500000  0.007322381
1416.841406250  0.007202328
1416.845312500  0.007267952
1416.849218750  0.007297966
1416.853125000  0.007409690
1416.857031250  0.007668499
1416.860937500  0.008297237
1416.864843750  0.014656922
1416.868750000  0.014333949
1416.872656250  0.008245441
1416.876562500  0.007593809
1416.880468750  0.007437343
1416.884375000  0.007352344
1416.888281250  0.007226448
1416.892187500  0.007249237
1416.896093750  0.007200780
1416.900000000  0.007221458
1416.903906250  0.007209113
1416.907812500  0.007190531
1416.911718750  0.007260996
1416.915625000  0.007289473
1416.919531250  0.008242554
1416.923437500  0.008073358
1416.927343750  0.007224372
1416.931250000  0.007100278
1416.935156250  0.007108569
1416.939062500  0.007141564
1416.942968750  0.007140740
1416.946875000  0.007013947
1416.950781250  0.007034451
1416.954687500  0.007038628
1416.958593750  0.007079214
1416.962500000  0.007092328
1416.966406250  0.007074554
1416.970312500  0.007138761
1416.974218750  0.007654915
1416.978125000  0.007639390
1416.982031250  0.007139862
1416.985937500  0.007138843
1416.989843750  0.007064939
1416.993750000  0.007102591
1416.997656250  0.007432680
1417.001562500  0.007954190
1417.005468750  0.007140302
1417.009375000  0.007070269
1417.013281250  0.007034106
1417.017187500  0.007085918
1417.021093750  0.006967612
1417.025000000  0.007052135
1417.028906250  0.007322313
1417.032812500  0.007443252
1417.036718750  0.007072473
1417.040625000  0.006983118
1417.044531250  0.007033899
1417.048437500  0.007001380
1417.052343750  0.006990570
1417.056250000  0.006985405
1417.060156250  0.006995427
1417.064062500  0.006949871
1417.067968750  0.007016836
1417.071875000  0.006977989
1417.075781250  0.007037330
1417.079687500  0.007274996
1417.083593750  0.007268506
1417.087500000  0.007306341
1417.091406250  0.006970472
1417.095312500  0.006999381
1417.099218750  0.006981248
1417.103125000  0.006926931
1417.107031250  0.006963984
1417.110937500  0.007037450
1417.114843750  0.006947394
1417.118750000  0.006961905
1417.122656250  0.006937544
1417.126562500  0.006915759
1417.130468750  0.006882212
1417.134375000  0.006889341
1417.138281250  0.006966304
1417.142187500  0.007003522
1417.146093750  0.006893553
1417.150000000  0.006887747
1417.153906250  0.006806039
1417.157812500  0.006887583
1417.161718750  0.006854434
1417.165625000  0.006915113
1417.169531250  0.006830539
1417.173437500  0.006798470
1417.177343750  0.006861607
1417.181250000  0.006874464
1417.185156250  0.006881607
1417.189062500  0.006843161
1417.192968750  0.006899648
1417.196875000  0.007027230
1417.200781250  0.006862351
1417.204687500  0.006792186
1417.208593750  0.006793320
1417.212500000  0.006771103
1417.216406250  0.006755103
1417.220312500  0.006788435
1417.224218750  0.006801927
1417.228125000  0.006825844
1417.232031250  0.006778408
1417.235937500  0.006721736
1417.239843750  0.006803190
1417.243750000  0.006806677
1417.247656250  0.006859035
1417.251562500  0.006889958
1417.255468750  0.006789458
1417.259375000  0.006812354
1417.263281250  0.006766526
1417.267187500  0.006772870
1417.271093750  0.006696800
1417.275000000  0.006795300
1417.278906250  0.006727425
1417.282812500  0.006775347
1417.286718750  0.006820646
1417.290625000  0.006742479
1417.294531250  0.006775320
1417.298437500  0.006709242
1417.302343750  0.006803422
1417.306250000  0.006766231
1417.310156250  0.006732833
1417.314062500  0.006703026
1417.317968750  0.006672928
1417.321875000  0.006715480
1417.325781250  0.006684759
1417.329687500  0.006710828
1417.333593750  0.006647489
1417.337500000  0.006654399
1417.341406250  0.006761613
1417.345312500  0.006624098
1417.349218750  0.006726406
1417.353125000  0.006733553
1417.357031250  0.006736600
1417.360937500  0.006739372
1417.364843750  0.006707522
1417.368750000  0.006731318
1417.372656250  0.006681357
1417.376562500  0.006713605
1417.380468750  0.006673078
1417.384375000  0.006652687
1417.388281250  0.006717762
1417.392187500  0.006669374
1417.396093750  0.006727062
1417.400000000  0.006663281
1417.403906250  0.006701713
1417.407812500  0.006703484
1417.411718750  0.006768386
1417.415625000  0.006685507
1417.419531250  0.006712760
1417.423437500  0.006630195
1417.427343750  0.006654811
1417.431250000  0.006633650
1417.435156250  0.006622250
1417.439062500  0.006710851
1417.442968750  0.006691184
1417.446875000  0.006680189
1417.450781250  0.006609057
1417.454687500  0.006606961
1417.458593750  0.006605658
1417.462500000  0.006630045
1417.466406250  0.006637280
1417.470312500  0.006639306
1417.474218750  0.006628055
1417.478125000  0.006646559
1417.482031250  0.006649768
1417.485937500  0.006658060
1417.489843750  0.006645395
1417.493750000  0.006659910
1417.497656250  0.006632235
1417.501562500  0.006557993
1417.505468750  0.006623975
1417.509375000  0.006603129
1417.513281250  0.006600504
1417.517187500  0.006619839
1417.521093750  0.006641528
1417.525000000  0.006664209
1417.528906250  0.006588959
1417.532812500  0.006625927
1417.536718750  0.006610172
1417.540625000  0.006609252
1417.544531250  0.006608016
1417.548437500  0.006590497
1417.552343750  0.006530793
1417.556250000  0.006626060
1417.560156250  0.006605164
1417.564062500  0.006580218
1417.567968750  0.006569980
1417.571875000  0.006571438
1417.575781250  0.006632363
1417.579687500  0.006629980
1417.583593750  0.006591703
1417.587500000  0.006580406
1417.591406250  0.006582214
1417.595312500  0.006558535
1417.599218750  0.006593551
1417.603125000  0.006512586
1417.607031250  0.006592748
1417.610937500  0.006577526
1417.614843750  0.006559209
1417.618750000  0.006599521
1417.622656250  0.006596532
1417.626562500  0.006577896
1417.630468750  0.006600773
1417.634375000  0.006650251
1417.638281250  0.006515305
1417.642187500  0.006557796
1417.646093750  0.006552937
1417.650000000  0.006521368
1417.653906250  0.006500709
1417.657812500  0.006617797
1417.661718750  0.006506217
1417.665625000  0.006560371
1417.669531250  0.006562683
1417.673437500  0.006505835
1417.677343750  0.006583371
1417.681250000  0.006545165
1417.685156250  0.006540495
1417.689062500  0.006576436
1417.692968750  0.006524471
1417.696875000  0.006500626
1417.700781250  0.006511589
1417.704687500  0.006458397
1417.708593750  0.006531809
1417.712500000  0.006472853
1417.716406250  0.006504548
1417.720312500  0.006522848
1417.724218750  0.006529629
1417.728125000  0.006476227
1417.732031250  0.006479638
1417.735937500  0.006523719
1417.739843750  0.006529610
1417.743750000  0.006611186
1417.747656250  0.006464900
1417.751562500  0.006537000
1417.755468750  0.006465983
1417.759375000  0.006468474
1417.763281250  0.006513292
1417.767187500  0.006499044
1417.771093750  0.006528842
1417.775000000  0.006494369
1417.778906250  0.006524480
1417.782812500  0.006522914
1417.786718750  0.006446380
1417.790625000  0.006506658
1417.794531250  0.006473929
1417.798437500  0.006510525
1417.802343750  0.006530682
1417.806250000  0.006489256
1417.810156250  0.006516365
1417.814062500  0.006514918
1417.817968750  0.006525886
1417.821875000  0.006458106
1417.825781250  0.006493795
1417.829687500  0.006559770
1417.833593750  0.006435484
1417.837500000  0.006474234
1417.841406250  0.006411481
1417.845312500  0.006503489
1417.849218750  0.006434435
1417.853125000  0.006508875
1417.857031250  0.006401468
1417.860937500  0.006499584
1417.864843750  0.006487275
1417.868750000  0.006481848
1417.872656250  0.006462645
1417.876562500  0.006505452
1417.880468750  0.006432520
1417.884375000  0.006406628
1417.888281250  0.006476404
1417.892187500  0.006515193
1417.896093750  0.006379487
1417.900000000  0.006428205
1417.903906250  0.006376341
1417.907812500  0.006429468
1417.911718750  0.006375849
1417.915625000  0.006489252
1417.919531250  0.006455987
1417.923437500  0.006568083
1417.927343750  0.006476063
1417.931250000  0.006488400
1417.935156250  0.006453987
1417.939062500  0.006496875
1417.942968750  0.006482631
1417.946875000  0.006430989
1417.950781250  0.006412661
1417.954687500  0.006377791
1417.958593750  0.006457777
1417.962500000  0.006535028
1417.966406250  0.006406900
1417.970312500  0.006424896
1417.974218750  0.006391314
1417.978125000  0.006444319
1417.982031250  0.006444989
1417.985937500  0.006417853
1417.989843750  0.006429602
1417.993750000  0.006440021
1417.997656250  0.006407697
1418.001562500  0.006434101
1418.005468750  0.006441979
1418.009375000  0.006455707
1418.013281250  0.006399391
1418.017187500  0.006427248
1418.021093750  0.006404016
1418.025000000  0.006365431
1418.028906250  0.006394668
1418.032812500  0.006373187
1418.036718750  0.006376152
1418.040625000  0.006451400
1418.044531250  0.006413874
1418.048437500  0.006428272
1418.052343750  0.006405887
1418.056250000  0.006412111
1418.060156250  0.006366903
1418.064062500  0.006446955
1418.067968750  0.006390826
1418.071875000  0.006464074
1418.075781250  0.006420686
1418.079687500  0.006444574
1418.083593750  0.006390619
1418.087500000  0.006397601
1418.091406250  0.006432810
1418.095312500  0.006482398
1418.099218750  0.006398396
1418.103125000  0.006412209
1418.107031250  0.006425088
1418.110937500  0.006400372
1418.114843750  0.006459953
1418.118750000  0.006388698
1418.122656250  0.006359408
1418.126562500  0.006416339
1418.130468750  0.006471387
1418.134375000  0.006403665
1418.138281250  0.006387802
1418.142187500  0.006376881
1418.146093750  0.006442409
1418.150000000  0.006397792
1418.153906250  0.006414242
1418.157812500  0.006377825
1418.161718750  0.006358713
1418.165625000  0.006408821
1418.169531250  0.006343689
1418.173437500  0.006375085
1418.177343750  0.006340410
1418.181250000  0.006379478
1418.185156250  0.006389808
1418.189062500  0.006408687
1418.192968750  0.006384160
1418.196875000  0.006355821
1418.200781250  0.006404601
1418.204687500  0.006403577
1418.208593750  0.006431932
1418.212500000  0.006278792
1418.216406250  0.006361816
1418.220312500  0.006443413
1418.224218750  0.006347502
1418.228125000  0.006314595
1418.232031250  0.006354764
1418.235937500  0.006356899
1418.239843750  0.006363819
1418.243750000  0.006397336
1418.247656250  0.006342491
1418.251562500  0.006355924
1418.255468750  0.006364788
1418.259375000  0.006365148
1418.263281250  0.006348529
1418.267187500  0.006319415
1418.271093750  0.006430481
1418.275000000  0.006396305
1418.278906250  0.006378955
1418.282812500  0.006326019
1418.286718750  0.006379063
1418.290625000  0.006371023
1418.294531250  0.006387411
1418.298437500  0.006278070
1418.302343750  0.006392924
1418.306250000  0.006361470
1418.310156250  0.006379025
1418.314062500  0.006371895
1418.317968750  0.006376926
1418.321875000  0.006390094
1418.325781250  0.006388224
1418.329687500  0.006430235
1418.333593750  0.006335725
1418.337500000  0.006370995
1418.341406250  0.006360919
1418.345312500  0.006395200
1418.349218750  0.006288261
1418.353125000  0.006307587
1418.357031250  0.006316999
1418.360937500  0.006283007
1418.364843750  0.006392964
1418.368750000  0.006358548
1418.372656250  0.006359427
1418.376562500  0.006365882
1418.380468750  0.006347229
1418.384375000  0.006301490
1418.388281250  0.006348717
1418.392187500  0.006365053
1418.396093750  0.006392249
1418.400000000  0.006396322
1418.403906250  0.006394606
1418.407812500  0.006367690
1418.411718750  0.006326384
1418.415625000  0.006345450
1418.419531250  0.006386063
1418.423437500  0.006413525
1418.427343750  0.006374688
1418.431250000  0.006356907
1418.435156250  0.006351629
1418.439062500  0.006428435
1418.442968750  0.006368529
1418.446875000  0.006353734
1418.450781250  0.006351766
1418.454687500  0.006401010
1418.458593750  0.006345310
1418.462500000  0.006341252
1418.466406250  0.006347910
1418.470312500  0.006360433
1418.474218750  0.006423976
1418.478125000  0.006398231
1418.482031250  0.006335091
1418.485937500  0.006337575
1418.489843750  0.006331701
1418.493750000  0.006358078
1418.497656250  0.006330665
1418.501562500  0.006420057
1418.505468750  0.006304982
1418.509375000  0.006385441
1418.513281250  0.006386795
1418.517187500  0.006366517
1418.521093750  0.006324631
1418.525000000  0.006403356
1418.528906250  0.006338619
1418.532812500  0.006473502
1418.536718750  0.006429075
1418.540625000  0.006322499
1418.544531250  0.006379294
1418.548437500  0.006343981
1418.552343750  0.006375089
1418.556250000  0.006386204
1418.560156250  0.006353660
1418.564062500  0.006301332
1418.567968750  0.006360361
1418.571875000  0.006306087
1418.575781250  0.006389762
1418.579687500  0.006363651
1418.583593750  0.006367701
1418.587500000  0.006374329
1418.591406250  0.006404585
1418.595312500  0.006395446
1418.599218750  0.006359722
1418.603125000  0.006379909
1418.607031250  0.006418431
1418.610937500  0.006387795
1418.614843750  0.006288844
1418.618750000  0.006398379
1418.622656250  0.006379734
1418.626562500  0.006370222
1418.630468750  0.006386419
1418.634375000  0.006422762
1418.638281250  0.006394365
1418.642187500  0.006405907
1418.646093750  0.006364512
1418.650000000  0.006393167
1418.653906250  0.006341491
1418.657812500  0.006372964
1418.661718750  0.006364972
1418.665625000  0.006359867
1418.669531250  0.006422517
1418.673437500  0.006405614
1418.677343750  0.006459434
1418.681250000  0.006374978
1418.685156250  0.006364398
1418.689062500  0.006344081
1418.692968750  0.006394106
1418.696875000  0.006385943
1418.700781250  0.006409965
1418.704687500  0.006357234
1418.708593750  0.006354799
1418.712500000  0.006284756
1418.716406250  0.006361221
1418.720312500  0.006332991
1418.724218750  0.006417343
1418.728125000  0.006373156
1418.732031250  0.006404530
1418.735937500  0.006397723
1418.739843750  0.006397160
1418.743750000  0.006365401
1418.747656250  0.006352667
1418.751562500  0.006364920
1418.755468750  0.006390477
1418.759375000  0.006394615
1418.763281250  0.006373065
1418.767187500  0.006392344
1418.771093750  0.006416397
1418.775000000  0.006464168
1418.778906250  0.006355410
1418.782812500  0.006378019
1418.786718750  0.006362365
1418.790625000  0.006357479
1418.794531250  0.006385557
1418.798437500  0.006432583
1418.802343750  0.006393913
1418.806250000  0.006356355
1418.810156250  0.006349976
1418.814062500  0.006371495
1418.817968750  0.006434986
1418.821875000  0.006421705
1418.825781250  0.006325153
1418.829687500  0.006300312
1418.833593750  0.006386252
1418.837500000  0.006372146
1418.841406250  0.006425783
1418.845312500  0.006356612
1418.849218750  0.006331236
1418.853125000  0.006360112
1418.857031250  0.006396155
1418.860937500  0.006354455
1418.864843750  0.006400977
1418.868750000  0.006412921
1418.872656250  0.006422089
1418.876562500  0.006384359
1418.880468750  0.006339618
1418.884375000  0.006355897
1418.888281250  0.006374191
1418.892187500  0.006374722
1418.896093750  0.006407203
1418.900000000  0.006406845
1418.903906250  0.006349409
1418.907812500  0.006446933
1418.911718750  0.006418834
1418.915625000  0.006357633
1418.919531250  0.006406386
1418.923437500  0.006374421
1418.927343750  0.006413723
1418.931250000  0.006354275
1418.935156250  0.006467298
1418.939062500  0.006405365
1418.942968750  0.006423689
1418.946875000  0.006395853
1418.950781250  0.006402003
1418.954687500  0.006443476
1418.958593750  0.006376243
1418.962500000  0.006472398
1418.966406250  0.006402182
1418.970312500  0.006392144
1418.974218750  0.006363554
1418.978125000  0.006433993
1418.982031250  0.006379364
1418.985937500  0.006388771
1418.989843750  0.006359024
1418.993750000  0.006390048
1418.997656250  0.006451012
1419.001562500  0.006449697
1419.005468750  0.006413438
1419.009375000  0.006405024
1419.013281250  0.006401851
1419.017187500  0.006422328
1419.021093750  0.006378488
1419.025000000  0.006398958
1419.028906250  0.006415841
1419.032812500  0.006367743
1419.036718750  0.006412573
1419.040625000  0.006404502
1419.044531250  0.006335215
1419.048437500  0.006404087
1419.052343750  0.006395596
1419.056250000  0.006376103
1419.060156250  0.006438505
1419.064062500  0.006361966
1419.067968750  0.006434877
1419.071875000  0.006398648
1419.075781250  0.006394111
1419.079687500  0.006452764
1419.083593750  0.006423712
1419.087500000  0.006373459
1419.091406250  0.006407487
1419.095312500  0.006437040
1419.099218750  0.006385672
1419.103125000  0.006391527
1419.107031250  0.006416357
1419.110937500  0.006443325
1419.114843750  0.006407375
1419.118750000  0.006446404
1419.122656250  0.006384902
1419.126562500  0.006373455
1419.130468750  0.006398172
1419.134375000  0.007256717
1419.138281250  0.006410035
1419.142187500  0.006454585
1419.146093750  0.006411832
1419.150000000  0.006393756
1419.153906250  0.006467203
1419.157812500  0.006384247
1419.161718750  0.006382959
1419.165625000  0.006431457
1419.169531250  0.006399675
1419.173437500  0.006425062
1419.177343750  0.006439268
1419.181250000  0.006389542
1419.185156250  0.006380185
1419.189062500  0.006379358
1419.192968750  0.006447583
1419.196875000  0.006393830
1419.200781250  0.006410219
1419.204687500  0.006395260
1419.208593750  0.006398786
1419.212500000  0.006374328
1419.216406250  0.006386718
1419.220312500  0.006400017
1419.224218750  0.006391176
1419.228125000  0.006381599
1419.232031250  0.006397708
1419.235937500  0.006357764
1419.239843750  0.006385326
1419.243750000  0.006378900
1419.247656250  0.006428557
1419.251562500  0.006419414
1419.255468750  0.006371502
1419.259375000  0.006427482
1419.263281250  0.006385636
1419.267187500  0.006387905
1419.271093750  0.006437620
1419.275000000  0.006418026
1419.278906250  0.006440617
1419.282812500  0.006392901
1419.286718750  0.006436290
1419.290625000  0.006388960
1419.294531250  0.006432202
1419.298437500  0.006412336
1419.302343750  0.006422763
1419.306250000  0.006392690
1419.310156250  0.006412748
1419.314062500  0.006416031
1419.317968750  0.006407663
1419.321875000  0.006500826
1419.325781250  0.006412071
1419.329687500  0.006444185
1419.333593750  0.006459337
1419.337500000  0.006394227
1419.341406250  0.006444450
1419.345312500  0.006446520
1419.349218750  0.006378146
1419.353125000  0.006406691
1419.357031250  0.006407850
1419.360937500  0.006344099
1419.364843750  0.006437304
1419.368750000  0.006439620
1419.372656250  0.006388758
1419.376562500  0.006395461
1419.380468750  0.006418242
1419.384375000  0.006440976
1419.388281250  0.006389776
1419.392187500  0.006510623
1419.396093750  0.006454898
1419.400000000  0.006433872
1419.403906250  0.006402270
1419.407812500  0.006455168
1419.411718750  0.006396561
1419.415625000  0.006356699
1419.419531250  0.006418042
1419.423437500  0.006383580
1419.427343750  0.006377830
1419.431250000  0.006412639
1419.435156250  0.006372986
1419.439062500  0.006423264
1419.442968750  0.006413775
1419.446875000  0.006376161
1419.450781250  0.006390565
1419.454687500  0.006407009
1419.458593750  0.006344189
1419.462500000  0.006460897
1419.466406250  0.006445435
1419.470312500  0.006407376
1419.474218750  0.006450728
1419.478125000  0.006377255
1419.482031250  0.006442845
1419.485937500  0.006381554
1419.489843750  0.006386703
1419.493750000  0.006398133
1419.497656250  0.006424877
1419.501562500  0.006348116
1419.505468750  0.006415956
1419.509375000  0.006395428
1419.513281250  0.006446628
1419.517187500  0.006407178
1419.521093750  0.006369841
1419.525000000  0.006440301
1419.528906250  0.006386575
1419.532812500  0.006414110
1419.536718750  0.006387500
1419.540625000  0.006423693
1419.544531250  0.006386194
1419.548437500  0.006396027
1419.552343750  0.006410842
1419.556250000  0.006441412
1419.560156250  0.006419895
1419.564062500  0.006436430
1419.567968750  0.006439371
1419.571875000  0.006436122
1419.575781250  0.006400002
1419.579687500  0.006437182
1419.583593750  0.006429590
1419.587500000  0.006399709
1419.591406250  0.006352996
1419.595312500  0.006394399
1419.599218750  0.006437004
1419.603125000  0.006411615
1419.607031250  0.006402655
1419.610937500  0.006382596
1419.614843750  0.006374942
1419.618750000  0.006429179
1419.622656250  0.006418725
1419.626562500  0.006416019
1419.630468750  0.006376737
1419.634375000  0.006422845
1419.638281250  0.006421792
1419.642187500  0.006400124
1419.646093750  0.006352727
1419.650000000  0.006401259
1419.653906250  0.006371226
1419.657812500  0.006351853
1419.661718750  0.006422247
1419.665625000  0.006338316
1419.669531250  0.006395173
1419.673437500  0.006443620
1419.677343750  0.006401448
1419.681250000  0.006447720
1419.685156250  0.006426912
1419.689062500  0.006399110
1419.692968750  0.006428557
1419.696875000  0.006434942
1419.700781250  0.006440081
1419.704687500  0.006348398
1419.708593750  0.006408957
1419.712500000  0.006412916
1419.716406250  0.006418966
1419.720312500  0.006442797
1419.724218750  0.006466502
1419.728125000  0.006434853
1419.732031250  0.006434064
1419.735937500  0.006440461
1419.739843750  0.006415047
1419.743750000  0.006388470
1419.747656250  0.006467643
1419.751562500  0.006451652
1419.755468750  0.006393628
1419.759375000  0.006417456
1419.763281250  0.006405071
1419.767187500  0.006397299
1419.771093750  0.006438814
1419.775000000  0.006406891
1419.778906250  0.006387595
1419.782812500  0.006426614
1419.786718750  0.006437369
1419.790625000  0.006410484
1419.794531250  0.006407274
1419.798437500  0.006437315
1419.802343750  0.006415635
1419.806250000  0.006463175
1419.810156250  0.006459882
1419.814062500  0.006403732
1419.817968750  0.006525969
1419.821875000  0.006426166
1419.825781250  0.006488240
1419.829687500  0.006421011
1419.833593750  0.006414031
1419.837500000  0.006417241
1419.841406250  0.006404013
1419.845312500  0.006413190
1419.849218750  0.006451835
1419.853125000  0.006428172
1419.857031250  0.006475442
1419.860937500  0.006495962
1419.864843750  0.006438093
1419.868750000  0.006417806
1419.872656250  0.006448268
1419.876562500  0.006389875
1419.880468750  0.006403649
1419.884375000  0.006417170
1419.888281250  0.006341240
1419.892187500  0.006389526
1419.896093750  0.006509457
1419.900000000  0.006411045
1419.903906250  0.006506319
1419.907812500  0.006399029
1419.911718750  0.006412135
1419.915625000  0.006477706
1419.919531250  0.006436152
1419.923437500  0.006369116
1419.927343750  0.006445665
1419.931250000  0.006510237
1419.935156250  0.006452189
1419.939062500  0.006450319
1419.942968750  0.006461221
1419.946875000  0.006473248
1419.950781250  0.006456138
1419.954687500  0.006452314
1419.958593750  0.006446619
1419.962500000  0.006516527
1419.966406250  0.006474251
1419.970312500  0.006442959
1419.974218750  0.006453021
1419.978125000  0.006462038
1419.982031250  0.006515221
1419.985937500  0.006562838
1419.989843750  0.006517779
1419.993750000  0.006546850
1419.997656250  0.006875572
1420.001562500  0.007334424
1420.005468750  0.006597050
1420.009375000  0.006461597
1420.013281250  0.006488742
1420.017187500  0.006456667
1420.021093750  0.006447542
1420.025000000  0.006521130
1420.028906250  0.006474317
1420.032812500  0.006485374
1420.036718750  0.006421683
1420.040625000  0.006535875
1420.044531250  0.006522699
1420.048437500  0.006443924
1420.052343750  0.006477351
1420.056250000  0.006483013
1420.060156250  0.006470428
1420.064062500  0.006411800
1420.067968750  0.006498910
1420.071875000  0.006513883
1420.075781250  0.006393282
1420.079687500  0.006515885
1420.083593750  0.006486751
1420.087500000  0.006448757
1420.091406250  0.006516149
1420.095312500  0.006478005
1420.099218750  0.006474606
1420.103125000  0.006457586
1420.107031250  0.006438923
1420.110937500  0.006482896
1420.114843750  0.006465239
1420.118750000  0.006487315
1420.122656250  0.006493462
1420.126562500  0.006467907
1420.130468750  0.006485567
1420.134375000  0.006490117
1420.138281250  0.006456188
1420.142187500  0.006490835
1420.146093750  0.006511299
1420.150000000  0.006499892
1420.153906250  0.006445190
1420.157812500  0.006451241
1420.161718750  0.006517862
1420.165625000  0.006454557
1420.169531250  0.006411588
1420.173437500  0.006477084
1420.177343750  0.006435287
1420.181250000  0.006435216
1420.185156250  0.006470295
1420.189062500  0.006493505
1420.192968750  0.006521850
1420.196875000  0.006535504
1420.200781250  0.006506857
1420.204687500  0.006452737
1420.208593750  0.006469145
1420.212500000  0.006445909
1420.216406250  0.006441914
1420.220312500  0.006451112
1420.224218750  0.006426802
1420.228125000  0.006542681
1420.232031250  0.006495508
1420.235937500  0.006479925
1420.239843750  0.006479194
1420.243750000  0.006439518
1420.247656250  0.006479510
1420.251562500  0.006534125
1420.255468750  0.006402106
1420.259375000  0.006490100
1420.263281250  0.006433350
1420.267187500  0.006491977
1420.271093750  0.006487797
1420.275000000  0.006481024
1420.278906250  0.006489796
1420.282812500  0.006505781
1420.286718750  0.006520048
1420.290625000  0.006526462
1420.294531250  0.006488268
1420.298437500  0.006525270
1420.302343750  0.006523250
1420.306250000  0.006511094
1420.310156250  0.006470945
1420.314062500  0.006467654
1420.317968750  0.006471207
1420.321875000  0.006495772
1420.325781250  0.006516044
1420.329687500  0.006470386
1420.333593750  0.006481954
1420.337500000  0.006518102
1420.341406250  0.006569893
1420.345312500  0.006524325
1420.349218750  0.006541518
1420.353125000  0.006497486
1420.357031250  0.006551687
1420.360937500  0.006547746
1420.364843750  0.006624430
1420.368750000  0.006495582
1420.372656250  0.006540217
1420.376562500  0.006561851
1420.380468750  0.006642856
1420.384375000  0.006619719
1420.388281250  0.006667237
1420.392187500  0.006653692
1420.396093750  0.006647435
1420.400000000  0.007550591
1420.403906250  0.006610600
1420.407812500  0.006697863
1420.411718750  0.006686113
1420.415625000  0.006648237
1420.419531250  0.006643046
1420.423437500  0.006660259
1420.427343750  0.006698675
1420.431250000  0.006704014
1420.435156250  0.006716967
1420.439062500  0.006670124
1420.442968750  0.006605276
1420.446875000  0.006604524
1420.450781250  0.006683814
1420.454687500  0.006608757
1420.458593750  0.006591959
1420.462500000  0.006644053
1420.466406250  0.006613837
1420.470312500  0.006620701
1420.474218750  0.006572089
1420.478125000  0.006602003
1420.482031250  0.006548347
1420.485937500  0.006592970
1420.489843750  0.006591843
1420.493750000  0.006612643
1420.497656250  0.006514021
1420.501562500  0.006577694
1420.505468750  0.006523944
1420.509375000  0.006506292
1420.513281250  0.006481851
1420.517187500  0.006558361
1420.521093750  0.006591772
1420.525000000  0.006482947
1420.528906250  0.006556324
1420.532812500  0.006554386
1420.536718750  0.006544171
1420.540625000  0.006466335
1420.544531250  0.006485250
1420.548437500  0.006486091
1420.552343750  0.006485445
1420.556250000  0.006393597
1420.560156250  0.006512485
1420.564062500  0.006454318
1420.567968750  0.006458804
1420.571875000  0.006429127
1420.575781250  0.006403658
1420.579687500  0.006521151
1420.583593750  0.006492804
1420.587500000  0.006488529
1420.591406250  0.006493577
1420.595312500  0.006454215
1420.599218750  0.006503062
1420.603125000  0.006460163
1420.607031250  0.006449564
1420.610937500  0.006462284
1420.614843750  0.006480148
1420.618750000  0.006434118
1420.622656250  0.006438064
1420.626562500  0.006494472
1420.630468750  0.006484195
1420.634375000  0.006460377
1420.638281250  0.006436474
1420.642187500  0.006463894
1420.646093750  0.006473954
1420.650000000  0.006498303
1420.653906250  0.006474007
1420.657812500  0.006436672
1420.661718750  0.006505813
1420.665625000  0.006486801
1420.669531250  0.006540659
1420.673437500  0.006514414
1420.677343750  0.006493110
1420.681250000  0.006542070
1420.685156250  0.006478328
1420.689062500  0.006471782
1420.692968750  0.006484742
1420.696875000  0.006472462
1420.700781250  0.006493453
1420.704687500  0.006506004
1420.708593750  0.006514160
1420.712500000  0.006429334
1420.716406250  0.006412041
1420.720312500  0.006472020
1420.724218750  0.006525459
1420.728125000  0.006462920
1420.732031250  0.006457362
1420.735937500  0.006472439
1420.739843750  0.006522224
1420.743750000  0.006439550
1420.747656250  0.006442977
1420.751562500  0.006474654
1420.755468750  0.006482286
1420.759375000  0.006431086
1420.763281250  0.006492237
1420.767187500  0.006468505
1420.771093750  0.006486321
1420.775000000  0.006531029
1420.778906250  0.006513111
1420.782812500  0.006503957
1420.786718750  0.006516925
1420.790625000  0.006454971
1420.794531250  0.006551841
1420.798437500  0.006510699
1420.802343750  0.006515604
1420.806250000  0.006520423
1420.810156250  0.006502928
1420.814062500  0.006507348
1420.817968750  0.006487086
1420.821875000  0.006488023
1420.825781250  0.006475565
1420.829687500  0.006512398
1420.833593750  0.006442812
1420.837500000  0.006444826
1420.841406250  0.006525545
1420.845312500  0.006515603
1420.849218750  0.006482761
1420.853125000  0.006524550
1420.857031250  0.006497759
1420.860937500  0.006495316
1420.864843750  0.006456884
1420.868750000  0.006464980
1420.872656250  0.006560314
1420.876562500  0.006483368
1420.880468750  0.006522070
1420.884375000  0.006495079
1420.888281250  0.006498941
1420.892187500  0.006506589
1420.896093750  0.006426827
1420.900000000  0.006498752
1420.903906250  0.006493709
1420.907812500  0.006543363
1420.911718750  0.006453844
1420.915625000  0.006479914
1420.919531250  0.006513866
1420.923437500  0.006565688
1420.927343750  0.006499116
1420.931250000  0.006520447
1420.935156250  0.006447614
1420.939062500  0.006480752
1420.942968750  0.006476738
1420.946875000  0.006523236
1420.950781250  0.006535138
1420.954687500  0.006472116
1420.958593750  0.006482556
1420.962500000  0.006507151
1420.966406250  0.006547648
1420.970312500  0.006469632
1420.974218750  0.006531975
1420.978125000  0.006504554
1420.982031250  0.006493123
1420.985937500  0.006507359
1420.989843750  0.006512450
1420.993750000  0.006473922
1420.997656250  0.006473501
1421.001562500  0.006430219
1421.005468750  0.006524297
1421.009375000  0.006477410
1421.013281250  0.006538665
1421.017187500  0.006441491
1421.021093750  0.006484124
1421.025000000  0.006528906
1421.028906250  0.006462747
1421.032812500  0.006494398
1421.036718750  0.006487140
1421.040625000  0.006502038
1421.044531250  0.006494664
1421.048437500  0.006488246
1421.052343750  0.006544380
1421.056250000  0.006526813
1421.060156250  0.006459473
1421.064062500  0.006500474
1421.067968750  0.006481361
1421.071875000  0.006479093
1421.075781250  0.006469423
1421.079687500  0.006473995
1421.083593750  0.006505106
1421.087500000  0.006510203
1421.091406250  0.006528122
1421.095312500  0.006510663
1421.099218750  0.006531225
1421.103125000  0.006556399
1421.107031250  0.006523767
1421.110937500  0.006571875
1421.114843750  0.006548486
1421.118750000  0.006544603
1421.122656250  0.006563091
1421.126562500  0.006541894
1421.130468750  0.006547903
1421.134375000  0.006517282
1421.138281250  0.006519317
1421.142187500  0.006476807
1421.146093750  0.006554755
1421.150000000  0.006485401
1421.153906250  0.006469436
1421.157812500  0.006486398
1421.161718750  0.006573748
1421.165625000  0.006450810
1421.169531250  0.006517550
1421.173437500  0.006504147
1421.177343750  0.006620405
1421.181250000  0.006503881
1421.185156250  0.006478149
1421.189062500  0.006530394
1421.192968750  0.006566454
1421.196875000  0.006559917
1421.200781250  0.006554782
1421.204687500  0.006512555
1421.208593750  0.006568034
1421.212500000  0.006568822
1421.216406250  0.006516800
1421.220312500  0.006524826
1421.224218750  0.006550481
1421.228125000  0.006490832
1421.232031250  0.006550625
1421.235937500  0.006590082
1421.239843750  0.006522422
1421.243750000  0.006526696
1421.247656250  0.006546905
1421.251562500  0.006565256
1421.255468750  0.006573702
1421.259375000  0.006558275
1421.263281250  0.006553873
1421.267187500  0.006539872
1421.271093750  0.006542220
1421.275000000  0.006540699
1421.278906250  0.006563225
1421.282812500  0.006531849
1421.286718750  0.006612599
1421.290625000  0.006574855
1421.294531250  0.006509635
1421.298437500  0.006569097
1421.302343750  0.006581508
1421.306250000  0.006551090
1421.310156250  0.006530255
1421.314062500  0.006554246
1421.317968750  0.006588057
1421.321875000  0.006495758
1421.325781250  0.006548326
1421.329687500  0.006518896
1421.333593750  0.006615450
1421.337500000  0.006558165
1421.341406250  0.006547394
1421.345312500  0.006581430
1421.349218750  0.006569958
1421.353125000  0.006533787
1421.357031250  0.006613580
1421.360937500  0.006596300
1421.364843750  0.006532035
1421.368750000  0.006582672
1421.372656250  0.006545057
1421.376562500  0.006580471
1421.380468750  0.006533700
1421.384375000  0.006609591
1421.388281250  0.006604121
1421.392187500  0.006640648
1421.396093750  0.006640462
1421.400000000  0.006696524
1421.403906250  0.006782248
1421.407812500  0.006592593
1421.411718750  0.006643223
1421.415625000  0.006629664
1421.419531250  0.006583546
1421.423437500  0.006574030
1421.427343750  0.006621209
1421.431250000  0.006619613
1421.435156250  0.006681641
1421.439062500  0.006624181
1421.442968750  0.006613478
1421.446875000  0.006614871
1421.450781250  0.006628246
1421.454687500  0.006603691
1421.458593750  0.006618379
1421.462500000  0.006631587
1421.466406250  0.006623086
1421.470312500  0.006595128
1421.474218750  0.006565412
1421.478125000  0.006647129
1421.482031250  0.006648425
1421.485937500  0.006630406
1421.489843750  0.006641785
1421.493750000  0.006631790
1421.497656250  0.006623716
1421.501562500  0.006600005
1421.505468750  0.006615302
1421.509375000  0.006560894
1421.513281250  0.006597639
1421.517187500  0.006604597
1421.521093750  0.006603031
1421.525000000  0.006590708
1421.528906250  0.006618282
1421.532812500  0.006590828
1421.536718750  0.006566207
1421.540625000  0.006608543
1421.544531250  0.006628165
1421.548437500  0.006640375
1421.552343750  0.006665018
1421.556250000  0.006595019
1421.560156250  0.006666229
1421.564062500  0.006609563
1421.567968750  0.006692837
1421.571875000  0.006636722
1421.575781250  0.006646381
1421.579687500  0.006622477
1421.583593750  0.006659054
1421.587500000  0.006636232
1421.591406250  0.006587105
1421.595312500  0.006609578
1421.599218750  0.006617784
1421.603125000  0.006680775
1421.607031250  0.006640652
1421.610937500  0.006587659
1421.614843750  0.006664734
1421.618750000  0.006589691
1421.622656250  0.006617813
1421.626562500  0.006615482
1421.630468750  0.006613349
1421.634375000  0.006689124
1421.638281250  0.006583800
1421.642187500  0.006629141
1421.646093750  0.006611971
1421.650000000  0.006640559
1421.653906250  0.006611096
1421.657812500  0.006638591
1421.661718750  0.006607727
1421.665625000  0.006638601
1421.669531250  0.006651191
1421.673437500  0.006645844
1421.677343750  0.006607897
1421.681250000  0.006651852
1421.685156250  0.006671427
1421.689062500  0.006616682
1421.692968750  0.006676157
1421.696875000  0.006618692
1421.700781250  0.006590656
1421.704687500  0.006589527
1421.708593750  0.006635457
1421.712500000  0.006629920
1421.716406250  0.006602543
1421.720312500  0.006622126
1421.724218750  0.006670070
1421.728125000  0.006609092
1421.732031250  0.006642479
1421.735937500  0.006631687
1421.739843750  0.006625312
1421.743750000  0.006680381
1421.747656250  0.006704519
1421.751562500  0.006656828
1421.755468750  0.006630799
1421.759375000  0.006623791
1421.763281250  0.006617324
1421.767187500  0.006677228
1421.771093750  0.006684991
1421.775000000  0.006619783
1421.778906250  0.006670070
1421.782812500  0.006637050
1421.786718750  0.006587957
1421.790625000  0.006649853
1421.794531250  0.006645347
1421.798437500  0.006577435
1421.802343750  0.006618317
1421.806250000  0.006670035
1421.810156250  0.006567285
1421.814062500  0.006613672
1421.817968750  0.006706083
1421.821875000  0.006641412
1421.825781250  0.006626271
1421.829687500  0.006607056
1421.833593750  0.006680942
1421.837500000  0.006621790
1421.841406250  0.006639023
1421.845312500  0.006628097
1421.849218750  0.006554318
1421.853125000  0.006557696
1421.857031250  0.006613965
1421.860937500  0.006625613
1421.864843750  0.006655135
1421.868750000  0.006614895
1421.872656250  0.006607155
1421.876562500  0.006614306
1421.880468750  0.006654224
1421.884375000  0.006633067
1421.888281250  0.006640259
1421.892187500  0.006641638
1421.896093750  0.006615963
1421.900000000  0.006615505
1421.903906250  0.006617330
1421.907812500  0.006727058
1421.911718750  0.006670060
1421.915625000  0.006652838
1421.919531250  0.006646219
1421.923437500  0.006607379
1421.927343750  0.006652774
1421.931250000  0.006593206
1421.935156250  0.006677231
1421.939062500  0.006674541
1421.942968750  0.006628894
1421.946875000  0.006675666
1421.950781250  0.006666690
1421.954687500  0.006657727
1421.958593750  0.006673145
1421.962500000  0.006775794
1421.966406250  0.006711720
1421.970312500  0.006674076
1421.974218750  0.006719666
1421.978125000  0.006654201
1421.982031250  0.006631834
1421.985937500  0.006670209
1421.989843750  0.006671752
1421.993750000  0.006664190
1421.997656250  0.006655552
1422.001562500  0.006674840
1422.005468750  0.006646319
1422.009375000  0.006739500
1422.013281250  0.006621332
1422.017187500  0.006645061
1422.021093750  0.006684923
1422.025000000  0.006638221
1422.028906250  0.006584312
1422.032812500  0.006729558
1422.036718750  0.006673784
1422.040625000  0.006674146
1422.044531250  0.006697023
1422.048437500  0.006668183
1422.052343750  0.006670839
1422.056250000  0.006690408
1422.060156250  0.006688307
1422.064062500  0.006657885
1422.067968750  0.006705940
1422.071875000  0.006626950
1422.075781250  0.006655876
1422.079687500  0.006661507
1422.083593750  0.006647103
1422.087500000  0.006670231
1422.091406250  0.006665820
1422.095312500  0.006686337
1422.099218750  0.006715042
1422.103125000  0.006715455
1422.107031250  0.006662498
1422.110937500  0.006731542
1422.114843750  0.006684681
1422.118750000  0.006669835
1422.122656250  0.006677103
1422.126562500  0.006725959
1422.130468750  0.006694262
1422.134375000  0.006676404
1422.138281250  0.006678973
1422.142187500  0.006658632
1422.146093750  0.006708158
1422.150000000  0.006703656
1422.153906250  0.007008736
1422.157812500  0.006712941
1422.161718750  0.006707140
1422.165625000  0.006648130
1422.169531250  0.006696625
1422.173437500  0.006687904
1422.177343750  0.006649116
1422.181250000  0.006700555
1422.185156250  0.006694801
1422.189062500  0.006722062
1422.192968750  0.006767831
1422.196875000  0.006703772
1422.200781250  0.006862094
1422.204687500  0.006721689
1422.208593750  0.006771478
1422.212500000  0.006754394
1422.216406250  0.006687028
1422.220312500  0.006733619
1422.224218750  0.006711674
1422.228125000  0.006750052
1422.232031250  0.006689870
1422.235937500  0.006715466
1422.239843750  0.006647652
1422.243750000  0.006716301
1422.247656250  0.006692076
1422.251562500  0.006705601
1422.255468750  0.006721556
1422.259375000  0.006734076
1422.263281250  0.006690917
1422.267187500  0.006693493
1422.271093750  0.006741388
1422.275000000  0.006690137
1422.278906250  0.006714326
1422.282812500  0.006731611
1422.286718750  0.006667141
1422.290625000  0.006654937
1422.294531250  0.006644913
1422.298437500  0.006853682
1422.302343750  0.006693938
1422.306250000  0.006672763
1422.310156250  0.006752739
1422.314062500  0.006658276
1422.317968750  0.006699519
1422.321875000  0.006674060
1422.325781250  0.006755814
1422.329687500  0.006698017
1422.333593750  0.006729821
1422.337500000  0.006724893
1422.341406250  0.006676099
1422.345312500  0.007414618
1422.349218750  0.006720039
1422.353125000  0.006744053
1422.357031250  0.006723855
1422.360937500  0.006760346
1422.364843750  0.006714352
1422.368750000  0.006749548
1422.372656250  0.006772594
1422.376562500  0.006752752
1422.380468750  0.006749946
1422.384375000  0.006724728
1422.388281250  0.006749637
1422.392187500  0.007089834
1422.396093750  0.006841667
1422.400000000  0.006724742
1422.403906250  0.006763453
1422.407812500  0.006683626
1422.411718750  0.006740159
1422.415625000  0.006757924
1422.419531250  0.006814030
1422.423437500  0.006744128
1422.427343750  0.006719257
1422.431250000  0.006693041
1422.435156250  0.006730797
1422.439062500  0.006756056
1422.442968750  0.006837553
1422.446875000  0.006739353
1422.450781250  0.006752598
1422.454687500  0.006767487
1422.458593750  0.006738742
1422.462500000  0.006804184
1422.466406250  0.006736016
1422.470312500  0.006770132
1422.474218750  0.006714046
1422.478125000  0.006681036
1422.482031250  0.006755795
1422.485937500  0.006680588
1422.489843750  0.006769052
1422.493750000  0.006794231
1422.497656250  0.006735759
1422.501562500  0.006685831
1422.505468750  0.006652720
1422.509375000  0.006755200
1422.513281250  0.006825636
1422.517187500  0.006669354
1422.521093750  0.006737222
1422.525000000  0.006784160
1422.528906250  0.006789854
1422.532812500  0.006857825
1422.536718750  0.007006975
1422.540625000  0.006833083
1422.544531250  0.006839171
1422.548437500  0.006781186
1422.552343750  0.006829851
1422.556250000  0.006825241
1422.560156250  0.006822635
1422.564062500  0.006755153
1422.567968750  0.006818888
1422.571875000  0.006735741
1422.575781250  0.006809699
1422.579687500  0.006805903
1422.583593750  0.006923488
1422.587500000  0.006925212
1422.591406250  0.006762451
1422.595312500  0.006766617
1422.599218750  0.006827748
1422.603125000  0.006845954
1422.607031250  0.006763397
1422.610937500  0.006813720
1422.614843750  0.006773708
1422.618750000  0.006757883
1422.622656250  0.006816506
1422.626562500  0.006841770
1422.630468750  0.006807450
1422.634375000  0.006972229
1422.638281250  0.006847380
1422.642187500  0.006835346
1422.646093750  0.006833815
1422.650000000  0.006780948
1422.653906250  0.006806226
1422.657812500  0.006865036
1422.661718750  0.006815667
1422.665625000  0.006782100
1422.669531250  0.006783718
1422.673437500  0.006874509
1422.677343750  0.006852892
1422.681250000  0.006887666
1422.685156250  0.006813264
1422.689062500  0.006818811
1422.692968750  0.006759338
1422.696875000  0.006766486
1422.700781250  0.006766932
1422.704687500  0.006794129
1422.708593750  0.006817776
1422.712500000  0.006766848
1422.716406250  0.006750513
1422.720312500  0.006737737
1422.724218750  0.006797682
1422.728125000  0.006789181
1422.732031250  0.006817088
1422.735937500  0.006828546
1422.739843750  0.006758857
1422.743750000  0.006775179
1422.747656250  0.006758130
1422.751562500  0.006817138
1422.755468750  0.006737138
1422.759375000  0.006769015
1422.763281250  0.006707474
1422.767187500  0.006820302
1422.771093750  0.006770437
1422.775000000  0.006777153
1422.778906250  0.006763277
1422.782812500  0.006771208
1422.786718750  0.006731749
1422.790625000  0.006783138
1422.794531250  0.006777718
1422.798437500  0.006773499
1422.802343750  0.006706243
1422.806250000  0.006730684
1422.810156250  0.006804397
1422.814062500  0.006768724
1422.817968750  0.006819078
1422.821875000  0.006743923
1422.825781250  0.006736223
1422.829687500  0.006740068
1422.833593750  0.006738485
1422.837500000  0.006731101
1422.841406250  0.006779634
1422.845312500  0.006721932
1422.849218750  0.006807813
1422.853125000  0.006828852
1422.857031250  0.006771807
1422.860937500  0.006721117
1422.864843750  0.006806797
1422.868750000  0.006753507
1422.872656250  0.006774354
1422.876562500  0.006794767
1422.880468750  0.006840711
1422.884375000  0.006808477
1422.888281250  0.006757867
1422.892187500  0.006775835
1422.896093750  0.006770691
1422.900000000  0.006733786
1422.903906250  0.006750879
1422.907812500  0.006789754
1422.911718750  0.006802964
1422.915625000  0.006761107
1422.919531250  0.006771338
1422.923437500  0.006801658
1422.927343750  0.006748721
1422.931250000  0.006789312
1422.935156250  0.006741751
1422.939062500  0.006748978
1422.942968750  0.006778358
1422.946875000  0.006830515
1422.950781250  0.006724595
1422.954687500  0.006758782
1422.958593750  0.006800248
1422.962500000  0.006767235
1422.966406250  0.006764162
1422.970312500  0.006824441
1422.974218750  0.006769524
1422.978125000  0.006814943
1422.982031250  0.006765746
1422.985937500  0.006747478
1422.989843750  0.006768105
1422.993750000  0.006731157
1422.997656250  0.006724871
1423.001562500  0.006781402
1423.005468750  0.006780897
1423.009375000  0.006828383
1423.013281250  0.006794105
1423.017187500  0.006795137
1423.021093750  0.006795125
1423.025000000  0.006747871
1423.028906250  0.006793786
1423.032812500  0.006783762
1423.036718750  0.006822662
1423.040625000  0.006815487
1423.044531250  0.006793562
1423.048437500  0.006815784
1423.052343750  0.006769992
1423.056250000  0.006782779
1423.060156250  0.006823530
1423.064062500  0.006745046
1423.067968750  0.006799497
1423.071875000  0.006691966
1423.075781250  0.006814023
1423.079687500  0.006796239
1423.083593750  0.006737693
1423.087500000  0.006800651
1423.091406250  0.006786232
1423.095312500  0.006782452
1423.099218750  0.006848780
1423.103125000  0.006795045
1423.107031250  0.006845008
1423.110937500  0.006801042
1423.114843750  0.006829626
1423.118750000  0.006835617
1423.122656250  0.006803264
1423.126562500  0.006809383
1423.130468750  0.006806138
1423.134375000  0.006829109
1423.138281250  0.006794223
1423.142187500  0.006828470
1423.146093750  0.006802103
1423.150000000  0.006802770
1423.153906250  0.006884497
1423.157812500  0.006774089
1423.161718750  0.006847227
1423.165625000  0.006845897
1423.169531250  0.006853866
1423.173437500  0.006838002
1423.177343750  0.006804467
1423.181250000  0.006880650
1423.185156250  0.006849254
1423.189062500  0.006830784
1423.192968750  0.006843380
1423.196875000  0.006808956
1423.200781250  0.006856036
1423.204687500  0.006760168
1423.208593750  0.006792339
1423.212500000  0.006828009
1423.216406250  0.006845766
1423.220312500  0.006798321
1423.224218750  0.006819693
1423.228125000  0.006854389
1423.232031250  0.006819539
1423.235937500  0.006802112
1423.239843750  0.006830998
1423.243750000  0.006760841
1423.247656250  0.006858091
1423.251562500  0.006821274
1423.255468750  0.006805661
1423.259375000  0.006767258
1423.263281250  0.006821403
1423.267187500  0.006807321
1423.271093750  0.006815779
1423.275000000  0.006807735
1423.278906250  0.006871175
1423.282812500  0.006855125
1423.286718750  0.006867143
1423.290625000  0.006902581
1423.294531250  0.006840172
1423.298437500  0.006845381
1423.302343750  0.006806083
1423.306250000  0.006807055
1423.310156250  0.006863082
1423.314062500  0.006834812
1423.317968750  0.006871699
1423.321875000  0.006900501
1423.325781250  0.006886773
1423.329687500  0.006837452
1423.333593750  0.006904115
1423.337500000  0.006860105
1423.341406250  0.006807026
1423.345312500  0.006786996
1423.349218750  0.006828727
1423.353125000  0.006846325
1423.357031250  0.006928040
1423.360937500  0.006963085
1423.364843750  0.006855450
1423.368750000  0.006925579
1423.372656250  0.006859624
1423.376562500  0.006887985
1423.380468750  0.006907053
1423.384375000  0.006845896
1423.388281250  0.006900198
1423.392187500  0.006891410
1423.396093750  0.006962360
1423.400000000  0.006970684
1423.403906250  0.006877817
1423.407812500  0.006895803
1423.411718750  0.006918766
1423.415625000  0.006850768
1423.419531250  0.006949191
1423.423437500  0.006943596
1423.427343750  0.006886413
1423.431250000  0.006907299
1423.435156250  0.006914766
1423.439062500  0.006939164
1423.442968750  0.006925369
1423.446875000  0.006958284
1423.450781250  0.006942891
1423.454687500  0.006872844
1423.458593750  0.006929793
1423.462500000  0.006970578
1423.466406250  0.007011458
1423.470312500  0.006950209
1423.474218750  0.006951389
1423.478125000  0.006947725
1423.482031250  0.006944147
1423.485937500  0.007010033
1423.489843750  0.006934010
1423.493750000  0.006908684
1423.497656250  0.007012431
1423.501562500  0.006986754
1423.505468750  0.006955553
1423.509375000  0.006894334
1423.513281250  0.006937218
1423.517187500  0.006949741
1423.521093750  0.006976064
1423.525000000  0.006945147
1423.528906250  0.006938844
1423.532812500  0.006974191
1423.536718750  0.006924481
1423.540625000  0.006948072
1423.544531250  0.006986708
1423.548437500  0.006910423
1423.552343750  0.006931956
1423.556250000  0.007001968
1423.560156250  0.006963791
1423.564062500  0.006932837
1423.567968750  0.006961159
1423.571875000  0.006969543
1423.575781250  0.006989121
1423.579687500  0.007049370
1423.583593750  0.006947928
1423.587500000  0.006987729
1423.591406250  0.007025130
1423.595312500  0.006985713
1423.599218750  0.006978531
1423.603125000  0.007030344
1423.607031250  0.006976952
1423.610937500  0.006982135
1423.614843750  0.006951529
1423.618750000  0.006968205
1423.622656250  0.007073727
1423.626562500  0.007012056
1423.630468750  0.007009423
1423.634375000  0.007008668
1423.638281250  0.007039846
1423.642187500  0.007029977
1423.646093750  0.007027994
1423.650000000  0.007104039
1423.653906250  0.007088588
1423.657812500  0.007022853
1423.661718750  0.007044615
1423.665625000  0.007035748
1423.669531250  0.006953742
1423.673437500  0.007045020
1423.677343750  0.007044479
1423.681250000  0.007048046
1423.685156250  0.007146832
1423.689062500  0.006987039
1423.692968750  0.007103706
1423.696875000  0.007091268
1423.700781250  0.007122931
1423.704687500  0.007064183
1423.708593750  0.007087205
1423.712500000  0.007066908
1423.716406250  0.007128342
1423.720312500  0.007134320
1423.724218750  0.007182666
1423.728125000  0.007086458
1423.732031250  0.007136368
1423.735937500  0.007070602
1423.739843750  0.007097503
1423.743750000  0.007076639
1423.747656250  0.007144281
1423.751562500  0.007121368
1423.755468750  0.007120119
1423.759375000  0.007103616
1423.763281250  0.007131636
1423.767187500  0.007122967
1423.771093750  0.007150855
1423.775000000  0.007081382
1423.778906250  0.007141502
1423.782812500  0.007107535
1423.786718750  0.007173543
1423.790625000  0.007256050
1423.794531250  0.007163231
1423.798437500  0.007087771
1423.802343750  0.007185563
1423.806250000  0.007152851
1423.810156250  0.007123607
1423.814062500  0.007119350
1423.817968750  0.007232239
1423.821875000  0.007148302
1423.825781250  0.007206574
1423.829687500  0.007224719
1423.833593750  0.007204943
1423.837500000  0.007182585
1423.841406250  0.007205731
1423.845312500  0.007144324
1423.849218750  0.007151477
1423.853125000  0.007197700
1423.857031250  0.007156845
1423.860937500  0.007189356
1423.864843750  0.007249060
1423.868750000  0.007165639
1423.872656250  0.007273799
1423.876562500  0.007252274
1423.880468750  0.007167920
1423.884375000  0.007194297
1423.888281250  0.007236785
1423.892187500  0.007238142
1423.896093750  0.007271277
1423.900000000  0.007280133
1423.903906250  0.007232365
1423.907812500  0.007197601
1423.911718750  0.007261222
1423.915625000  0.007229967
1423.919531250  0.007236068
1423.923437500  0.007244370
1423.927343750  0.007295485
1423.931250000  0.007250913
1423.935156250  0.007312626
1423.939062500  0.007402232
1423.942968750  0.007206628
1423.946875000  0.007269385
1423.950781250  0.007271430
1423.954687500  0.007275043
1423.958593750  0.007241536
1423.962500000  0.007319556
1423.966406250  0.007269105
1423.970312500  0.007345511
1423.974218750  0.007255662
1423.978125000  0.007291592
1423.982031250  0.007332716
1423.985937500  0.007610134
1423.989843750  0.007608050
1423.993750000  0.007323063
1423.997656250  0.007483344
1424.001562500  0.007759953
1424.005468750  0.007345415
1424.009375000  0.007484858
1424.013281250  0.007320338
1424.017187500  0.007264120
1424.021093750  0.007323839
1424.025000000  0.007324372
1424.028906250  0.007305297
1424.032812500  0.007440544
1424.036718750  0.007309382
1424.040625000  0.007377093
1424.044531250  0.007350850
1424.048437500  0.007333153
1424.052343750  0.007373391
1424.056250000  0.007392003
1424.060156250  0.007419506
1424.064062500  0.007391628
1424.067968750  0.007372193
1424.071875000  0.007382552
1424.075781250  0.007369728
1424.079687500  0.007452627
1424.083593750  0.007389523
1424.087500000  0.007416262
1424.091406250  0.007441046
1424.095312500  0.007356206
1424.099218750  0.007433268
1424.103125000  0.007375992
1424.107031250  0.007403776
1424.110937500  0.007369125
1424.114843750  0.007434004
1424.118750000  0.007337651
1424.122656250  0.007432135
1424.126562500  0.007407922
1424.130468750  0.007409210
1424.134375000  0.007466065
1424.138281250  0.007399319
1424.142187500  0.007423923
1424.146093750  0.007410699
1424.150000000  0.007358153
1424.153906250  0.007504019
1424.157812500  0.007480792
1424.161718750  0.007452195
1424.165625000  0.007496794
1424.169531250  0.007515861
1424.173437500  0.007391934
1424.177343750  0.007390857
1424.181250000  0.007482358
1424.185156250  0.007425919
1424.189062500  0.007508104
1424.192968750  0.007502224
1424.196875000  0.007452474
1424.200781250  0.007965498
1424.204687500  0.007506570
1424.208593750  0.007574879
1424.212500000  0.007549743
1424.216406250  0.007465462
1424.220312500  0.007485936
1424.224218750  0.007529221
1424.228125000  0.007445753
1424.232031250  0.007488397
1424.235937500  0.007493689
1424.239843750  0.007545085
1424.243750000  0.007529854
1424.247656250  0.007734873
1424.251562500  0.007783186
1424.255468750  0.007489881
1424.259375000  0.007555765
1424.263281250  0.007526528
1424.267187500  0.007523828
1424.271093750  0.007501873
1424.275000000  0.007496435
1424.278906250  0.007522547
1424.282812500  0.007492378
1424.286718750  0.007527607
1424.290625000  0.007534888
1424.294531250  0.007465675
1424.298437500  0.007566035
1424.302343750  0.007531638
1424.306250000  0.007524226
1424.310156250  0.007462992
1424.314062500  0.007558907
1424.317968750  0.007515462
1424.321875000  0.007505567
1424.325781250  0.007616166
1424.329687500  0.007558918
1424.333593750  0.007571316
1424.337500000  0.007549886
1424.341406250  0.007538288
1424.345312500  0.007510915
1424.349218750  0.007488366
1424.353125000  0.007528973
1424.357031250  0.007512722
1424.360937500  0.007503922
1424.364843750  0.007504359
1424.368750000  0.007583502
1424.372656250  0.007581585
1424.376562500  0.007483785
1424.380468750  0.007472117
1424.384375000  0.007515286
1424.388281250  0.007559166
1424.392187500  0.007687539
1424.396093750  0.007568774

