1000(10000)
1416.400000000  0.007408161
1416.403906250  0.007414802
1416.407812500  0.007430221
1416.411718750  0.007448838
1416.415625000  0.007456854
1416.419531250  0.007351652
1416.423437500  0.007422989
1416.427343750  0.007389957
1416.431250000  0.007463720
1416.435156250  0.007450583
1416.439062500  0.007504765
1416.442968750  0.007427343
1416.446875000  0.007403479
1416.450781250  0.007405075
1416.454687500  0.007364170
1416.458593750  0.007369232
1416.462500000  0.007377853
1416.466406250  0.007399707
1416.470312500  0.007338981
1416.474218750  0.007418327
1416.478125000  0.007435918
1416.482031250  0.007498659
1416.485937500  0.007400020
1416.489843750  0.007502453
1416.493750000  0.007394098
1416.497656250  0.007395144
1416.501562500  0.007373569
1416.505468750  0.007405116
1416.509375000  0.007389815
1416.513281250  0.007363523
1416.517187500  0.007390008
1416.521093750  0.007352965
1416.525000000  0.007393049
1416.528906250  0.007342075
1416.532812500  0.007326782
1416.536718750  0.007408049
1416.540625000  0.007493715
1416.544531250  0.007338706
1416.548437500  0.007299330
1416.552343750  0.007340739
1416.556250000  0.007329845
1416.560156250  0.007335486
1416.564062500  0.007282217
1416.567968750  0.007357082
1416.571875000  0.007375171
1416.575781250  0.007368540
1416.579687500  0.007374365
1416.583593750  0.007276397
1416.587500000  0.007328783
1416.591406250  0.007480524
1416.595312500  0.007350953
1416.599218750  0.007362997
1416.603125000  0.007408544
1416.607031250  0.007332220
1416.610937500  0.007334466
1416.614843750  0.007348957
1416.618750000  0.007318073
1416.622656250  0.007350878
1416.626562500  0.007365554
1416.630468750  0.007371154
1416.634375000  0.007389492
1416.638281250  0.007319493
1416.642187500  0.007399582
1416.646093750  0.007589864
1416.650000000  0.007480379
1416.653906250  0.007504741
1416.657812500  0.007392725
1416.661718750  0.007260388
1416.665625000  0.007312816
1416.669531250  0.007279329
1416.673437500  0.007356834
1416.677343750  0.007344142
1416.681250000  0.007221940
1416.685156250  0.007337056
1416.689062500  0.007266707
1416.692968750  0.007350479
1416.696875000  0.007319431
1416.700781250  0.007657522
1416.704687500  0.007437435
1416.708593750  0.007338851
1416.712500000  0.007240780
1416.716406250  0.007257688
1416.720312500  0.007283512
1416.724218750  0.007253334
1416.728125000  0.007241379
1416.732031250  0.007212901
1416.735937500  0.007238194
1416.739843750  0.007241068
1416.743750000  0.007237321
1416.747656250  0.007312052
1416.751562500  0.007370617
1416.755468750  0.007788072
1416.759375000  0.007527665
1416.763281250  0.007285414
1416.767187500  0.007351220
1416.771093750  0.007266055
1416.775000000  0.007203624
1416.778906250  0.007174549
1416.782812500  0.007228768
1416.786718750  0.007175922
1416.790625000  0.007123710
1416.794531250  0.007220197
1416.798437500  0.007224330
1416.802343750  0.007215894
1416.806250000  0.007393844
1416.810156250  0.008666927
1416.814062500  0.008095691
1416.817968750  0.007354799
1416.821875000  0.007270314
1416.825781250  0.007234311
1416.829687500  0.007211917
1416.833593750  0.007160174
1416.837500000  0.007355573
1416.841406250  0.007242285
1416.845312500  0.007282355
1416.849218750  0.007269099
1416.853125000  0.007293726
1416.857031250  0.007510938
1416.860937500  0.008005541
1416.864843750  0.012705008
1416.868750000  0.011346866
1416.872656250  0.007966268
1416.876562500  0.007387470
1416.880468750  0.007286025
1416.884375000  0.007264489
1416.888281250  0.007185307
1416.892187500  0.007205763
1416.896093750  0.007213651
1416.900000000  0.007211184
1416.903906250  0.007116494
1416.907812500  0.007227237
1416.911718750  0.007232212
1416.915625000  0.007435423
1416.919531250  0.008841920
1416.923437500  0.008325621
1416.927343750  0.007290909
1416.931250000  0.007134477
1416.935156250  0.007171889
1416.939062500  0.007083335
1416.942968750  0.007094086
1416.946875000  0.007075223
1416.950781250  0.007082650
1416.954687500  0.007067861
1416.958593750  0.007042417
1416.962500000  0.007098659
1416.966406250  0.007074189
1416.970312500  0.007159786
1416.974218750  0.007866326
1416.978125000  0.007809331
1416.982031250  0.007130500
1416.985937500  0.007073736
1416.989843750  0.007062957
1416.993750000  0.007066272
1416.997656250  0.007459381
1417.001562500  0.008002131
1417.005468750  0.007087282
1417.009375000  0.007106391
1417.013281250  0.006962283
1417.017187500  0.007010737
1417.021093750  0.007020968
1417.025000000  0.007094282
1417.028906250  0.007454199
1417.032812500  0.007448329
1417.036718750  0.007047239
1417.040625000  0.006970942
1417.044531250  0.006983150
1417.048437500  0.006911591
1417.052343750  0.006935968
1417.056250000  0.007009818
1417.060156250  0.006948389
1417.064062500  0.006954771
1417.067968750  0.007031138
1417.071875000  0.006966881
1417.075781250  0.007072120
1417.079687500  0.007112979
1417.083593750  0.007327139
1417.087500000  0.007333034
1417.091406250  0.006943119
1417.095312500  0.006939731
1417.099218750  0.006958798
1417.103125000  0.007009742
1417.107031250  0.006926800
1417.110937500  0.006917032
1417.114843750  0.006874963
1417.118750000  0.006901429
1417.122656250  0.006923425
1417.126562500  0.006914896
1417.130468750  0.006937195
1417.134375000  0.006891081
1417.138281250  0.007011398
1417.142187500  0.007034742
1417.146093750  0.006863347
1417.150000000  0.006836066
1417.153906250  0.006873111
1417.157812500  0.006807213
1417.161718750  0.006890209
1417.165625000  0.006883229
1417.169531250  0.006893678
1417.173437500  0.006808316
1417.177343750  0.006911653
1417.181250000  0.006913057
1417.185156250  0.006787256
1417.189062500  0.006868245
1417.192968750  0.006943679
1417.196875000  0.007012710
1417.200781250  0.006904062
1417.204687500  0.006816038
1417.208593750  0.006833407
1417.212500000  0.006786117
1417.216406250  0.006699968
1417.220312500  0.006721244
1417.224218750  0.006847333
1417.228125000  0.006773310
1417.232031250  0.006667885
1417.235937500  0.006810829
1417.239843750  0.006729128
1417.243750000  0.006808858
1417.247656250  0.006916416
1417.251562500  0.006887377
1417.255468750  0.006765911
1417.259375000  0.006781834
1417.263281250  0.006712076
1417.267187500  0.006786380
1417.271093750  0.006793655
1417.275000000  0.006736236
1417.278906250  0.006791758
1417.282812500  0.006771950
1417.286718750  0.006689880
1417.290625000  0.006810784
1417.294531250  0.006806711
1417.298437500  0.006739066
1417.302343750  0.006778612
1417.306250000  0.006878158
1417.310156250  0.006738788
1417.314062500  0.006735911
1417.317968750  0.006681506
1417.321875000  0.006714553
1417.325781250  0.006706130
1417.329687500  0.006694196
1417.333593750  0.006728883
1417.337500000  0.006649773
1417.341406250  0.006688173
1417.345312500  0.006713378
1417.349218750  0.006723031
1417.353125000  0.006758278
1417.357031250  0.006698027
1417.360937500  0.006733088
1417.364843750  0.006702500
1417.368750000  0.006664115
1417.372656250  0.006641359
1417.376562500  0.006709254
1417.380468750  0.006698576
1417.384375000  0.006742679
1417.388281250  0.006731728
1417.392187500  0.006747255
1417.396093750  0.006717091
1417.400000000  0.006761117
1417.403906250  0.006626434
1417.407812500  0.006720485
1417.411718750  0.006707830
1417.415625000  0.006655626
1417.419531250  0.006720475
1417.423437500  0.006663226
1417.427343750  0.006725111
1417.431250000  0.006639639
1417.435156250  0.006647472
1417.439062500  0.006688026
1417.442968750  0.006619144
1417.446875000  0.006664237
1417.450781250  0.006654563
1417.454687500  0.006676472
1417.458593750  0.006603228
1417.462500000  0.006643166
1417.466406250  0.006591372
1417.470312500  0.006705870
1417.474218750  0.006617087
1417.478125000  0.006603808
1417.482031250  0.006619518
1417.485937500  0.006683222
1417.489843750  0.006573237
1417.493750000  0.006599566
1417.497656250  0.006677899
1417.501562500  0.006622706
1417.505468750  0.006596032
1417.509375000  0.006641047
1417.513281250  0.006587588
1417.517187500  0.006642450
1417.521093750  0.006602383
1417.525000000  0.006693175
1417.528906250  0.006637810
1417.532812500  0.006666499
1417.536718750  0.006580936
1417.540625000  0.006605479
1417.544531250  0.006627053
1417.548437500  0.006560060
1417.552343750  0.006638529
1417.556250000  0.006568093
1417.560156250  0.006611887
1417.564062500  0.006619779
1417.567968750  0.006615598
1417.571875000  0.006516159
1417.575781250  0.006622103
1417.579687500  0.006697090
1417.583593750  0.006584346
1417.587500000  0.006604399
1417.591406250  0.006579167
1417.595312500  0.006555413
1417.599218750  0.006561728
1417.603125000  0.006542108
1417.607031250  0.006592604
1417.610937500  0.006562048
1417.614843750  0.006561569
1417.618750000  0.006562892
1417.622656250  0.006532020
1417.626562500  0.006543546
1417.630468750  0.006620765
1417.634375000  0.006632172
1417.638281250  0.006525220
1417.642187500  0.006561171
1417.646093750  0.006581166
1417.650000000  0.006463587
1417.653906250  0.006522747
1417.657812500  0.006529011
1417.661718750  0.006515638
1417.665625000  0.006548682
1417.669531250  0.006493743
1417.673437500  0.006496577
1417.677343750  0.006567288
1417.681250000  0.006502177
1417.685156250  0.006528243
1417.689062500  0.006622128
1417.692968750  0.006503559
1417.696875000  0.006558758
1417.700781250  0.006544899
1417.704687500  0.006603593
1417.708593750  0.006522881
1417.712500000  0.006511042
1417.716406250  0.006518574
1417.720312500  0.006473671
1417.724218750  0.006567268
1417.728125000  0.006538811
1417.732031250  0.006525240
1417.735937500  0.006571933
1417.739843750  0.006505091
1417.743750000  0.006544372
1417.747656250  0.006513534
1417.751562500  0.006530501
1417.755468750  0.006473351
1417.759375000  0.006484509
1417.763281250  0.006492732
1417.767187500  0.006495069
1417.771093750  0.006573872
1417.775000000  0.006488557
1417.778906250  0.006501815
1417.782812500  0.006487929
1417.786718750  0.006536374
1417.790625000  0.006492690
1417.794531250  0.006488223
1417.798437500  0.006551036
1417.802343750  0.006500749
1417.806250000  0.006478176
1417.810156250  0.006510372
1417.814062500  0.006501017
1417.817968750  0.006535335
1417.821875000  0.006505154
1417.825781250  0.006427425
1417.829687500  0.006531698
1417.833593750  0.006521703
1417.837500000  0.006446372
1417.841406250  0.006430219
1417.845312500  0.006470057
1417.849218750  0.006500499
1417.853125000  0.006518501
1417.857031250  0.006479966
1417.860937500  0.006506308
1417.864843750  0.006522980
1417.868750000  0.006484208
1417.872656250  0.006436481
1417.876562500  0.006484144
1417.880468750  0.006487213
1417.884375000  0.006470053
1417.888281250  0.006467108
1417.892187500  0.006404583
1417.896093750  0.006424297
1417.900000000  0.006477802
1417.903906250  0.006442358
1417.907812500  0.006494434
1417.911718750  0.006512623
1417.915625000  0.006503960
1417.919531250  0.006486040
1417.923437500  0.006460247
1417.927343750  0.006443107
1417.931250000  0.006444856
1417.935156250  0.006382930
1417.939062500  0.006431971
1417.942968750  0.006482744
1417.946875000  0.006453737
1417.950781250  0.006410189
1417.954687500  0.006471334
1417.958593750  0.006439172
1417.962500000  0.006553799
1417.966406250  0.006432428
1417.970312500  0.006453782
1417.974218750  0.006497398
1417.978125000  0.006462762
1417.982031250  0.006432703
1417.985937500  0.006406030
1417.989843750  0.006468362
1417.993750000  0.006409387
1417.997656250  0.006406168
1418.001562500  0.006423776
1418.005468750  0.006404798
1418.009375000  0.006559108
1418.013281250  0.006406569
1418.017187500  0.006426387
1418.021093750  0.006381054
1418.025000000  0.006384422
1418.028906250  0.006467567
1418.032812500  0.006380264
1418.036718750  0.006428983
1418.040625000  0.006400813
1418.044531250  0.006405698
1418.048437500  0.006429545
1418.052343750  0.006441478
1418.056250000  0.006417241
1418.060156250  0.006334393
1418.064062500  0.006411531
1418.067968750  0.006446015
1418.071875000  0.006415920
1418.075781250  0.006393404
1418.079687500  0.006393788
1418.083593750  0.006354942
1418.087500000  0.006386454
1418.091406250  0.006355181
1418.095312500  0.006336960
1418.099218750  0.006408271
1418.103125000  0.006412897
1418.107031250  0.006423158
1418.110937500  0.006488540
1418.114843750  0.006410247
1418.118750000  0.006402275
1418.122656250  0.006391569
1418.126562500  0.006462531
1418.130468750  0.006337857
1418.134375000  0.006352215
1418.138281250  0.006401007
1418.142187500  0.006352294
1418.146093750  0.006377100
1418.150000000  0.006440559
1418.153906250  0.006351911
1418.157812500  0.006403080
1418.161718750  0.006360905
1418.165625000  0.006403046
1418.169531250  0.006443002
1418.173437500  0.006367613
1418.177343750  0.006385084
1418.181250000  0.006470445
1418.185156250  0.006353034
1418.189062500  0.006392105
1418.192968750  0.006390822
1418.196875000  0.006398915
1418.200781250  0.006432894
1418.204687500  0.006333883
1418.208593750  0.006421976
1418.212500000  0.006442176
1418.216406250  0.006364257
1418.220312500  0.006430500
1418.224218750  0.006390702
1418.228125000  0.006382157
1418.232031250  0.006377713
1418.235937500  0.006462570
1418.239843750  0.006402232
1418.243750000  0.006335873
1418.247656250  0.006395312
1418.251562500  0.006362831
1418.255468750  0.006378225
1418.259375000  0.006347047
1418.263281250  0.006348300
1418.267187500  0.006351090
1418.271093750  0.006355398
1418.275000000  0.006296739
1418.278906250  0.006366236
1418.282812500  0.006396441
1418.286718750  0.006402987
1418.290625000  0.006452576
1418.294531250  0.006397595
1418.298437500  0.006416407
1418.302343750  0.006425147
1418.306250000  0.006329689
1418.310156250  0.006312551
1418.314062500  0.006360394
1418.317968750  0.006348801
1418.321875000  0.006405457
1418.325781250  0.006374942
1418.329687500  0.006386815
1418.333593750  0.006400444
1418.337500000  0.006378962
1418.341406250  0.006397882
1418.345312500  0.006405476
1418.349218750  0.006436568
1418.353125000  0.006375229
1418.357031250  0.006416446
1418.360937500  0.006440816
1418.364843750  0.006312931
1418.368750000  0.006349478
1418.372656250  0.006318849
1418.376562500  0.006354031
1418.380468750  0.006378081
1418.384375000  0.006319645
1418.388281250  0.006456845
1418.392187500  0.006428753
1418.396093750  0.006348582
1418.400000000  0.006421628
1418.403906250  0.006406047
1418.407812500  0.006340026
1418.411718750  0.006384234
1418.415625000  0.006313410
1418.419531250  0.006308559
1418.423437500  0.006316994
1418.427343750  0.006333468
1418.431250000  0.006430583
1418.435156250  0.006350284
1418.439062500  0.006337159
1418.442968750  0.006402966
1418.446875000  0.006409776
1418.450781250  0.006382531
1418.454687500  0.006397199
1418.458593750  0.006327773
1418.462500000  0.006365013
1418.466406250  0.006323976
1418.470312500  0.006348192
1418.474218750  0.006322513
1418.478125000  0.006359509
1418.482031250  0.006387608
1418.485937500  0.006398711
1418.489843750  0.006345421
1418.493750000  0.006354978
1418.497656250  0.006352081
1418.501562500  0.006410337
1418.505468750  0.006359582
1418.509375000  0.006398877
1418.513281250  0.006354696
1418.517187500  0.006371903
1418.521093750  0.006398347
1418.525000000  0.006308451
1418.528906250  0.006358985
1418.532812500  0.006421438
1418.536718750  0.006396926
1418.540625000  0.006366581
1418.544531250  0.006358470
1418.548437500  0.006353041
1418.552343750  0.006354797
1418.556250000  0.006328818
1418.560156250  0.006322959
1418.564062500  0.006374099
1418.567968750  0.006329183
1418.571875000  0.006341766
1418.575781250  0.006379644
1418.579687500  0.006408545
1418.583593750  0.006342561
1418.587500000  0.006427705
1418.591406250  0.006378930
1418.595312500  0.006381764
1418.599218750  0.006357131
1418.603125000  0.006324272
1418.607031250  0.006322325
1418.610937500  0.006291708
1418.614843750  0.006382567
1418.618750000  0.006376138
1418.622656250  0.006321315
1418.626562500  0.006399276
1418.630468750  0.006386928
1418.634375000  0.006403022
1418.638281250  0.006388258
1418.642187500  0.006378362
1418.646093750  0.006380918
1418.650000000  0.006318819
1418.653906250  0.006320081
1418.657812500  0.006380094
1418.661718750  0.006369948
1418.665625000  0.006359903
1418.669531250  0.006384607
1418.673437500  0.006411024
1418.677343750  0.006393057
1418.681250000  0.006331082
1418.685156250  0.006419927
1418.689062500  0.006337849
1418.692968750  0.006316113
1418.696875000  0.006449237
1418.700781250  0.006360686
1418.704687500  0.006362104
1418.708593750  0.006371429
1418.712500000  0.006321044
1418.716406250  0.006305066
1418.720312500  0.006404067
1418.724218750  0.006404241
1418.728125000  0.006460635
1418.732031250  0.006322854
1418.735937500  0.006363738
1418.739843750  0.006381713
1418.743750000  0.006371658
1418.747656250  0.006354820
1418.751562500  0.006412285
1418.755468750  0.006370554
1418.759375000  0.006334409
1418.763281250  0.006413771
1418.767187500  0.006441505
1418.771093750  0.006453439
1418.775000000  0.006379810
1418.778906250  0.006410367
1418.782812500  0.006390476
1418.786718750  0.006379833
1418.790625000  0.006405281
1418.794531250  0.006374827
1418.798437500  0.006389918
1418.802343750  0.006350395
1418.806250000  0.006399668
1418.810156250  0.006373469
1418.814062500  0.006388257
1418.817968750  0.006366971
1418.821875000  0.006361287
1418.825781250  0.006358592
1418.829687500  0.006348181
1418.833593750  0.006436962
1418.837500000  0.006404892
1418.841406250  0.006346595
1418.845312500  0.006351350
1418.849218750  0.006326481
1418.853125000  0.006343779
1418.857031250  0.006398730
1418.860937500  0.006374665
1418.864843750  0.006351963
1418.868750000  0.006411608
1418.872656250  0.006422173
1418.876562500  0.006362015
1418.880468750  0.006346123
1418.884375000  0.006377229
1418.888281250  0.006364054
1418.892187500  0.006416574
1418.896093750  0.006354784
1418.900000000  0.006350946
1418.903906250  0.006401323
1418.907812500  0.006415522
1418.911718750  0.006425483
1418.915625000  0.006397101
1418.919531250  0.006419298
1418.923437500  0.006443194
1418.927343750  0.006373531
1418.931250000  0.006441388
1418.935156250  0.006416683
1418.939062500  0.006466016
1418.942968750  0.006401339
1418.946875000  0.006431582
1418.950781250  0.006333046
1418.954687500  0.006449867
1418.958593750  0.006410152
1418.962500000  0.006391362
1418.966406250  0.006368029
1418.970312500  0.006408101
1418.974218750  0.006424669
1418.978125000  0.006338759
1418.982031250  0.006371725
1418.985937500  0.006361977
1418.989843750  0.006400520
1418.993750000  0.006371358
1418.997656250  0.006323544
1419.001562500  0.006399999
1419.005468750  0.006336123
1419.009375000  0.006424536
1419.013281250  0.006361125
1419.017187500  0.006384204
1419.021093750  0.006397593
1419.025000000  0.006385371
1419.028906250  0.006357578
1419.032812500  0.006357632
1419.036718750  0.006418182
1419.040625000  0.006387504
1419.044531250  0.006370465
1419.048437500  0.006344760
1419.052343750  0.006384154
1419.056250000  0.006442551
1419.060156250  0.006446682
1419.064062500  0.006386925
1419.067968750  0.006394570
1419.071875000  0.006372286
1419.075781250  0.006340387
1419.079687500  0.006441116
1419.083593750  0.006394468
1419.087500000  0.006379671
1419.091406250  0.006397111
1419.095312500  0.006440846
1419.099218750  0.006381259
1419.103125000  0.006387955
1419.107031250  0.006416333
1419.110937500  0.006430842
1419.114843750  0.006445920
1419.118750000  0.006434210
1419.122656250  0.006492026
1419.126562500  0.006411820
1419.130468750  0.006453450
1419.134375000  0.007319473
1419.138281250  0.006455730
1419.142187500  0.006344034
1419.146093750  0.006391881
1419.150000000  0.006331792
1419.153906250  0.006426803
1419.157812500  0.006371907
1419.161718750  0.006368635
1419.165625000  0.006349850
1419.169531250  0.006439740
1419.173437500  0.006328266
1419.177343750  0.006364152
1419.181250000  0.006378650
1419.185156250  0.006375132
1419.189062500  0.006315617
1419.192968750  0.006434360
1419.196875000  0.006349736
1419.200781250  0.006483045
1419.204687500  0.006394240
1419.208593750  0.006341058
1419.212500000  0.006349222
1419.216406250  0.006370872
1419.220312500  0.006455774
1419.224218750  0.006378850
1419.228125000  0.006373426
1419.232031250  0.006408443
1419.235937500  0.006385542
1419.239843750  0.006379732
1419.243750000  0.006368627
1419.247656250  0.006392986
1419.251562500  0.006417903
1419.255468750  0.006364032
1419.259375000  0.006328016
1419.263281250  0.006340334
1419.267187500  0.006377792
1419.271093750  0.006425293
1419.275000000  0.006345949
1419.278906250  0.006374841
1419.282812500  0.006391781
1419.286718750  0.006393239
1419.290625000  0.006407699
1419.294531250  0.006421538
1419.298437500  0.006400474
1419.302343750  0.006382260
1419.306250000  0.006352010
1419.310156250  0.006351696
1419.314062500  0.006390407
1419.317968750  0.006334691
1419.321875000  0.006398297
1419.325781250  0.006402143
1419.329687500  0.006395022
1419.333593750  0.006422895
1419.337500000  0.006382693
1419.341406250  0.006340100
1419.345312500  0.006373093
1419.349218750  0.006449603
1419.353125000  0.006357131
1419.357031250  0.006398069
1419.360937500  0.006394931
1419.364843750  0.006428487
1419.368750000  0.006395079
1419.372656250  0.006407477
1419.376562500  0.006375491
1419.380468750  0.006358415
1419.384375000  0.006382805
1419.388281250  0.006385327
1419.392187500  0.006440528
1419.396093750  0.006388591
1419.400000000  0.006387715
1419.403906250  0.006343241
1419.407812500  0.006434304
1419.411718750  0.006357981
1419.415625000  0.006384261
1419.419531250  0.006363156
1419.423437500  0.006396328
1419.427343750  0.006372739
1419.431250000  0.006362074
1419.435156250  0.006326503
1419.439062500  0.006435952
1419.442968750  0.006401785
1419.446875000  0.006311138
1419.450781250  0.006357403
1419.454687500  0.006420237
1419.458593750  0.006379143
1419.462500000  0.006443929
1419.466406250  0.006443392
1419.470312500  0.006373881
1419.474218750  0.006395106
1419.478125000  0.006360720
1419.482031250  0.006349367
1419.485937500  0.006403890
1419.489843750  0.006323541
1419.493750000  0.006288438
1419.497656250  0.006361298
1419.501562500  0.006427216
1419.505468750  0.006396751
1419.509375000  0.006407200
1419.513281250  0.006413678
1419.517187500  0.006401380
1419.521093750  0.006365631
1419.525000000  0.006369319
1419.528906250  0.006396342
1419.532812500  0.006439058
1419.536718750  0.006363917
1419.540625000  0.006406048
1419.544531250  0.006427891
1419.548437500  0.006416944
1419.552343750  0.006428725
1419.556250000  0.006385704
1419.560156250  0.006402249
1419.564062500  0.006375993
1419.567968750  0.006381794
1419.571875000  0.006382592
1419.575781250  0.006397126
1419.579687500  0.006335397
1419.583593750  0.006335753
1419.587500000  0.006355326
1419.591406250  0.006399767
1419.595312500  0.006357620
1419.599218750  0.006341454
1419.603125000  0.006352724
1419.607031250  0.006452023
1419.610937500  0.006338879
1419.614843750  0.006400527
1419.618750000  0.006366191
1419.622656250  0.006359150
1419.626562500  0.006374209
1419.630468750  0.006438849
1419.634375000  0.006371146
1419.638281250  0.006286558
1419.642187500  0.006346059
1419.646093750  0.006394630
1419.650000000  0.006353477
1419.653906250  0.006419948
1419.657812500  0.006410265
1419.661718750  0.006439733
1419.665625000  0.006362745
1419.669531250  0.006399837
1419.673437500  0.006398285
1419.677343750  0.006432536
1419.681250000  0.006386349
1419.685156250  0.006371568
1419.689062500  0.006425672
1419.692968750  0.006349318
1419.696875000  0.006383535
1419.700781250  0.006362086
1419.704687500  0.006367166
1419.708593750  0.006385839
1419.712500000  0.006374697
1419.716406250  0.006368094
1419.720312500  0.006421645
1419.724218750  0.006510550
1419.728125000  0.006390979
1419.732031250  0.006399076
1419.735937500  0.006445317
1419.739843750  0.006356560
1419.743750000  0.006367491
1419.747656250  0.006370567
1419.751562500  0.006456459
1419.755468750  0.006452412
1419.759375000  0.006400820
1419.763281250  0.006419795
1419.767187500  0.006387101
1419.771093750  0.006451746
1419.775000000  0.006403946
1419.778906250  0.006355229
1419.782812500  0.006402845
1419.786718750  0.006420004
1419.790625000  0.006391068
1419.794531250  0.006343703
1419.798437500  0.006350758
1419.802343750  0.006458074
1419.806250000  0.006386154
1419.810156250  0.006403295
1419.814062500  0.006398341
1419.817968750  0.006435288
1419.821875000  0.006406219
1419.825781250  0.006387141
1419.829687500  0.006337259
1419.833593750  0.006424699
1419.837500000  0.006366033
1419.841406250  0.006379328
1419.845312500  0.006415654
1419.849218750  0.006424722
1419.853125000  0.006388584
1419.857031250  0.006431645
1419.860937500  0.006389193
1419.864843750  0.006461621
1419.868750000  0.006415953
1419.872656250  0.006398416
1419.876562500  0.006392707
1419.880468750  0.006315768
1419.884375000  0.006468481
1419.888281250  0.006448865
1419.892187500  0.006345532
1419.896093750  0.006433954
1419.900000000  0.006453697
1419.903906250  0.006433866
1419.907812500  0.006392266
1419.911718750  0.006409104
1419.915625000  0.006422157
1419.919531250  0.006428789
1419.923437500  0.006402064
1419.927343750  0.006378721
1419.931250000  0.006443832
1419.935156250  0.006401012
1419.939062500  0.006298952
1419.942968750  0.006398251
1419.946875000  0.006427287
1419.950781250  0.006422602
1419.954687500  0.006460228
1419.958593750  0.006420710
1419.962500000  0.006468014
1419.966406250  0.006435521
1419.970312500  0.006451782
1419.974218750  0.006445592
1419.978125000  0.006427546
1419.982031250  0.006425646
1419.985937500  0.006560727
1419.989843750  0.006497041
1419.993750000  0.006443323
1419.997656250  0.006535369
1420.001562500  0.006672209
1420.005468750  0.006476800
1420.009375000  0.006451242
1420.013281250  0.006413313
1420.017187500  0.006381408
1420.021093750  0.006383886
1420.025000000  0.006414732
1420.028906250  0.006379645
1420.032812500  0.006366294
1420.036718750  0.006407886
1420.040625000  0.006504826
1420.044531250  0.006398313
1420.048437500  0.006375616
1420.052343750  0.006464668
1420.056250000  0.006457587
1420.060156250  0.006399878
1420.064062500  0.006445206
1420.067968750  0.006413649
1420.071875000  0.006379841
1420.075781250  0.006411299
1420.079687500  0.006383326
1420.083593750  0.006427140
1420.087500000  0.006402504
1420.091406250  0.006476182
1420.095312500  0.006499702
1420.099218750  0.006370841
1420.103125000  0.006484614
1420.107031250  0.006377627
1420.110937500  0.006427197
1420.114843750  0.006425726
1420.118750000  0.006404972
1420.122656250  0.006438460
1420.126562500  0.006397522
1420.130468750  0.006423589
1420.134375000  0.006375719
1420.138281250  0.006391633
1420.142187500  0.006397567
1420.146093750  0.006441746
1420.150000000  0.006400277
1420.153906250  0.006474317
1420.157812500  0.006466700
1420.161718750  0.006499583
1420.165625000  0.006418495
1420.169531250  0.006451655
1420.173437500  0.006409529
1420.177343750  0.006421750
1420.181250000  0.006384113
1420.185156250  0.006394458
1420.189062500  0.006428207
1420.192968750  0.006431034
1420.196875000  0.006348623
1420.200781250  0.006403918
1420.204687500  0.006429433
1420.208593750  0.006426220
1420.212500000  0.006423644
1420.216406250  0.006451788
1420.220312500  0.006475156
1420.224218750  0.006400268
1420.228125000  0.006411415
1420.232031250  0.006448284
1420.235937500  0.006471456
1420.239843750  0.006472707
1420.243750000  0.006438328
1420.247656250  0.006477343
1420.251562500  0.006472888
1420.255468750  0.006483082
1420.259375000  0.006448377
1420.263281250  0.006398803
1420.267187500  0.006430935
1420.271093750  0.006480061
1420.275000000  0.006485294
1420.278906250  0.006401928
1420.282812500  0.006450238
1420.286718750  0.006398148
1420.290625000  0.006475866
1420.294531250  0.006509223
1420.298437500  0.006460644
1420.302343750  0.006408227
1420.306250000  0.006411163
1420.310156250  0.006520337
1420.314062500  0.006469842
1420.317968750  0.006535105
1420.321875000  0.006393954
1420.325781250  0.006509551
1420.329687500  0.006466028
1420.333593750  0.006412312
1420.337500000  0.006450326
1420.341406250  0.006506965
1420.345312500  0.006486641
1420.349218750  0.006451637
1420.353125000  0.006470353
1420.357031250  0.006514907
1420.360937500  0.006503506
1420.364843750  0.006471917
1420.368750000  0.006524131
1420.372656250  0.006560770
1420.376562500  0.006560123
1420.380468750  0.006609625
1420.384375000  0.006508591
1420.388281250  0.006596958
1420.392187500  0.006641815
1420.396093750  0.006618912
1420.400000000  0.007496900
1420.403906250  0.006571491
1420.407812500  0.006603086
1420.411718750  0.006606776
1420.415625000  0.006641739
1420.419531250  0.006541304
1420.423437500  0.006629060
1420.427343750  0.006619842
1420.431250000  0.006601175
1420.435156250  0.006654397
1420.439062500  0.006672023
1420.442968750  0.006583237
1420.446875000  0.006576970
1420.450781250  0.006608191
1420.454687500  0.006605959
1420.458593750  0.006556574
1420.462500000  0.006508785
1420.466406250  0.006588627
1420.470312500  0.006589141
1420.474218750  0.006612563
1420.478125000  0.006549915
1420.482031250  0.006546767
1420.485937500  0.006541275
1420.489843750  0.006608712
1420.493750000  0.006535517
1420.497656250  0.006480044
1420.501562500  0.006525837
1420.505468750  0.006534356
1420.509375000  0.006482152
1420.513281250  0.006530689
1420.517187500  0.006473844
1420.521093750  0.006486172
1420.525000000  0.006443171
1420.528906250  0.006437309
1420.532812500  0.006461457
1420.536718750  0.006378324
1420.540625000  0.006412523
1420.544531250  0.006400964
1420.548437500  0.006450137
1420.552343750  0.006456175
1420.556250000  0.006477136
1420.560156250  0.006407234
1420.564062500  0.006445692
1420.567968750  0.006396385
1420.571875000  0.006436789
1420.575781250  0.006446450
1420.579687500  0.006437168
1420.583593750  0.006368644
1420.587500000  0.006494372
1420.591406250  0.006441858
1420.595312500  0.006417323
1420.599218750  0.006439632
1420.603125000  0.006414794
1420.607031250  0.006401255
1420.610937500  0.006412959
1420.614843750  0.006413513
1420.618750000  0.006412906
1420.622656250  0.006434713
1420.626562500  0.006465324
1420.630468750  0.006438818
1420.634375000  0.006370896
1420.638281250  0.006401563
1420.642187500  0.006376368
1420.646093750  0.006418089
1420.650000000  0.006421263
1420.653906250  0.006466380
1420.657812500  0.006443747
1420.661718750  0.006392067
1420.665625000  0.006422604
1420.669531250  0.006386535
1420.673437500  0.006394125
1420.677343750  0.006496737
1420.681250000  0.006388307
1420.685156250  0.006448382
1420.689062500  0.006433438
1420.692968750  0.006449855
1420.696875000  0.006438034
1420.700781250  0.006439861
1420.704687500  0.006409845
1420.708593750  0.006468573
1420.712500000  0.006366364
1420.716406250  0.006448380
1420.720312500  0.006399152
1420.724218750  0.006385970
1420.728125000  0.006395489
1420.732031250  0.006404030
1420.735937500  0.006368949
1420.739843750  0.006380665
1420.743750000  0.006449741
1420.747656250  0.006373419
1420.751562500  0.006385475
1420.755468750  0.006421452
1420.759375000  0.006353895
1420.763281250  0.006432139
1420.767187500  0.006469809
1420.771093750  0.006393527
1420.775000000  0.006400470
1420.778906250  0.006462523
1420.782812500  0.006425517
1420.786718750  0.006397389
1420.790625000  0.006384457
1420.794531250  0.006413305
1420.798437500  0.006419982
1420.802343750  0.006339899
1420.806250000  0.006414794
1420.810156250  0.006378416
1420.814062500  0.006433210
1420.817968750  0.006383529
1420.821875000  0.006428106
1420.825781250  0.006410144
1420.829687500  0.006448389
1420.833593750  0.006414906
1420.837500000  0.006429823
1420.841406250  0.006407023
1420.845312500  0.006452417
1420.849218750  0.006452274
1420.853125000  0.006383809
1420.857031250  0.006431807
1420.860937500  0.006448044
1420.864843750  0.006402095
1420.868750000  0.006449817
1420.872656250  0.006398712
1420.876562500  0.006425238
1420.880468750  0.006394216
1420.884375000  0.006436808
1420.888281250  0.006366074
1420.892187500  0.006411264
1420.896093750  0.006452427
1420.900000000  0.006416459
1420.903906250  0.006465122
1420.907812500  0.006402923
1420.911718750  0.006410540
1420.915625000  0.006454969
1420.919531250  0.006362272
1420.923437500  0.006458406
1420.927343750  0.006413157
1420.931250000  0.006396447
1420.935156250  0.006425573
1420.939062500  0.006474060
1420.942968750  0.006412532
1420.946875000  0.006431951
1420.950781250  0.006390657
1420.954687500  0.006417481
1420.958593750  0.006398031
1420.962500000  0.006448790
1420.966406250  0.006348949
1420.970312500  0.006364637
1420.974218750  0.006434494
1420.978125000  0.006443236
1420.982031250  0.006426540
1420.985937500  0.006433354
1420.989843750  0.006465678
1420.993750000  0.006443119
1420.997656250  0.006447765
1421.001562500  0.006438190
1421.005468750  0.006396245
1421.009375000  0.006394617
1421.013281250  0.006443060
1421.017187500  0.006401251
1421.021093750  0.006414463
1421.025000000  0.006472431
1421.028906250  0.006439564
1421.032812500  0.006447910
1421.036718750  0.006428984
1421.040625000  0.006453622
1421.044531250  0.006380590
1421.048437500  0.006386752
1421.052343750  0.006442527
1421.056250000  0.006370319
1421.060156250  0.006440297
1421.064062500  0.006439656
1421.067968750  0.006401252
1421.071875000  0.006435179
1421.075781250  0.006452843
1421.079687500  0.006452429
1421.083593750  0.006510440
1421.087500000  0.006432907
1421.091406250  0.006406085
1421.095312500  0.006409892
1421.099218750  0.006427771
1421.103125000  0.006381200
1421.107031250  0.006428901
1421.110937500  0.006424682
1421.114843750  0.006429994
1421.118750000  0.006411970
1421.122656250  0.006420678
1421.126562500  0.006431363
1421.130468750  0.006528352
1421.134375000  0.006458489
1421.138281250  0.006417411
1421.142187500  0.006421820
1421.146093750  0.006443015
1421.150000000  0.006391940
1421.153906250  0.006485164
1421.157812500  0.006410798
1421.161718750  0.006467199
1421.165625000  0.006449728
1421.169531250  0.006424421
1421.173437500  0.006490186
1421.177343750  0.006404444
1421.181250000  0.006458734
1421.185156250  0.006476446
1421.189062500  0.006491831
1421.192968750  0.006468089
1421.196875000  0.006473169
1421.200781250  0.006451503
1421.204687500  0.006465195
1421.208593750  0.006444619
1421.212500000  0.006409705
1421.216406250  0.006491045
1421.220312500  0.006497151
1421.224218750  0.006434437
1421.228125000  0.006428867
1421.232031250  0.006445367
1421.235937500  0.006484097
1421.239843750  0.006442044
1421.243750000  0.006425397
1421.247656250  0.006420959
1421.251562500  0.006492585
1421.255468750  0.006428166
1421.259375000  0.006434827
1421.263281250  0.006435535
1421.267187500  0.006406760
1421.271093750  0.006425047
1421.275000000  0.006452051
1421.278906250  0.006482565
1421.282812500  0.006425549
1421.286718750  0.006458454
1421.290625000  0.006417406
1421.294531250  0.006455208
1421.298437500  0.006465865
1421.302343750  0.006390127
1421.306250000  0.006443647
1421.310156250  0.006498014
1421.314062500  0.006481034
1421.317968750  0.006482344
1421.321875000  0.006414970
1421.325781250  0.006476381
1421.329687500  0.006463160
1421.333593750  0.006442383
1421.337500000  0.006450811
1421.341406250  0.006477850
1421.345312500  0.006464081
1421.349218750  0.006539666
1421.353125000  0.006425040
1421.357031250  0.006468342
1421.360937500  0.006548849
1421.364843750  0.006521515
1421.368750000  0.006463984
1421.372656250  0.006512839
1421.376562500  0.006495949
1421.380468750  0.006503037
1421.384375000  0.006481250
1421.388281250  0.006527062
1421.392187500  0.006461750
1421.396093750  0.006477393
1421.400000000  0.006490229
1421.403906250  0.006681900
1421.407812500  0.006494717
1421.411718750  0.006440752
1421.415625000  0.006501767
1421.419531250  0.006501238
1421.423437500  0.006391457
1421.427343750  0.006465593
1421.431250000  0.006511164
1421.435156250  0.006525672
1421.439062500  0.006494176
1421.442968750  0.006472320
1421.446875000  0.006468252
1421.450781250  0.006465967
1421.454687500  0.006480625
1421.458593750  0.006533527
1421.462500000  0.006519973
1421.466406250  0.006519486
1421.470312500  0.006429093
1421.474218750  0.006444203
1421.478125000  0.006466404
1421.482031250  0.006463227
1421.485937500  0.006487824
1421.489843750  0.006489458
1421.493750000  0.006453747
1421.497656250  0.006484433
1421.501562500  0.006484921
1421.505468750  0.006463257
1421.509375000  0.006530579
1421.513281250  0.006488026
1421.517187500  0.006493745
1421.521093750  0.006477216
1421.525000000  0.006475314
1421.528906250  0.006529077
1421.532812500  0.006496098
1421.536718750  0.006474546
1421.540625000  0.006513730
1421.544531250  0.006419715
1421.548437500  0.006544623
1421.552343750  0.006525368
1421.556250000  0.006453611
1421.560156250  0.006518207
1421.564062500  0.006502380
1421.567968750  0.006453622
1421.571875000  0.006456565
1421.575781250  0.006527536
1421.579687500  0.006457444
1421.583593750  0.006461806
1421.587500000  0.006457019
1421.591406250  0.006510290
1421.595312500  0.006525979
1421.599218750  0.006445629
1421.603125000  0.006473219
1421.607031250  0.006480576
1421.610937500  0.006510257
1421.614843750  0.006500356
1421.618750000  0.006520215
1421.622656250  0.006470888
1421.626562500  0.006432487
1421.630468750  0.006545493
1421.634375000  0.006469124
1421.638281250  0.006496143
1421.642187500  0.006532123
1421.646093750  0.006491150
1421.650000000  0.006504647
1421.653906250  0.006538243
1421.657812500  0.006462072
1421.661718750  0.006449702
1421.665625000  0.006470024
1421.669531250  0.006503240
1421.673437500  0.006466399
1421.677343750  0.006559654
1421.681250000  0.006530984
1421.685156250  0.006466824
1421.689062500  0.006429397
1421.692968750  0.006453877
1421.696875000  0.006484731
1421.700781250  0.006519862
1421.704687500  0.006465522
1421.708593750  0.006427306
1421.712500000  0.006471639
1421.716406250  0.006436609
1421.720312500  0.006568525
1421.724218750  0.006518007
1421.728125000  0.006493048
1421.732031250  0.006454569
1421.735937500  0.006463667
1421.739843750  0.006483326
1421.743750000  0.006458533
1421.747656250  0.006415203
1421.751562500  0.006475714
1421.755468750  0.006439798
1421.759375000  0.006436948
1421.763281250  0.006503019
1421.767187500  0.006462915
1421.771093750  0.006513706
1421.775000000  0.006403887
1421.778906250  0.006508218
1421.782812500  0.006386577
1421.786718750  0.006458322
1421.790625000  0.006409402
1421.794531250  0.006458176
1421.798437500  0.006474464
1421.802343750  0.006457120
1421.806250000  0.006422108
1421.810156250  0.006493493
1421.814062500  0.006486682
1421.817968750  0.006491164
1421.821875000  0.006440642
1421.825781250  0.006469727
1421.829687500  0.006494846
1421.833593750  0.006468804
1421.837500000  0.006438143
1421.841406250  0.006454833
1421.845312500  0.006472911
1421.849218750  0.006511619
1421.853125000  0.006470273
1421.857031250  0.006461207
1421.860937500  0.006452386
1421.864843750  0.006474094
1421.868750000  0.006447403
1421.872656250  0.006493293
1421.876562500  0.006476462
1421.880468750  0.006423895
1421.884375000  0.006447547
1421.888281250  0.006451791
1421.892187500  0.006455364
1421.896093750  0.006475205
1421.900000000  0.006538335
1421.903906250  0.006508128
1421.907812500  0.006410336
1421.911718750  0.006429981
1421.915625000  0.006431423
1421.919531250  0.006460426
1421.923437500  0.006503040
1421.927343750  0.006495023
1421.931250000  0.006488388
1421.935156250  0.006421537
1421.939062500  0.006426413
1421.942968750  0.006436893
1421.946875000  0.006485055
1421.950781250  0.006543299
1421.954687500  0.006526954
1421.958593750  0.006498816
1421.962500000  0.006507068
1421.966406250  0.006462793
1421.970312500  0.006447181
1421.974218750  0.006383124
1421.978125000  0.006518000
1421.982031250  0.006506536
1421.985937500  0.006489524
1421.989843750  0.006424842
1421.993750000  0.006482907
1421.997656250  0.006462504
1422.001562500  0.006504642
1422.005468750  0.006452356
1422.009375000  0.006507766
1422.013281250  0.006506325
1422.017187500  0.006470974
1422.021093750  0.006453857
1422.025000000  0.006478178
1422.028906250  0.006495827
1422.032812500  0.006448085
1422.036718750  0.006448573
1422.040625000  0.006499866
1422.044531250  0.006472059
1422.048437500  0.006475885
1422.052343750  0.006496516
1422.056250000  0.006469314
1422.060156250  0.006504277
1422.064062500  0.006460034
1422.067968750  0.006495548
1422.071875000  0.006486293
1422.075781250  0.006443868
1422.079687500  0.006454974
1422.083593750  0.006464285
1422.087500000  0.006505928
1422.091406250  0.006510971
1422.095312500  0.006519195
1422.099218750  0.006482194
1422.103125000  0.006454091
1422.107031250  0.006439536
1422.110937500  0.006489048
1422.114843750  0.006370902
1422.118750000  0.006480532
1422.122656250  0.006489715
1422.126562500  0.006479001
1422.130468750  0.006499257
1422.134375000  0.006437356
1422.138281250  0.006500984
1422.142187500  0.006550970
1422.146093750  0.006457338
1422.150000000  0.006513078
1422.153906250  0.006695797
1422.157812500  0.006528520
1422.161718750  0.006524711
1422.165625000  0.006500313
1422.169531250  0.006521859
1422.173437500  0.006514046
1422.177343750  0.006458625
1422.181250000  0.006494960
1422.185156250  0.006540032
1422.189062500  0.006526429
1422.192968750  0.006504585
1422.196875000  0.006514665
1422.200781250  0.006546686
1422.204687500  0.006516742
1422.208593750  0.006482266
1422.212500000  0.006449991
1422.216406250  0.006511394
1422.220312500  0.006518664
1422.224218750  0.006438713
1422.228125000  0.006492504
1422.232031250  0.006443172
1422.235937500  0.006440595
1422.239843750  0.006542675
1422.243750000  0.006457658
1422.247656250  0.006561063
1422.251562500  0.006494156
1422.255468750  0.006466374
1422.259375000  0.006530119
1422.263281250  0.006478542
1422.267187500  0.006462344
1422.271093750  0.006460185
1422.275000000  0.006473957
1422.278906250  0.006450212
1422.282812500  0.006514934
1422.286718750  0.006446096
1422.290625000  0.006498799
1422.294531250  0.006517598
1422.298437500  0.006586275
1422.302343750  0.006522129
1422.306250000  0.006504374
1422.310156250  0.006444909
1422.314062500  0.006477729
1422.317968750  0.006432907
1422.321875000  0.006464700
1422.325781250  0.006559066
1422.329687500  0.006475028
1422.333593750  0.006459720
1422.337500000  0.006473841
1422.341406250  0.006481028
1422.345312500  0.006933279
1422.349218750  0.006452834
1422.353125000  0.006491737
1422.357031250  0.006453396
1422.360937500  0.006463843
1422.364843750  0.006460243
1422.368750000  0.006441526
1422.372656250  0.006538224
1422.376562500  0.006502633
1422.380468750  0.006503902
1422.384375000  0.006449320
1422.388281250  0.006451282
1422.392187500  0.006753258
1422.396093750  0.006569925
1422.400000000  0.006524732
1422.403906250  0.006464237
1422.407812500  0.006471014
1422.411718750  0.006486899
1422.415625000  0.006499438
1422.419531250  0.006557928
1422.423437500  0.006462884
1422.427343750  0.006487718
1422.431250000  0.006509812
1422.435156250  0.006544944
1422.439062500  0.006468837
1422.442968750  0.006534066
1422.446875000  0.006524027
1422.450781250  0.006531259
1422.454687500  0.006549255
1422.458593750  0.006479804
1422.462500000  0.006532544
1422.466406250  0.006540119
1422.470312500  0.006500717
1422.474218750  0.006519960
1422.478125000  0.006451432
1422.482031250  0.006498653
1422.485937500  0.006560083
1422.489843750  0.006513719
1422.493750000  0.006472206
1422.497656250  0.006443814
1422.501562500  0.006524441
1422.505468750  0.006517238
1422.509375000  0.006508434
1422.513281250  0.006475448
1422.517187500  0.006493587
1422.521093750  0.006497673
1422.525000000  0.006505705
1422.528906250  0.006573363
1422.532812500  0.006525357
1422.536718750  0.006650430
1422.540625000  0.006534900
1422.544531250  0.006512256
1422.548437500  0.006482795
1422.552343750  0.006521211
1422.556250000  0.006545200
1422.560156250  0.006546432
1422.564062500  0.006525580
1422.567968750  0.006528299
1422.571875000  0.006566558
1422.575781250  0.006525140
1422.579687500  0.006515956
1422.583593750  0.006572602
1422.587500000  0.006696118
1422.591406250  0.006555325
1422.595312500  0.006576582
1422.599218750  0.006566507
1422.603125000  0.006556259
1422.607031250  0.006569183
1422.610937500  0.006507445
1422.614843750  0.006503968
1422.618750000  0.006541877
1422.622656250  0.006515811
1422.626562500  0.006568725
1422.630468750  0.006561763
1422.634375000  0.006637423
1422.638281250  0.006580986
1422.642187500  0.006585144
1422.646093750  0.006530174
1422.650000000  0.006513373
1422.653906250  0.006559269
1422.657812500  0.006584646
1422.661718750  0.006538631
1422.665625000  0.006577673
1422.669531250  0.006523904
1422.673437500  0.006517931
1422.677343750  0.006614048
1422.681250000  0.006631012
1422.685156250  0.006604003
1422.689062500  0.006566209
1422.692968750  0.006539326
1422.696875000  0.006585714
1422.700781250  0.006553613
1422.704687500  0.006567685
1422.708593750  0.006522291
1422.712500000  0.006543173
1422.716406250  0.006519031
1422.720312500  0.006529317
1422.724218750  0.006535545
1422.728125000  0.006624433
1422.732031250  0.006572662
1422.735937500  0.006568112
1422.739843750  0.006607507
1422.743750000  0.006534248
1422.747656250  0.006550684
1422.751562500  0.006570708
1422.755468750  0.006506509
1422.759375000  0.006498261
1422.763281250  0.006580796
1422.767187500  0.006541018
1422.771093750  0.006581865
1422.775000000  0.006529301
1422.778906250  0.006517986
1422.782812500  0.006567605
1422.786718750  0.006496530
1422.790625000  0.006540427
1422.794531250  0.006508974
1422.798437500  0.006520308
1422.802343750  0.006521281
1422.806250000  0.006566253
1422.810156250  0.006500520
1422.814062500  0.006530138
1422.817968750  0.006562835
1422.821875000  0.006526341
1422.825781250  0.006516420
1422.829687500  0.006520873
1422.833593750  0.006554420
1422.837500000  0.006572558
1422.841406250  0.006563941
1422.845312500  0.006522486
1422.849218750  0.006512551
1422.853125000  0.006511264
1422.857031250  0.006551661
1422.860937500  0.006512496
1422.864843750  0.006524379
1422.868750000  0.006504189
1422.872656250  0.006521018
1422.876562500  0.006503002
1422.880468750  0.006570351
1422.884375000  0.006579857
1422.888281250  0.006557461
1422.892187500  0.006516225
1422.896093750  0.006551262
1422.900000000  0.006565889
1422.903906250  0.006492103
1422.907812500  0.006516629
1422.911718750  0.006518510
1422.915625000  0.006493341
1422.919531250  0.006476096
1422.923437500  0.006521768
1422.927343750  0.006562645
1422.931250000  0.006548788
1422.935156250  0.006529659
1422.939062500  0.006560474
1422.942968750  0.006525289
1422.946875000  0.006587182
1422.950781250  0.006601241
1422.954687500  0.006516391
1422.958593750  0.006585751
1422.962500000  0.006572899
1422.966406250  0.006521873
1422.970312500  0.006554546
1422.974218750  0.006536418
1422.978125000  0.006523074
1422.982031250  0.006546959
1422.985937500  0.006537586
1422.989843750  0.006583314
1422.993750000  0.006594496
1422.997656250  0.006591819
1423.001562500  0.006606630
1423.005468750  0.006604293
1423.009375000  0.006562568
1423.013281250  0.006475985
1423.017187500  0.006579224
1423.021093750  0.006538989
1423.025000000  0.006545948
1423.028906250  0.006506044
1423.032812500  0.006570737
1423.036718750  0.006555257
1423.040625000  0.006571301
1423.044531250  0.006539491
1423.048437500  0.006549770
1423.052343750  0.006574648
1423.056250000  0.006645702
1423.060156250  0.006551984
1423.064062500  0.006540468
1423.067968750  0.006556929
1423.071875000  0.006550007
1423.075781250  0.006552342
1423.079687500  0.006556153
1423.083593750  0.006601493
1423.087500000  0.006573569
1423.091406250  0.006525084
1423.095312500  0.006561997
1423.099218750  0.006574621
1423.103125000  0.006572006
1423.107031250  0.006615881
1423.110937500  0.006593534
1423.114843750  0.006627339
1423.118750000  0.006579634
1423.122656250  0.006567718
1423.126562500  0.006605535
1423.130468750  0.006618642
1423.134375000  0.006651843
1423.138281250  0.006538702
1423.142187500  0.006601924
1423.146093750  0.006551482
1423.150000000  0.006558406
1423.153906250  0.006597263
1423.157812500  0.006605632
1423.161718750  0.006597097
1423.165625000  0.006549240
1423.169531250  0.006534337
1423.173437500  0.006614389
1423.177343750  0.006537021
1423.181250000  0.006586817
1423.185156250  0.006607835
1423.189062500  0.006620592
1423.192968750  0.006639871
1423.196875000  0.006627552
1423.200781250  0.006650883
1423.204687500  0.006630841
1423.208593750  0.006564277
1423.212500000  0.006635407
1423.216406250  0.006628841
1423.220312500  0.006618677
1423.224218750  0.006566681
1423.228125000  0.006643962
1423.232031250  0.006647817
1423.235937500  0.006635664
1423.239843750  0.006642871
1423.243750000  0.006605815
1423.247656250  0.006627092
1423.251562500  0.006587932
1423.255468750  0.006657505
1423.259375000  0.006651317
1423.263281250  0.006597068
1423.267187500  0.006696815
1423.271093750  0.006655716
1423.275000000  0.006673945
1423.278906250  0.006662896
1423.282812500  0.006672002
1423.286718750  0.006622422
1423.290625000  0.006594856
1423.294531250  0.006596566
1423.298437500  0.006677442
1423.302343750  0.006608009
1423.306250000  0.006709515
1423.310156250  0.006639547
1423.314062500  0.006637479
1423.317968750  0.006665386
1423.321875000  0.006644823
1423.325781250  0.006632933
1423.329687500  0.006650390
1423.333593750  0.006593368
1423.337500000  0.006630079
1423.341406250  0.006661219
1423.345312500  0.006602027
1423.349218750  0.006679380
1423.353125000  0.006686982
1423.357031250  0.006684495
1423.360937500  0.006632253
1423.364843750  0.006709048
1423.368750000  0.006667584
1423.372656250  0.006673796
1423.376562500  0.006670568
1423.380468750  0.006694318
1423.384375000  0.006714862
1423.388281250  0.006706568
1423.392187500  0.006683645
1423.396093750  0.006681675
1423.400000000  0.006733832
1423.403906250  0.006635987
1423.407812500  0.006661001
1423.411718750  0.006611782
1423.415625000  0.006684965
1423.419531250  0.006689669
1423.423437500  0.006678865
1423.427343750  0.006645839
1423.431250000  0.006779535
1423.435156250  0.006764023
1423.439062500  0.006807516
1423.442968750  0.006676147
1423.446875000  0.006766989
1423.450781250  0.006748435
1423.454687500  0.006755848
1423.458593750  0.006771617
1423.462500000  0.006753484
1423.466406250  0.006708350
1423.470312500  0.006709444
1423.474218750  0.006699214
1423.478125000  0.006737180
1423.482031250  0.006700829
1423.485937500  0.006759737
1423.489843750  0.006650783
1423.493750000  0.006724828
1423.497656250  0.006683832
1423.501562500  0.006739016
1423.505468750  0.006706940
1423.509375000  0.006705278
1423.513281250  0.006783859
1423.517187500  0.006687740
1423.521093750  0.006755680
1423.525000000  0.006797665
1423.528906250  0.006826240
1423.532812500  0.006751932
1423.536718750  0.006771863
1423.540625000  0.006764727
1423.544531250  0.006689805
1423.548437500  0.006755782
1423.552343750  0.006704284
1423.556250000  0.006864098
1423.560156250  0.006724622
1423.564062500  0.006818871
1423.567968750  0.006822061
1423.571875000  0.006738245
1423.575781250  0.006738209
1423.579687500  0.006798108
1423.583593750  0.006746903
1423.587500000  0.006792202
1423.591406250  0.006794521
1423.595312500  0.006787044
1423.599218750  0.006800254
1423.603125000  0.006761709
1423.607031250  0.006754091
1423.610937500  0.006778427
1423.614843750  0.006773669
1423.618750000  0.006785770
1423.622656250  0.006799861
1423.626562500  0.006795606
1423.630468750  0.006821359
1423.634375000  0.006818356
1423.638281250  0.006806927
1423.642187500  0.006838401
1423.646093750  0.006819460
1423.650000000  0.006860896
1423.653906250  0.006863768
1423.657812500  0.006848581
1423.661718750  0.006835133
1423.665625000  0.006880150
1423.669531250  0.006864137
1423.673437500  0.006834393
1423.677343750  0.006851191
1423.681250000  0.006847443
1423.685156250  0.006803604
1423.689062500  0.006900202
1423.692968750  0.006879138
1423.696875000  0.006843542
1423.700781250  0.006860497
1423.704687500  0.006891628
1423.708593750  0.006847925
1423.712500000  0.006913499
1423.716406250  0.006899589
1423.720312500  0.006899487
1423.724218750  0.006962494
1423.728125000  0.006880812
1423.732031250  0.006944070
1423.735937500  0.006874334
1423.739843750  0.006868755
1423.743750000  0.006905533
1423.747656250  0.006908736
1423.751562500  0.006875293
1423.755468750  0.006937590
1423.759375000  0.006871137
1423.763281250  0.006898900
1423.767187500  0.006956315
1423.771093750  0.007019369
1423.775000000  0.007052196
1423.778906250  0.006986971
1423.782812500  0.006959481
1423.786718750  0.006930271
1423.790625000  0.006896333
1423.794531250  0.006940248
1423.798437500  0.007050756
1423.802343750  0.006872989
1423.806250000  0.006976303
1423.810156250  0.006950973
1423.814062500  0.007004042
1423.817968750  0.006964416
1423.821875000  0.007022088
1423.825781250  0.007012399
1423.829687500  0.007042741
1423.833593750  0.006969991
1423.837500000  0.006943578
1423.841406250  0.007032307
1423.845312500  0.007027175
1423.849218750  0.007072882
1423.853125000  0.006997847
1423.857031250  0.006990188
1423.860937500  0.007018079
1423.864843750  0.007086357
1423.868750000  0.007071058
1423.872656250  0.007066110
1423.876562500  0.007005113
1423.880468750  0.006950851
1423.884375000  0.007053643
1423.888281250  0.007043504
1423.892187500  0.007052666
1423.896093750  0.007007617
1423.900000000  0.007112837
1423.903906250  0.007060490
1423.907812500  0.007102205
1423.911718750  0.007071432
1423.915625000  0.007121573
1423.919531250  0.007086439
1423.923437500  0.007058846
1423.927343750  0.007093043
1423.931250000  0.007109036
1423.935156250  0.007092280
1423.939062500  0.007112142
1423.942968750  0.007121330
1423.946875000  0.007097905
1423.950781250  0.007137088
1423.954687500  0.007152393
1423.958593750  0.007104558
1423.962500000  0.007176277
1423.966406250  0.007107920
1423.970312500  0.007130472
1423.974218750  0.007106302
1423.978125000  0.007180260
1423.982031250  0.007186909
1423.985937500  0.007610601
1423.989843750  0.007477671
1423.993750000  0.007222597
1423.997656250  0.007471719
1424.001562500  0.007883096
1424.005468750  0.007237710
1424.009375000  0.007305805
1424.013281250  0.007202104
1424.017187500  0.007186321
1424.021093750  0.007250325
1424.025000000  0.007191091
1424.028906250  0.007162238
1424.032812500  0.007151549
1424.036718750  0.007152667
1424.040625000  0.007217437
1424.044531250  0.007290014
1424.048437500  0.007246927
1424.052343750  0.007196239
1424.056250000  0.007295614
1424.060156250  0.007263113
1424.064062500  0.007249561
1424.067968750  0.007171809
1424.071875000  0.007173146
1424.075781250  0.007158438
1424.079687500  0.007293144
1424.083593750  0.007220584
1424.087500000  0.007216793
1424.091406250  0.007340698
1424.095312500  0.007300359
1424.099218750  0.007300607
1424.103125000  0.007278884
1424.107031250  0.007318233
1424.110937500  0.007247147
1424.114843750  0.007278982
1424.118750000  0.007295673
1424.122656250  0.007258539
1424.126562500  0.007295132
1424.130468750  0.007307354
1424.134375000  0.007297025
1424.138281250  0.007282874
1424.142187500  0.007289657
1424.146093750  0.007277557
1424.150000000  0.007312747
1424.153906250  0.007492823
1424.157812500  0.007312781
1424.161718750  0.007292064
1424.165625000  0.007337572
1424.169531250  0.007308626
1424.173437500  0.007315084
1424.177343750  0.007402789
1424.181250000  0.007295197
1424.185156250  0.007421553
1424.189062500  0.007415140
1424.192968750  0.007399258
1424.196875000  0.007408223
1424.200781250  0.007654217
1424.204687500  0.007364213
1424.208593750  0.007390606
1424.212500000  0.007476301
1424.216406250  0.007415819
1424.220312500  0.007430662
1424.224218750  0.007436316
1424.228125000  0.007358185
1424.232031250  0.007360975
1424.235937500  0.007346233
1424.239843750  0.007463008
1424.243750000  0.007430109
1424.247656250  0.007607874
1424.251562500  0.007537388
1424.255468750  0.007448370
1424.259375000  0.007460906
1424.263281250  0.007385556
1424.267187500  0.007480322
1424.271093750  0.007510614
1424.275000000  0.007388721
1424.278906250  0.007433918
1424.282812500  0.007339178
1424.286718750  0.007414974
1424.290625000  0.007391589
1424.294531250  0.007437948
1424.298437500  0.007432593
1424.302343750  0.007418781
1424.306250000  0.007383131
1424.310156250  0.007413470
1424.314062500  0.007363607
1424.317968750  0.007495922
1424.321875000  0.007340271
1424.325781250  0.007426392
1424.329687500  0.007480515
1424.333593750  0.007453629
1424.337500000  0.007458101
1424.341406250  0.007459755
1424.345312500  0.007399945
1424.349218750  0.007414966
1424.353125000  0.007425069
1424.357031250  0.007295227
1424.360937500  0.007407930
1424.364843750  0.007412029
1424.368750000  0.007391169
1424.372656250  0.007482208
1424.376562500  0.007405798
1424.380468750  0.007412652
1424.384375000  0.007405733
1424.388281250  0.007388127
1424.392187500  0.007503831
1424.396093750  0.007409223

