3000(10000)
1416.400000000  0.007008175
1416.403906250  0.007087116
1416.407812500  0.007010696
1416.411718750  0.007100813
1416.415625000  0.007148427
1416.419531250  0.007102845
1416.423437500  0.007136479
1416.427343750  0.007371552
1416.431250000  0.007104761
1416.435156250  0.007137975
1416.439062500  0.007188851
1416.442968750  0.007166895
1416.446875000  0.007130226
1416.450781250  0.007032904
1416.454687500  0.007094795
1416.458593750  0.007043344
1416.462500000  0.007081318
1416.466406250  0.007052573
1416.470312500  0.007062494
1416.474218750  0.007060195
1416.478125000  0.007157584
1416.482031250  0.007529983
1416.485937500  0.007284714
1416.489843750  0.007134341
1416.493750000  0.007103289
1416.497656250  0.007095753
1416.501562500  0.007022770
1416.505468750  0.007055440
1416.509375000  0.007095465
1416.513281250  0.007153840
1416.517187500  0.007113081
1416.521093750  0.007139912
1416.525000000  0.007124297
1416.528906250  0.007109923
1416.532812500  0.007260882
1416.536718750  0.007344187
1416.540625000  0.007209082
1416.544531250  0.007082363
1416.548437500  0.007100483
1416.552343750  0.007061759
1416.556250000  0.007000921
1416.560156250  0.007066305
1416.564062500  0.007044996
1416.567968750  0.007089636
1416.571875000  0.007078028
1416.575781250  0.007114862
1416.579687500  0.007197935
1416.583593750  0.007182844
1416.587500000  0.007144774
1416.591406250  0.007447163
1416.595312500  0.007170778
1416.599218750  0.007181699
1416.603125000  0.007067130
1416.607031250  0.007139854
1416.610937500  0.007115407
1416.614843750  0.007130419
1416.618750000  0.007123903
1416.622656250  0.007125402
1416.626562500  0.007245461
1416.630468750  0.007237195
1416.634375000  0.007291530
1416.638281250  0.007205778
1416.642187500  0.007367361
1416.646093750  0.008312481
1416.650000000  0.007849375
1416.653906250  0.007628057
1416.657812500  0.007410208
1416.661718750  0.007189908
1416.665625000  0.007159124
1416.669531250  0.007124393
1416.673437500  0.007086019
1416.677343750  0.007197066
1416.681250000  0.007103887
1416.685156250  0.007029339
1416.689062500  0.007105910
1416.692968750  0.007077396
1416.696875000  0.007236503
1416.700781250  0.008122023
1416.704687500  0.007455305
1416.708593750  0.007150992
1416.712500000  0.007140109
1416.716406250  0.007004707
1416.720312500  0.007055049
1416.724218750  0.007130573
1416.728125000  0.007040394
1416.732031250  0.006975153
1416.735937500  0.007028663
1416.739843750  0.007034398
1416.743750000  0.007025946
1416.747656250  0.007081137
1416.751562500  0.007338097
1416.755468750  0.009010086
1416.759375000  0.007797997
1416.763281250  0.007216168
1416.767187500  0.007094732
1416.771093750  0.007183825
1416.775000000  0.007087601
1416.778906250  0.007060006
1416.782812500  0.007071675
1416.786718750  0.007136815
1416.790625000  0.007122626
1416.794531250  0.007087995
1416.798437500  0.007166983
1416.802343750  0.007328973
1416.806250000  0.007916251
1416.810156250  0.012587637
1416.814062500  0.009622791
1416.817968750  0.007903240
1416.821875000  0.007296554
1416.825781250  0.007229689
1416.829687500  0.007188749
1416.833593750  0.007252197
1416.837500000  0.007378157
1416.841406250  0.007423407
1416.845312500  0.007481478
1416.849218750  0.007536365
1416.853125000  0.007864715
1416.857031250  0.008456432
1416.860937500  0.010729110
1416.864843750  0.028748567
1416.868750000  0.020761196
1416.872656250  0.009886288
1416.876562500  0.008286874
1416.880468750  0.007692982
1416.884375000  0.007417480
1416.888281250  0.007404207
1416.892187500  0.007495764
1416.896093750  0.007363473
1416.900000000  0.007208564
1416.903906250  0.007187429
1416.907812500  0.007239919
1416.911718750  0.007381460
1416.915625000  0.008046823
1416.919531250  0.012993745
1416.923437500  0.010377402
1416.927343750  0.007587580
1416.931250000  0.007240234
1416.935156250  0.007174939
1416.939062500  0.006985452
1416.942968750  0.006932919
1416.946875000  0.006984748
1416.950781250  0.006890136
1416.954687500  0.006912493
1416.958593750  0.007003465
1416.962500000  0.007119496
1416.966406250  0.007088116
1416.970312500  0.007421211
1416.974218750  0.009605444
1416.978125000  0.008572811
1416.982031250  0.007144798
1416.985937500  0.007027018
1416.989843750  0.006953476
1416.993750000  0.006893653
1416.997656250  0.007376972
1417.001562500  0.007826489
1417.005468750  0.006941502
1417.009375000  0.007051154
1417.013281250  0.006845200
1417.017187500  0.006909118
1417.021093750  0.006968548
1417.025000000  0.007225006
1417.028906250  0.008724386
1417.032812500  0.008330299
1417.036718750  0.007037376
1417.040625000  0.006881545
1417.044531250  0.006792486
1417.048437500  0.006889646
1417.052343750  0.006806254
1417.056250000  0.006886134
1417.060156250  0.006873252
1417.064062500  0.006866916
1417.067968750  0.006871221
1417.071875000  0.007035029
1417.075781250  0.007214628
1417.079687500  0.007596318
1417.083593750  0.008703657
1417.087500000  0.008201578
1417.091406250  0.007179799
1417.095312500  0.007015080
1417.099218750  0.006955752
1417.103125000  0.006951580
1417.107031250  0.006887094
1417.110937500  0.006779231
1417.114843750  0.006809903
1417.118750000  0.006785806
1417.122656250  0.006749507
1417.126562500  0.006782320
1417.130468750  0.006764212
1417.134375000  0.006818790
1417.138281250  0.007359732
1417.142187500  0.007317218
1417.146093750  0.006768844
1417.150000000  0.006820628
1417.153906250  0.006750804
1417.157812500  0.006701617
1417.161718750  0.006656323
1417.165625000  0.006676272
1417.169531250  0.006659947
1417.173437500  0.006641838
1417.177343750  0.006666806
1417.181250000  0.006727147
1417.185156250  0.006750898
1417.189062500  0.006708019
1417.192968750  0.007141934
1417.196875000  0.007198990
1417.200781250  0.006761482
1417.204687500  0.006617340
1417.208593750  0.006613150
1417.212500000  0.006533559
1417.216406250  0.006633796
1417.220312500  0.006581573
1417.224218750  0.006561918
1417.228125000  0.006557673
1417.232031250  0.006657539
1417.235937500  0.006631068
1417.239843750  0.006647304
1417.243750000  0.006602707
1417.247656250  0.007085829
1417.251562500  0.006960610
1417.255468750  0.006599316
1417.259375000  0.006557209
1417.263281250  0.006578727
1417.267187500  0.006618121
1417.271093750  0.006581483
1417.275000000  0.006555416
1417.278906250  0.006560551
1417.282812500  0.006600169
1417.286718750  0.006469504
1417.290625000  0.006574986
1417.294531250  0.006685221
1417.298437500  0.006596497
1417.302343750  0.006654183
1417.306250000  0.006784192
1417.310156250  0.006515088
1417.314062500  0.006530609
1417.317968750  0.006484087
1417.321875000  0.006554160
1417.325781250  0.006485657
1417.329687500  0.006498429
1417.333593750  0.006520198
1417.337500000  0.006535733
1417.341406250  0.006638170
1417.345312500  0.006555861
1417.349218750  0.006550638
1417.353125000  0.006557828
1417.357031250  0.006609092
1417.360937500  0.006713334
1417.364843750  0.006463821
1417.368750000  0.006503094
1417.372656250  0.006513197
1417.376562500  0.006536417
1417.380468750  0.006449007
1417.384375000  0.006469206
1417.388281250  0.006511766
1417.392187500  0.006503812
1417.396093750  0.006439490
1417.400000000  0.006495859
1417.403906250  0.006461200
1417.407812500  0.006457611
1417.411718750  0.006620123
1417.415625000  0.006618326
1417.419531250  0.006460298
1417.423437500  0.006479279
1417.427343750  0.006422813
1417.431250000  0.006494856
1417.435156250  0.006485727
1417.439062500  0.006532947
1417.442968750  0.006455263
1417.446875000  0.006416310
1417.450781250  0.006440265
1417.454687500  0.006390299
1417.458593750  0.006402547
1417.462500000  0.006440597
1417.466406250  0.006473086
1417.470312500  0.006609200
1417.474218750  0.006462691
1417.478125000  0.006389916
1417.482031250  0.006384562
1417.485937500  0.006516471
1417.489843750  0.006383357
1417.493750000  0.006385600
1417.497656250  0.006376233
1417.501562500  0.006410623
1417.505468750  0.006381860
1417.509375000  0.006502209
1417.513281250  0.006401817
1417.517187500  0.006426967
1417.521093750  0.006447511
1417.525000000  0.006530345
1417.528906250  0.006424347
1417.532812500  0.006528015
1417.536718750  0.006437911
1417.540625000  0.006374294
1417.544531250  0.006430348
1417.548437500  0.006427323
1417.552343750  0.006389055
1417.556250000  0.006384068
1417.560156250  0.006366227
1417.564062500  0.006346826
1417.567968750  0.006414066
1417.571875000  0.006436407
1417.575781250  0.006445347
1417.579687500  0.006603982
1417.583593750  0.006471683
1417.587500000  0.006350099
1417.591406250  0.006367657
1417.595312500  0.006354975
1417.599218750  0.006402801
1417.603125000  0.006328311
1417.607031250  0.006384784
1417.610937500  0.006450114
1417.614843750  0.006342696
1417.618750000  0.006355494
1417.622656250  0.006321577
1417.626562500  0.006418231
1417.630468750  0.006529383
1417.634375000  0.006608820
1417.638281250  0.006380788
1417.642187500  0.006386276
1417.646093750  0.006365532
1417.650000000  0.006314396
1417.653906250  0.006376083
1417.657812500  0.006362123
1417.661718750  0.006318629
1417.665625000  0.006359658
1417.669531250  0.006384783
1417.673437500  0.006317664
1417.677343750  0.006424349
1417.681250000  0.006358038
1417.685156250  0.006347764
1417.689062500  0.006515303
1417.692968750  0.006386472
1417.696875000  0.006323704
1417.700781250  0.006287798
1417.704687500  0.006330307
1417.708593750  0.006397199
1417.712500000  0.006344231
1417.716406250  0.006302452
1417.720312500  0.006352190
1417.724218750  0.006429961
1417.728125000  0.006329340
1417.732031250  0.006337032
1417.735937500  0.006410437
1417.739843750  0.006366809
1417.743750000  0.006520247
1417.747656250  0.006270270
1417.751562500  0.006299107
1417.755468750  0.006300863
1417.759375000  0.006389778
1417.763281250  0.006275517
1417.767187500  0.006339535
1417.771093750  0.006370500
1417.775000000  0.006280042
1417.778906250  0.006348357
1417.782812500  0.006328251
1417.786718750  0.006315620
1417.790625000  0.006258941
1417.794531250  0.006327129
1417.798437500  0.006463499
1417.802343750  0.006287943
1417.806250000  0.006308351
1417.810156250  0.006325939
1417.814062500  0.006314080
1417.817968750  0.006360261
1417.821875000  0.006327100
1417.825781250  0.006300540
1417.829687500  0.006293062
1417.833593750  0.006230536
1417.837500000  0.006263394
1417.841406250  0.006295748
1417.845312500  0.006280948
1417.849218750  0.006284377
1417.853125000  0.006419244
1417.857031250  0.006246007
1417.860937500  0.006265667
1417.864843750  0.006342558
1417.868750000  0.006299381
1417.872656250  0.006306362
1417.876562500  0.006261733
1417.880468750  0.006276871
1417.884375000  0.006276451
1417.888281250  0.006241060
1417.892187500  0.006244197
1417.896093750  0.006248980
1417.900000000  0.006243419
1417.903906250  0.006235506
1417.907812500  0.006399312
1417.911718750  0.006304709
1417.915625000  0.006255662
1417.919531250  0.006224641
1417.923437500  0.006216278
1417.927343750  0.006246892
1417.931250000  0.006253979
1417.935156250  0.006213416
1417.939062500  0.006339435
1417.942968750  0.006242028
1417.946875000  0.006239029
1417.950781250  0.006237297
1417.954687500  0.006273440
1417.958593750  0.006312142
1417.962500000  0.006476735
1417.966406250  0.006264006
1417.970312500  0.006256917
1417.974218750  0.006301159
1417.978125000  0.006233974
1417.982031250  0.006202717
1417.985937500  0.006235853
1417.989843750  0.006298418
1417.993750000  0.006244200
1417.997656250  0.006308086
1418.001562500  0.006236276
1418.005468750  0.006221194
1418.009375000  0.006337395
1418.013281250  0.006192584
1418.017187500  0.006408568
1418.021093750  0.006258552
1418.025000000  0.006234193
1418.028906250  0.006261445
1418.032812500  0.006212427
1418.036718750  0.006193761
1418.040625000  0.006220437
1418.044531250  0.006166755
1418.048437500  0.006271134
1418.052343750  0.006240630
1418.056250000  0.006331804
1418.060156250  0.006277375
1418.064062500  0.006308575
1418.067968750  0.006199127
1418.071875000  0.006348527
1418.075781250  0.006185134
1418.079687500  0.006228238
1418.083593750  0.006215343
1418.087500000  0.006204319
1418.091406250  0.006238203
1418.095312500  0.006213961
1418.099218750  0.006226644
1418.103125000  0.006283237
1418.107031250  0.006203754
1418.110937500  0.006245387
1418.114843750  0.006221669
1418.118750000  0.006194567
1418.122656250  0.006278259
1418.126562500  0.006362469
1418.130468750  0.006258247
1418.134375000  0.006231774
1418.138281250  0.006171700
1418.142187500  0.006171039
1418.146093750  0.006211244
1418.150000000  0.006277622
1418.153906250  0.006279842
1418.157812500  0.006201636
1418.161718750  0.006244198
1418.165625000  0.006205569
1418.169531250  0.006173278
1418.173437500  0.006237765
1418.177343750  0.006250751
1418.181250000  0.006241686
1418.185156250  0.006267679
1418.189062500  0.006190294
1418.192968750  0.006197691
1418.196875000  0.006188508
1418.200781250  0.006289850
1418.204687500  0.006220730
1418.208593750  0.006187188
1418.212500000  0.006183122
1418.216406250  0.006205460
1418.220312500  0.006189021
1418.224218750  0.006245349
1418.228125000  0.006117982
1418.232031250  0.006189157
1418.235937500  0.006261743
1418.239843750  0.006198715
1418.243750000  0.006179528
1418.247656250  0.006329903
1418.251562500  0.006206028
1418.255468750  0.006208335
1418.259375000  0.006200114
1418.263281250  0.006211683
1418.267187500  0.006175468
1418.271093750  0.006232176
1418.275000000  0.006194099
1418.278906250  0.006220186
1418.282812500  0.006157926
1418.286718750  0.006300718
1418.290625000  0.006304244
1418.294531250  0.006253287
1418.298437500  0.006208059
1418.302343750  0.006211665
1418.306250000  0.006211436
1418.310156250  0.006187395
1418.314062500  0.006179490
1418.317968750  0.006167716
1418.321875000  0.006202846
1418.325781250  0.006177774
1418.329687500  0.006138927
1418.333593750  0.006157380
1418.337500000  0.006174922
1418.341406250  0.006291388
1418.345312500  0.006316926
1418.349218750  0.006222075
1418.353125000  0.006200703
1418.357031250  0.006199261
1418.360937500  0.006224847
1418.364843750  0.006188385
1418.368750000  0.006233233
1418.372656250  0.006214694
1418.376562500  0.006187083
1418.380468750  0.006183420
1418.384375000  0.006197240
1418.388281250  0.006243853
1418.392187500  0.006247473
1418.396093750  0.006182123
1418.400000000  0.006376743
1418.403906250  0.006168841
1418.407812500  0.006165009
1418.411718750  0.006173362
1418.415625000  0.006196697
1418.419531250  0.006191379
1418.423437500  0.006185519
1418.427343750  0.006236703
1418.431250000  0.006188639
1418.435156250  0.006207646
1418.439062500  0.006245094
1418.442968750  0.006223176
1418.446875000  0.006183210
1418.450781250  0.006170070
1418.454687500  0.006261068
1418.458593750  0.006171762
1418.462500000  0.006191788
1418.466406250  0.006215212
1418.470312500  0.006158749
1418.474218750  0.006162616
1418.478125000  0.006125508
1418.482031250  0.006219340
1418.485937500  0.006332992
1418.489843750  0.006146585
1418.493750000  0.006151201
1418.497656250  0.006260059
1418.501562500  0.006204992
1418.505468750  0.006210234
1418.509375000  0.006298024
1418.513281250  0.006223752
1418.517187500  0.006169094
1418.521093750  0.006216661
1418.525000000  0.006186675
1418.528906250  0.006198555
1418.532812500  0.006353431
1418.536718750  0.006255543
1418.540625000  0.006187245
1418.544531250  0.006141727
1418.548437500  0.006148805
1418.552343750  0.006127708
1418.556250000  0.006246014
1418.560156250  0.006234432
1418.564062500  0.006228519
1418.567968750  0.006168028
1418.571875000  0.006202920
1418.575781250  0.006136017
1418.579687500  0.006297654
1418.583593750  0.006240160
1418.587500000  0.006189076
1418.591406250  0.006174901
1418.595312500  0.006187351
1418.599218750  0.006205129
1418.603125000  0.006175501
1418.607031250  0.006201920
1418.610937500  0.006198556
1418.614843750  0.006189062
1418.618750000  0.006310504
1418.622656250  0.006207755
1418.626562500  0.006214964
1418.630468750  0.006267954
1418.634375000  0.006158726
1418.638281250  0.006197208
1418.642187500  0.006202275
1418.646093750  0.006245685
1418.650000000  0.006133386
1418.653906250  0.006162486
1418.657812500  0.006250485
1418.661718750  0.006261025
1418.665625000  0.006237826
1418.669531250  0.006173440
1418.673437500  0.006290497
1418.677343750  0.006352352
1418.681250000  0.006219849
1418.685156250  0.006226600
1418.689062500  0.006175156
1418.692968750  0.006193459
1418.696875000  0.006220915
1418.700781250  0.006212768
1418.704687500  0.006339207
1418.708593750  0.006183351
1418.712500000  0.006184261
1418.716406250  0.006188668
1418.720312500  0.006196628
1418.724218750  0.006326227
1418.728125000  0.006451827
1418.732031250  0.006187148
1418.735937500  0.006246543
1418.739843750  0.006187635
1418.743750000  0.006195965
1418.747656250  0.006267076
1418.751562500  0.006172847
1418.755468750  0.006204713
1418.759375000  0.006162717
1418.763281250  0.006201705
1418.767187500  0.006248043
1418.771093750  0.006316423
1418.775000000  0.006184856
1418.778906250  0.006146735
1418.782812500  0.006255106
1418.786718750  0.006254114
1418.790625000  0.006191860
1418.794531250  0.006166355
1418.798437500  0.006242070
1418.802343750  0.006183210
1418.806250000  0.006237896
1418.810156250  0.006227695
1418.814062500  0.006236487
1418.817968750  0.006364288
1418.821875000  0.006180550
1418.825781250  0.006209035
1418.829687500  0.006200137
1418.833593750  0.006288432
1418.837500000  0.006247774
1418.841406250  0.006204545
1418.845312500  0.006278088
1418.849218750  0.006218920
1418.853125000  0.006222898
1418.857031250  0.006268004
1418.860937500  0.006257303
1418.864843750  0.006323170
1418.868750000  0.006271979
1418.872656250  0.006249904
1418.876562500  0.006277097
1418.880468750  0.006217035
1418.884375000  0.006301248
1418.888281250  0.006154708
1418.892187500  0.006333433
1418.896093750  0.006226627
1418.900000000  0.006227216
1418.903906250  0.006232054
1418.907812500  0.006206635
1418.911718750  0.006234968
1418.915625000  0.006260855
1418.919531250  0.006150646
1418.923437500  0.006247555
1418.927343750  0.006271614
1418.931250000  0.006227114
1418.935156250  0.006249272
1418.939062500  0.006260479
1418.942968750  0.006209626
1418.946875000  0.006260746
1418.950781250  0.006257543
1418.954687500  0.006181056
1418.958593750  0.006234996
1418.962500000  0.006363467
1418.966406250  0.006314415
1418.970312500  0.006174495
1418.974218750  0.006278005
1418.978125000  0.006205509
1418.982031250  0.006239463
1418.985937500  0.006279050
1418.989843750  0.006259975
1418.993750000  0.006323762
1418.997656250  0.006255490
1419.001562500  0.006265577
1419.005468750  0.006233971
1419.009375000  0.006440342
1419.013281250  0.006260687
1419.017187500  0.006300927
1419.021093750  0.006239853
1419.025000000  0.006202761
1419.028906250  0.006140935
1419.032812500  0.006188861
1419.036718750  0.006211214
1419.040625000  0.006239522
1419.044531250  0.006249422
1419.048437500  0.006227923
1419.052343750  0.006228199
1419.056250000  0.006370693
1419.060156250  0.006242002
1419.064062500  0.006250533
1419.067968750  0.006277582
1419.071875000  0.006254649
1419.075781250  0.006284916
1419.079687500  0.006191160
1419.083593750  0.006226883
1419.087500000  0.006214794
1419.091406250  0.006217462
1419.095312500  0.006231551
1419.099218750  0.006221990
1419.103125000  0.006254491
1419.107031250  0.006238128
1419.110937500  0.006246501
1419.114843750  0.006215042
1419.118750000  0.006250650
1419.122656250  0.006290735
1419.126562500  0.006214649
1419.130468750  0.006263767
1419.134375000  0.006564741
1419.138281250  0.006231676
1419.142187500  0.006173544
1419.146093750  0.006286642
1419.150000000  0.006262047
1419.153906250  0.006260899
1419.157812500  0.006268782
1419.161718750  0.006263499
1419.165625000  0.006285069
1419.169531250  0.006238787
1419.173437500  0.006276432
1419.177343750  0.006292883
1419.181250000  0.006253474
1419.185156250  0.006205570
1419.189062500  0.006256320
1419.192968750  0.006283365
1419.196875000  0.006272723
1419.200781250  0.006331087
1419.204687500  0.006222270
1419.208593750  0.006223171
1419.212500000  0.006187598
1419.216406250  0.006174156
1419.220312500  0.006290525
1419.224218750  0.006254922
1419.228125000  0.006180339
1419.232031250  0.006265945
1419.235937500  0.006181868
1419.239843750  0.006266843
1419.243750000  0.006264436
1419.247656250  0.006350676
1419.251562500  0.006219697
1419.255468750  0.006267213
1419.259375000  0.006240238
1419.263281250  0.006260510
1419.267187500  0.006261957
1419.271093750  0.006244593
1419.275000000  0.006267677
1419.278906250  0.006215852
1419.282812500  0.006253368
1419.286718750  0.006212163
1419.290625000  0.006236977
1419.294531250  0.006321494
1419.298437500  0.006301010
1419.302343750  0.006240918
1419.306250000  0.006256148
1419.310156250  0.006198293
1419.314062500  0.006228662
1419.317968750  0.006216396
1419.321875000  0.006240319
1419.325781250  0.006245034
1419.329687500  0.006281217
1419.333593750  0.006236798
1419.337500000  0.006254312
1419.341406250  0.006323379
1419.345312500  0.006236891
1419.349218750  0.006208541
1419.353125000  0.006250175
1419.357031250  0.006301232
1419.360937500  0.006240171
1419.364843750  0.006293890
1419.368750000  0.006268266
1419.372656250  0.006178284
1419.376562500  0.006195831
1419.380468750  0.006207837
1419.384375000  0.006230233
1419.388281250  0.006303230
1419.392187500  0.006283616
1419.396093750  0.006250312
1419.400000000  0.006266855
1419.403906250  0.006220281
1419.407812500  0.006274929
1419.411718750  0.006219116
1419.415625000  0.006272770
1419.419531250  0.006181351
1419.423437500  0.006223604
1419.427343750  0.006233624
1419.431250000  0.006261839
1419.435156250  0.006277485
1419.439062500  0.006286532
1419.442968750  0.006228569
1419.446875000  0.006234604
1419.450781250  0.006239817
1419.454687500  0.006223350
1419.458593750  0.006256305
1419.462500000  0.006225361
1419.466406250  0.006230640
1419.470312500  0.006287534
1419.474218750  0.006207345
1419.478125000  0.006182643
1419.482031250  0.006205067
1419.485937500  0.006304294
1419.489843750  0.006240555
1419.493750000  0.006298460
1419.497656250  0.006272651
1419.501562500  0.006250446
1419.505468750  0.006252354
1419.509375000  0.006194049
1419.513281250  0.006186145
1419.517187500  0.006255861
1419.521093750  0.006194071
1419.525000000  0.006187381
1419.528906250  0.006230479
1419.532812500  0.006351817
1419.536718750  0.006193256
1419.540625000  0.006239690
1419.544531250  0.006241783
1419.548437500  0.006251093
1419.552343750  0.006181885
1419.556250000  0.006205288
1419.560156250  0.006236148
1419.564062500  0.006242172
1419.567968750  0.006236702
1419.571875000  0.006193582
1419.575781250  0.006235207
1419.579687500  0.006323267
1419.583593750  0.006282559
1419.587500000  0.006240739
1419.591406250  0.006170549
1419.595312500  0.006260880
1419.599218750  0.006225690
1419.603125000  0.006305231
1419.607031250  0.006272582
1419.610937500  0.006222343
1419.614843750  0.006212245
1419.618750000  0.006263366
1419.622656250  0.006172788
1419.626562500  0.006328317
1419.630468750  0.006259546
1419.634375000  0.006259049
1419.638281250  0.006235584
1419.642187500  0.006236091
1419.646093750  0.006208426
1419.650000000  0.006276955
1419.653906250  0.006197589
1419.657812500  0.006281317
1419.661718750  0.006304029
1419.665625000  0.006319432
1419.669531250  0.006205410
1419.673437500  0.006243351
1419.677343750  0.006318849
1419.681250000  0.006248450
1419.685156250  0.006230881
1419.689062500  0.006250122
1419.692968750  0.006182538
1419.696875000  0.006292482
1419.700781250  0.006207822
1419.704687500  0.006275659
1419.708593750  0.006277217
1419.712500000  0.006285124
1419.716406250  0.006275282
1419.720312500  0.006262576
1419.724218750  0.006328581
1419.728125000  0.006213189
1419.732031250  0.006246877
1419.735937500  0.006204675
1419.739843750  0.006254043
1419.743750000  0.006278277
1419.747656250  0.006238710
1419.751562500  0.006216737
1419.755468750  0.006213301
1419.759375000  0.006294244
1419.763281250  0.006195997
1419.767187500  0.006233182
1419.771093750  0.006381541
1419.775000000  0.006266454
1419.778906250  0.006231858
1419.782812500  0.006203979
1419.786718750  0.006260979
1419.790625000  0.006221767
1419.794531250  0.006219088
1419.798437500  0.006237518
1419.802343750  0.006288752
1419.806250000  0.006203772
1419.810156250  0.006201355
1419.814062500  0.006239285
1419.817968750  0.006341745
1419.821875000  0.006254920
1419.825781250  0.006275363
1419.829687500  0.006244508
1419.833593750  0.006185341
1419.837500000  0.006264080
1419.841406250  0.006248380
1419.845312500  0.006231551
1419.849218750  0.006295903
1419.853125000  0.006261536
1419.857031250  0.006204128
1419.860937500  0.006231526
1419.864843750  0.006341655
1419.868750000  0.006275971
1419.872656250  0.006277432
1419.876562500  0.006262910
1419.880468750  0.006270649
1419.884375000  0.006250789
1419.888281250  0.006253285
1419.892187500  0.006206531
1419.896093750  0.006230787
1419.900000000  0.006240520
1419.903906250  0.006266749
1419.907812500  0.006267746
1419.911718750  0.006265157
1419.915625000  0.006365578
1419.919531250  0.006309048
1419.923437500  0.006240431
1419.927343750  0.006290330
1419.931250000  0.006324810
1419.935156250  0.006315596
1419.939062500  0.006207588
1419.942968750  0.006278615
1419.946875000  0.006301983
1419.950781250  0.006190869
1419.954687500  0.006285346
1419.958593750  0.006274199
1419.962500000  0.006349269
1419.966406250  0.006276011
1419.970312500  0.006266503
1419.974218750  0.006319250
1419.978125000  0.006286882
1419.982031250  0.006205699
1419.985937500  0.006703551
1419.989843750  0.006453847
1419.993750000  0.006465629
1419.997656250  0.007231886
1420.001562500  0.008185886
1420.005468750  0.006509276
1420.009375000  0.006396306
1420.013281250  0.006262787
1420.017187500  0.006351135
1420.021093750  0.006279765
1420.025000000  0.006251222
1420.028906250  0.006278365
1420.032812500  0.006259391
1420.036718750  0.006264400
1420.040625000  0.006328246
1420.044531250  0.006292524
1420.048437500  0.006245856
1420.052343750  0.006269771
1420.056250000  0.006339302
1420.060156250  0.006318283
1420.064062500  0.006216054
1420.067968750  0.006239657
1420.071875000  0.006205947
1420.075781250  0.006210893
1420.079687500  0.006295060
1420.083593750  0.006262323
1420.087500000  0.006253974
1420.091406250  0.006246137
1420.095312500  0.006253625
1420.099218750  0.006280234
1420.103125000  0.006346483
1420.107031250  0.006389916
1420.110937500  0.006218849
1420.114843750  0.006232145
1420.118750000  0.006262676
1420.122656250  0.006226974
1420.126562500  0.006246318
1420.130468750  0.006268269
1420.134375000  0.006250053
1420.138281250  0.006268701
1420.142187500  0.006318180
1420.146093750  0.006295250
1420.150000000  0.006316908
1420.153906250  0.006370471
1420.157812500  0.006310326
1420.161718750  0.006246513
1420.165625000  0.006260954
1420.169531250  0.006272363
1420.173437500  0.006214580
1420.177343750  0.006240596
1420.181250000  0.006261255
1420.185156250  0.006304692
1420.189062500  0.006327411
1420.192968750  0.006274837
1420.196875000  0.006305895
1420.200781250  0.006372737
1420.204687500  0.006260548
1420.208593750  0.006369595
1420.212500000  0.006254304
1420.216406250  0.006266284
1420.220312500  0.006275594
1420.224218750  0.006235124
1420.228125000  0.006320948
1420.232031250  0.006205266
1420.235937500  0.006212261
1420.239843750  0.006318331
1420.243750000  0.006245306
1420.247656250  0.006360586
1420.251562500  0.006298901
1420.255468750  0.006325855
1420.259375000  0.006301766
1420.263281250  0.006360917
1420.267187500  0.006279905
1420.271093750  0.006287635
1420.275000000  0.006273435
1420.278906250  0.006265643
1420.282812500  0.006234480
1420.286718750  0.006285482
1420.290625000  0.006335205
1420.294531250  0.006368761
1420.298437500  0.006273105
1420.302343750  0.006258920
1420.306250000  0.006366347
1420.310156250  0.006260531
1420.314062500  0.006259542
1420.317968750  0.006320468
1420.321875000  0.006346730
1420.325781250  0.006253417
1420.329687500  0.006306750
1420.333593750  0.006274352
1420.337500000  0.006302050
1420.341406250  0.006361618
1420.345312500  0.006306964
1420.349218750  0.006211797
1420.353125000  0.006336592
1420.357031250  0.006321475
1420.360937500  0.006376706
1420.364843750  0.006382377
1420.368750000  0.006370573
1420.372656250  0.006419488
1420.376562500  0.006347906
1420.380468750  0.006360499
1420.384375000  0.006428351
1420.388281250  0.006444403
1420.392187500  0.006449596
1420.396093750  0.006449732
1420.400000000  0.007259789
1420.403906250  0.006485416
1420.407812500  0.006392855
1420.411718750  0.006441890
1420.415625000  0.006496692
1420.419531250  0.006447366
1420.423437500  0.006392040
1420.427343750  0.006506942
1420.431250000  0.006421792
1420.435156250  0.006466955
1420.439062500  0.006480366
1420.442968750  0.006426881
1420.446875000  0.006407370
1420.450781250  0.006431736
1420.454687500  0.006391422
1420.458593750  0.006420064
1420.462500000  0.006389825
1420.466406250  0.006412634
1420.470312500  0.006411191
1420.474218750  0.006427799
1420.478125000  0.006386418
1420.482031250  0.006416039
1420.485937500  0.006470976
1420.489843750  0.006419962
1420.493750000  0.006425044
1420.497656250  0.006408603
1420.501562500  0.006379595
1420.505468750  0.006335444
1420.509375000  0.006372818
1420.513281250  0.006362734
1420.517187500  0.006304525
1420.521093750  0.006376330
1420.525000000  0.006307418
1420.528906250  0.006394159
1420.532812500  0.006351628
1420.536718750  0.006390344
1420.540625000  0.006274162
1420.544531250  0.006312056
1420.548437500  0.006330279
1420.552343750  0.006293302
1420.556250000  0.006303797
1420.560156250  0.006242384
1420.564062500  0.006254589
1420.567968750  0.006265316
1420.571875000  0.006255277
1420.575781250  0.006288896
1420.579687500  0.006360650
1420.583593750  0.006302877
1420.587500000  0.006343827
1420.591406250  0.006279321
1420.595312500  0.006247912
1420.599218750  0.006284586
1420.603125000  0.006257225
1420.607031250  0.006281395
1420.610937500  0.006255784
1420.614843750  0.006185143
1420.618750000  0.006279504
1420.622656250  0.006225779
1420.626562500  0.006296821
1420.630468750  0.006259115
1420.634375000  0.006260635
1420.638281250  0.006280271
1420.642187500  0.006212310
1420.646093750  0.006254338
1420.650000000  0.006246470
1420.653906250  0.006229704
1420.657812500  0.006212889
1420.661718750  0.006241860
1420.665625000  0.006267997
1420.669531250  0.006282437
1420.673437500  0.006271105
1420.677343750  0.006298116
1420.681250000  0.006277631
1420.685156250  0.006228222
1420.689062500  0.006331226
1420.692968750  0.006221323
1420.696875000  0.006243826
1420.700781250  0.006272603
1420.704687500  0.006273466
1420.708593750  0.006273650
1420.712500000  0.006203104
1420.716406250  0.006211646
1420.720312500  0.006209387
1420.724218750  0.006304942
1420.728125000  0.006285717
1420.732031250  0.006228831
1420.735937500  0.006217177
1420.739843750  0.006241066
1420.743750000  0.006249103
1420.747656250  0.006167834
1420.751562500  0.006218906
1420.755468750  0.006280957
1420.759375000  0.006246406
1420.763281250  0.006251613
1420.767187500  0.006182852
1420.771093750  0.006241568
1420.775000000  0.006282426
1420.778906250  0.006212461
1420.782812500  0.006284337
1420.786718750  0.006243640
1420.790625000  0.006264298
1420.794531250  0.006298811
1420.798437500  0.006234455
1420.802343750  0.006254597
1420.806250000  0.006257775
1420.810156250  0.006270875
1420.814062500  0.006276811
1420.817968750  0.006315602
1420.821875000  0.006290693
1420.825781250  0.006199896
1420.829687500  0.006227623
1420.833593750  0.006185700
1420.837500000  0.006248287
1420.841406250  0.006230276
1420.845312500  0.006206590
1420.849218750  0.006253410
1420.853125000  0.006258107
1420.857031250  0.006256292
1420.860937500  0.006249124
1420.864843750  0.006237044
1420.868750000  0.006255586
1420.872656250  0.006256610
1420.876562500  0.006229755
1420.880468750  0.006190140
1420.884375000  0.006185294
1420.888281250  0.006274665
1420.892187500  0.006231287
1420.896093750  0.006206776
1420.900000000  0.006266487
1420.903906250  0.006259590
1420.907812500  0.006216801
1420.911718750  0.006236078
1420.915625000  0.006286112
1420.919531250  0.006230059
1420.923437500  0.006264260
1420.927343750  0.006258455
1420.931250000  0.006252780
1420.935156250  0.006261309
1420.939062500  0.006239049
1420.942968750  0.006215049
1420.946875000  0.006217138
1420.950781250  0.006201610
1420.954687500  0.006186528
1420.958593750  0.006207365
1420.962500000  0.006256027
1420.966406250  0.006212522
1420.970312500  0.006260503
1420.974218750  0.006235687
1420.978125000  0.006236412
1420.982031250  0.006226743
1420.985937500  0.006232725
1420.989843750  0.006170106
1420.993750000  0.006213424
1420.997656250  0.006265314
1421.001562500  0.006229790
1421.005468750  0.006220118
1421.009375000  0.006274629
1421.013281250  0.006265133
1421.017187500  0.006196475
1421.021093750  0.006219034
1421.025000000  0.006229130
1421.028906250  0.006267670
1421.032812500  0.006242732
1421.036718750  0.006261786
1421.040625000  0.006212013
1421.044531250  0.006217271
1421.048437500  0.006260388
1421.052343750  0.006188458
1421.056250000  0.006287153
1421.060156250  0.006201395
1421.064062500  0.006267638
1421.067968750  0.006276777
1421.071875000  0.006171402
1421.075781250  0.006264505
1421.079687500  0.006257950
1421.083593750  0.006236451
1421.087500000  0.006215753
1421.091406250  0.006246052
1421.095312500  0.006272743
1421.099218750  0.006218525
1421.103125000  0.006308318
1421.107031250  0.006283777
1421.110937500  0.006214392
1421.114843750  0.006259481
1421.118750000  0.006219774
1421.122656250  0.006266386
1421.126562500  0.006169719
1421.130468750  0.006271590
1421.134375000  0.006263837
1421.138281250  0.006253722
1421.142187500  0.006190588
1421.146093750  0.006259643
1421.150000000  0.006258327
1421.153906250  0.006237649
1421.157812500  0.006200967
1421.161718750  0.006175710
1421.165625000  0.006247894
1421.169531250  0.006252872
1421.173437500  0.006218454
1421.177343750  0.006298666
1421.181250000  0.006208294
1421.185156250  0.006219608
1421.189062500  0.006301368
1421.192968750  0.006200987
1421.196875000  0.006246143
1421.200781250  0.006294044
1421.204687500  0.006252649
1421.208593750  0.006243363
1421.212500000  0.006283069
1421.216406250  0.006266959
1421.220312500  0.006260903
1421.224218750  0.006310259
1421.228125000  0.006232947
1421.232031250  0.006259437
1421.235937500  0.006263995
1421.239843750  0.006178758
1421.243750000  0.006229931
1421.247656250  0.006322706
1421.251562500  0.006287529
1421.255468750  0.006239009
1421.259375000  0.006226536
1421.263281250  0.006200696
1421.267187500  0.006253115
1421.271093750  0.006267042
1421.275000000  0.006281968
1421.278906250  0.006279993
1421.282812500  0.006269408
1421.286718750  0.006293741
1421.290625000  0.006219427
1421.294531250  0.006283723
1421.298437500  0.006213407
1421.302343750  0.006296855
1421.306250000  0.006230211
1421.310156250  0.006201666
1421.314062500  0.006278547
1421.317968750  0.006237602
1421.321875000  0.006258136
1421.325781250  0.006261631
1421.329687500  0.006256750
1421.333593750  0.006270889
1421.337500000  0.006299192
1421.341406250  0.006286547
1421.345312500  0.006333207
1421.349218750  0.006258345
1421.353125000  0.006308773
1421.357031250  0.006246776
1421.360937500  0.006247007
1421.364843750  0.006282765
1421.368750000  0.006250864
1421.372656250  0.006235970
1421.376562500  0.006232189
1421.380468750  0.006206507
1421.384375000  0.006254185
1421.388281250  0.006284749
1421.392187500  0.006266530
1421.396093750  0.006259313
1421.400000000  0.006175075
1421.403906250  0.006313795
1421.407812500  0.006302291
1421.411718750  0.006206243
1421.415625000  0.006292374
1421.419531250  0.006265130
1421.423437500  0.006245081
1421.427343750  0.006260138
1421.431250000  0.006230235
1421.435156250  0.006250005
1421.439062500  0.006311844
1421.442968750  0.006238077
1421.446875000  0.006263951
1421.450781250  0.006250116
1421.454687500  0.006286637
1421.458593750  0.006299581
1421.462500000  0.006227755
1421.466406250  0.006222772
1421.470312500  0.006241116
1421.474218750  0.006232778
1421.478125000  0.006266278
1421.482031250  0.006312189
1421.485937500  0.006287384
1421.489843750  0.006225831
1421.493750000  0.006257437
1421.497656250  0.006271746
1421.501562500  0.006176612
1421.505468750  0.006282567
1421.509375000  0.006236503
1421.513281250  0.006190593
1421.517187500  0.006253315
1421.521093750  0.006298110
1421.525000000  0.006240103
1421.528906250  0.006272843
1421.532812500  0.006276083
1421.536718750  0.006200086
1421.540625000  0.006239413
1421.544531250  0.006264165
1421.548437500  0.006273619
1421.552343750  0.006220564
1421.556250000  0.006293970
1421.560156250  0.006289137
1421.564062500  0.006247248
1421.567968750  0.006215139
1421.571875000  0.006236913
1421.575781250  0.006247563
1421.579687500  0.006245505
1421.583593750  0.006266068
1421.587500000  0.006277516
1421.591406250  0.006297740
1421.595312500  0.006251167
1421.599218750  0.006229919
1421.603125000  0.006238263
1421.607031250  0.006310905
1421.610937500  0.006267427
1421.614843750  0.006264272
1421.618750000  0.006250638
1421.622656250  0.006289581
1421.626562500  0.006292813
1421.630468750  0.006242921
1421.634375000  0.006259469
1421.638281250  0.006187389
1421.642187500  0.006202451
1421.646093750  0.006236758
1421.650000000  0.006192704
1421.653906250  0.006230975
1421.657812500  0.006233010
1421.661718750  0.006247271
1421.665625000  0.006244487
1421.669531250  0.006225275
1421.673437500  0.006238003
1421.677343750  0.006253750
1421.681250000  0.006240390
1421.685156250  0.006200555
1421.689062500  0.006255081
1421.692968750  0.006266400
1421.696875000  0.006226897
1421.700781250  0.006272290
1421.704687500  0.006257227
1421.708593750  0.006197771
1421.712500000  0.006223647
1421.716406250  0.006179141
1421.720312500  0.006222634
1421.724218750  0.006299799
1421.728125000  0.006231503
1421.732031250  0.006198542
1421.735937500  0.006277972
1421.739843750  0.006240923
1421.743750000  0.006276853
1421.747656250  0.006238198
1421.751562500  0.006200725
1421.755468750  0.006291160
1421.759375000  0.006228457
1421.763281250  0.006260706
1421.767187500  0.006214665
1421.771093750  0.006280751
1421.775000000  0.006294298
1421.778906250  0.006228871
1421.782812500  0.006212947
1421.786718750  0.006176582
1421.790625000  0.006288636
1421.794531250  0.006234687
1421.798437500  0.006188825
1421.802343750  0.006216722
1421.806250000  0.006242971
1421.810156250  0.006258676
1421.814062500  0.006180469
1421.817968750  0.006343100
1421.821875000  0.006246587
1421.825781250  0.006251829
1421.829687500  0.006263548
1421.833593750  0.006186197
1421.837500000  0.006243674
1421.841406250  0.006218134
1421.845312500  0.006268132
1421.849218750  0.006243659
1421.853125000  0.006193532
1421.857031250  0.006226162
1421.860937500  0.006217483
1421.864843750  0.006226507
1421.868750000  0.006239709
1421.872656250  0.006196977
1421.876562500  0.006270407
1421.880468750  0.006220168
1421.884375000  0.006309829
1421.888281250  0.006239584
1421.892187500  0.006277584
1421.896093750  0.006244556
1421.900000000  0.006219009
1421.903906250  0.006205647
1421.907812500  0.006245374
1421.911718750  0.006196453
1421.915625000  0.006293823
1421.919531250  0.006248716
1421.923437500  0.006216414
1421.927343750  0.006240469
1421.931250000  0.006216442
1421.935156250  0.006238595
1421.939062500  0.006207367
1421.942968750  0.006214561
1421.946875000  0.006266875
1421.950781250  0.006173532
1421.954687500  0.006209470
1421.958593750  0.006279698
1421.962500000  0.006262029
1421.966406250  0.006226948
1421.970312500  0.006176183
1421.974218750  0.006225040
1421.978125000  0.006213223
1421.982031250  0.006192875
1421.985937500  0.006269123
1421.989843750  0.006218507
1421.993750000  0.006228734
1421.997656250  0.006214789
1422.001562500  0.006210507
1422.005468750  0.006201112
1422.009375000  0.006136719
1422.013281250  0.006183271
1422.017187500  0.006237440
1422.021093750  0.006208582
1422.025000000  0.006154706
1422.028906250  0.006166650
1422.032812500  0.006174928
1422.036718750  0.006268883
1422.040625000  0.006213568
1422.044531250  0.006168128
1422.048437500  0.006192711
1422.052343750  0.006199397
1422.056250000  0.006284043
1422.060156250  0.006180049
1422.064062500  0.006232992
1422.067968750  0.006209212
1422.071875000  0.006163376
1422.075781250  0.006202589
1422.079687500  0.006254718
1422.083593750  0.006221550
1422.087500000  0.006253797
1422.091406250  0.006243770
1422.095312500  0.006228690
1422.099218750  0.006229443
1422.103125000  0.006260212
1422.107031250  0.006184287
1422.110937500  0.006262352
1422.114843750  0.006239175
1422.118750000  0.006165848
1422.122656250  0.006206668
1422.126562500  0.006246026
1422.130468750  0.006195277
1422.134375000  0.006161617
1422.138281250  0.006192707
1422.142187500  0.006139533
1422.146093750  0.006215903
1422.150000000  0.006255930
1422.153906250  0.006379680
1422.157812500  0.006185515
1422.161718750  0.006228872
1422.165625000  0.006249984
1422.169531250  0.006196455
1422.173437500  0.006204811
1422.177343750  0.006225762
1422.181250000  0.006207951
1422.185156250  0.006181786
1422.189062500  0.006194393
1422.192968750  0.006189883
1422.196875000  0.006191823
1422.200781250  0.006265771
1422.204687500  0.006156230
1422.208593750  0.006168302
1422.212500000  0.006244185
1422.216406250  0.006160988
1422.220312500  0.006210797
1422.224218750  0.006204381
1422.228125000  0.006229316
1422.232031250  0.006158683
1422.235937500  0.006163043
1422.239843750  0.006198551
1422.243750000  0.006190699
1422.247656250  0.006205161
1422.251562500  0.006229463
1422.255468750  0.006267155
1422.259375000  0.006219964
1422.263281250  0.006141125
1422.267187500  0.006139565
1422.271093750  0.006191733
1422.275000000  0.006194139
1422.278906250  0.006227372
1422.282812500  0.006204397
1422.286718750  0.006236149
1422.290625000  0.006205675
1422.294531250  0.006178279
1422.298437500  0.006177068
1422.302343750  0.006221347
1422.306250000  0.006209077
1422.310156250  0.006184962
1422.314062500  0.006161498
1422.317968750  0.006176816
1422.321875000  0.006195288
1422.325781250  0.006087113
1422.329687500  0.006190576
1422.333593750  0.006190324
1422.337500000  0.006187453
1422.341406250  0.006212167
1422.345312500  0.006336394
1422.349218750  0.006191175
1422.353125000  0.006249357
1422.357031250  0.006202553
1422.360937500  0.006208779
1422.364843750  0.006116293
1422.368750000  0.006203603
1422.372656250  0.006207857
1422.376562500  0.006142848
1422.380468750  0.006216699
1422.384375000  0.006193737
1422.388281250  0.006202159
1422.392187500  0.006330645
1422.396093750  0.006219989
1422.400000000  0.006235192
1422.403906250  0.006145232
1422.407812500  0.006196904
1422.411718750  0.006184974
1422.415625000  0.006143481
1422.419531250  0.006186878
1422.423437500  0.006171976
1422.427343750  0.006192711
1422.431250000  0.006215459
1422.435156250  0.006168860
1422.439062500  0.006203420
1422.442968750  0.006270037
1422.446875000  0.006115482
1422.450781250  0.006140505
1422.454687500  0.006142820
1422.458593750  0.006227031
1422.462500000  0.006148527
1422.466406250  0.006188637
1422.470312500  0.006158168
1422.474218750  0.006190994
1422.478125000  0.006184012
1422.482031250  0.006217921
1422.485937500  0.006222558
1422.489843750  0.006192494
1422.493750000  0.006189651
1422.497656250  0.006207301
1422.501562500  0.006204774
1422.505468750  0.006180462
1422.509375000  0.006264255
1422.513281250  0.006242047
1422.517187500  0.006165888
1422.521093750  0.006191959
1422.525000000  0.006220562
1422.528906250  0.006182272
1422.532812500  0.006251264
1422.536718750  0.006385804
1422.540625000  0.006210871
1422.544531250  0.006290997
1422.548437500  0.006214716
1422.552343750  0.006278453
1422.556250000  0.006236979
1422.560156250  0.006272920
1422.564062500  0.006345847
1422.567968750  0.006251291
1422.571875000  0.006278678
1422.575781250  0.006300749
1422.579687500  0.006260310
1422.583593750  0.006295138
1422.587500000  0.006284287
1422.591406250  0.006197317
1422.595312500  0.006258745
1422.599218750  0.006285424
1422.603125000  0.006278071
1422.607031250  0.006236568
1422.610937500  0.006264805
1422.614843750  0.006220149
1422.618750000  0.006228936
1422.622656250  0.006230060
1422.626562500  0.006254939
1422.630468750  0.006265598
1422.634375000  0.006247023
1422.638281250  0.006212734
1422.642187500  0.006277486
1422.646093750  0.006250272
1422.650000000  0.006253377
1422.653906250  0.006246468
1422.657812500  0.006299456
1422.661718750  0.006251542
1422.665625000  0.006263693
1422.669531250  0.006233428
1422.673437500  0.006297248
1422.677343750  0.006347715
1422.681250000  0.006287525
1422.685156250  0.006265655
1422.689062500  0.006258147
1422.692968750  0.006247102
1422.696875000  0.006298806
1422.700781250  0.006237363
1422.704687500  0.006262493
1422.708593750  0.006224107
1422.712500000  0.006207979
1422.716406250  0.006166525
1422.720312500  0.006229688
1422.724218750  0.006266178
1422.728125000  0.006136345
1422.732031250  0.006207816
1422.735937500  0.006209571
1422.739843750  0.006205677
1422.743750000  0.006288660
1422.747656250  0.006177710
1422.751562500  0.006277377
1422.755468750  0.006180269
1422.759375000  0.006193591
1422.763281250  0.006287975
1422.767187500  0.006229601
1422.771093750  0.006262127
1422.775000000  0.006115985
1422.778906250  0.006228716
1422.782812500  0.006192583
1422.786718750  0.006257857
1422.790625000  0.006225574
1422.794531250  0.006182232
1422.798437500  0.006247979
1422.802343750  0.006214019
1422.806250000  0.006175732
1422.810156250  0.006238114
1422.814062500  0.006252725
1422.817968750  0.006282974
1422.821875000  0.006219257
1422.825781250  0.006204940
1422.829687500  0.006190446
1422.833593750  0.006240937
1422.837500000  0.006231119
1422.841406250  0.006152963
1422.845312500  0.006194909
1422.849218750  0.006165440
1422.853125000  0.006192478
1422.857031250  0.006220097
1422.860937500  0.006192023
1422.864843750  0.006253217
1422.868750000  0.006150458
1422.872656250  0.006190601
1422.876562500  0.006208606
1422.880468750  0.006272420
1422.884375000  0.006141121
1422.888281250  0.006205340
1422.892187500  0.006180796
1422.896093750  0.006240624
1422.900000000  0.006228841
1422.903906250  0.006233080
1422.907812500  0.006200373
1422.911718750  0.006303260
1422.915625000  0.006243739
1422.919531250  0.006236400
1422.923437500  0.006252429
1422.927343750  0.006280298
1422.931250000  0.006227591
1422.935156250  0.006215561
1422.939062500  0.006251251
1422.942968750  0.006268741
1422.946875000  0.006213455
1422.950781250  0.006241919
1422.954687500  0.006264933
1422.958593750  0.006247186
1422.962500000  0.006180172
1422.966406250  0.006266897
1422.970312500  0.006210974
1422.974218750  0.006180180
1422.978125000  0.006247677
1422.982031250  0.006183973
1422.985937500  0.006208201
1422.989843750  0.006232837
1422.993750000  0.006214793
1422.997656250  0.006233218
1423.001562500  0.006289791
1423.005468750  0.006202427
1423.009375000  0.006312647
1423.013281250  0.006155316
1423.017187500  0.006189638
1423.021093750  0.006226761
1423.025000000  0.006244244
1423.028906250  0.006250639
1423.032812500  0.006243727
1423.036718750  0.006238182
1423.040625000  0.006278353
1423.044531250  0.006278891
1423.048437500  0.006261117
1423.052343750  0.006182424
1423.056250000  0.006309146
1423.060156250  0.006206974
1423.064062500  0.006262806
1423.067968750  0.006250764
1423.071875000  0.006231144
1423.075781250  0.006194477
1423.079687500  0.006247278
1423.083593750  0.006212681
1423.087500000  0.006240652
1423.091406250  0.006248680
1423.095312500  0.006253728
1423.099218750  0.006179195
1423.103125000  0.006310668
1423.107031250  0.006282347
1423.110937500  0.006280137
1423.114843750  0.006206854
1423.118750000  0.006206655
1423.122656250  0.006197983
1423.126562500  0.006258401
1423.130468750  0.006220894
1423.134375000  0.006270252
1423.138281250  0.006200078
1423.142187500  0.006266136
1423.146093750  0.006239006
1423.150000000  0.006215491
1423.153906250  0.006340246
1423.157812500  0.006240842
1423.161718750  0.006252213
1423.165625000  0.006284754
1423.169531250  0.006295320
1423.173437500  0.006269092
1423.177343750  0.006285012
1423.181250000  0.006243348
1423.185156250  0.006227403
1423.189062500  0.006288659
1423.192968750  0.006230047
1423.196875000  0.006216572
1423.200781250  0.006328752
1423.204687500  0.006247659
1423.208593750  0.006274684
1423.212500000  0.006305117
1423.216406250  0.006287021
1423.220312500  0.006267389
1423.224218750  0.006312745
1423.228125000  0.006298224
1423.232031250  0.006212023
1423.235937500  0.006299265
1423.239843750  0.006270833
1423.243750000  0.006256250
1423.247656250  0.006347721
1423.251562500  0.006325524
1423.255468750  0.006325546
1423.259375000  0.006283956
1423.263281250  0.006313170
1423.267187500  0.006309219
1423.271093750  0.006359082
1423.275000000  0.006332771
1423.278906250  0.006370470
1423.282812500  0.006269765
1423.286718750  0.006263334
1423.290625000  0.006315826
1423.294531250  0.006392925
1423.298437500  0.006357406
1423.302343750  0.006329458
1423.306250000  0.006278741
1423.310156250  0.006289928
1423.314062500  0.006284554
1423.317968750  0.006320289
1423.321875000  0.006301584
1423.325781250  0.006295904
1423.329687500  0.006301799
1423.333593750  0.006332689
1423.337500000  0.006348038
1423.341406250  0.006329932
1423.345312500  0.006343967
1423.349218750  0.006333229
1423.353125000  0.006288056
1423.357031250  0.006362504
1423.360937500  0.006403297
1423.364843750  0.006368327
1423.368750000  0.006402770
1423.372656250  0.006304672
1423.376562500  0.006388427
1423.380468750  0.006339165
1423.384375000  0.006422126
1423.388281250  0.006385473
1423.392187500  0.006410248
1423.396093750  0.006414717
1423.400000000  0.006324593
1423.403906250  0.006405082
1423.407812500  0.006366603
1423.411718750  0.006373690
1423.415625000  0.006340664
1423.419531250  0.006286835
1423.423437500  0.006383016
1423.427343750  0.006363201
1423.431250000  0.006387013
1423.435156250  0.006447106
1423.439062500  0.006413140
1423.442968750  0.006414451
1423.446875000  0.006379948
1423.450781250  0.006389144
1423.454687500  0.006385942
1423.458593750  0.006444150
1423.462500000  0.006361109
1423.466406250  0.006418992
1423.470312500  0.006381219
1423.474218750  0.006408752
1423.478125000  0.006480023
1423.482031250  0.006344651
1423.485937500  0.006516712
1423.489843750  0.006443674
1423.493750000  0.006414010
1423.497656250  0.006475116
1423.501562500  0.006452286
1423.505468750  0.006404256
1423.509375000  0.006496617
1423.513281250  0.006385293
1423.517187500  0.006450168
1423.521093750  0.006383874
1423.525000000  0.006387269
1423.528906250  0.006429518
1423.532812500  0.006494071
1423.536718750  0.006433736
1423.540625000  0.006439770
1423.544531250  0.006461544
1423.548437500  0.006461756
1423.552343750  0.006466574
1423.556250000  0.006441472
1423.560156250  0.006426302
1423.564062500  0.006467667
1423.567968750  0.006449626
1423.571875000  0.006486500
1423.575781250  0.006505114
1423.579687500  0.006482103
1423.583593750  0.006437548
1423.587500000  0.006507702
1423.591406250  0.006475389
1423.595312500  0.006521532
1423.599218750  0.006467136
1423.603125000  0.006513629
1423.607031250  0.006548810
1423.610937500  0.006522618
1423.614843750  0.006547569
1423.618750000  0.006505612
1423.622656250  0.006494130
1423.626562500  0.006611285
1423.630468750  0.006514387
1423.634375000  0.006462188
1423.638281250  0.006489239
1423.642187500  0.006553266
1423.646093750  0.006591477
1423.650000000  0.006524321
1423.653906250  0.006537379
1423.657812500  0.006544127
1423.661718750  0.006638407
1423.665625000  0.006500429
1423.669531250  0.006555003
1423.673437500  0.006551353
1423.677343750  0.006633179
1423.681250000  0.006588760
1423.685156250  0.006501400
1423.689062500  0.006506321
1423.692968750  0.006608494
1423.696875000  0.006580592
1423.700781250  0.006512211
1423.704687500  0.006562092
1423.708593750  0.006559300
1423.712500000  0.006582516
1423.716406250  0.006631788
1423.720312500  0.006676220
1423.724218750  0.006707870
1423.728125000  0.006599545
1423.732031250  0.006578193
1423.735937500  0.006566846
1423.739843750  0.006605425
1423.743750000  0.006565285
1423.747656250  0.006631445
1423.751562500  0.006570288
1423.755468750  0.006586488
1423.759375000  0.006625024
1423.763281250  0.006621574
1423.767187500  0.006625239
1423.771093750  0.006753655
1423.775000000  0.006640527
1423.778906250  0.006612119
1423.782812500  0.006612036
1423.786718750  0.006683690
1423.790625000  0.006628054
1423.794531250  0.006647917
1423.798437500  0.006638823
1423.802343750  0.006655416
1423.806250000  0.006631956
1423.810156250  0.006712453
1423.814062500  0.006684319
1423.817968750  0.006761895
1423.821875000  0.006698726
1423.825781250  0.006751706
1423.829687500  0.006728405
1423.833593750  0.006650001
1423.837500000  0.006680713
1423.841406250  0.006720132
1423.845312500  0.006753167
1423.849218750  0.006716347
1423.853125000  0.006642742
1423.857031250  0.006656369
1423.860937500  0.006747588
1423.864843750  0.006790901
1423.868750000  0.006816846
1423.872656250  0.006737905
1423.876562500  0.006746880
1423.880468750  0.006728080
1423.884375000  0.006715021
1423.888281250  0.006722691
1423.892187500  0.006757556
1423.896093750  0.006791816
1423.900000000  0.006754568
1423.903906250  0.006786723
1423.907812500  0.006774271
1423.911718750  0.006778493
1423.915625000  0.006796220
1423.919531250  0.006721898
1423.923437500  0.006811512
1423.927343750  0.006751846
1423.931250000  0.006823163
1423.935156250  0.006847568
1423.939062500  0.006773435
1423.942968750  0.006775934
1423.946875000  0.006833943
1423.950781250  0.006830582
1423.954687500  0.006804258
1423.958593750  0.006835018
1423.962500000  0.006885119
1423.966406250  0.006823776
1423.970312500  0.006837863
1423.974218750  0.006874486
1423.978125000  0.006903938
1423.982031250  0.006939642
1423.985937500  0.008109798
1423.989843750  0.007569569
1423.993750000  0.007012941
1423.997656250  0.007043946
1424.001562500  0.007379902
1424.005468750  0.006853965
1424.009375000  0.007080664
1424.013281250  0.006862057
1424.017187500  0.006876413
1424.021093750  0.006834912
1424.025000000  0.006913615
1424.028906250  0.006959096
1424.032812500  0.006899248
1424.036718750  0.006906209
1424.040625000  0.006930519
1424.044531250  0.006991863
1424.048437500  0.006894076
1424.052343750  0.006943817
1424.056250000  0.007054067
1424.060156250  0.006896541
1424.064062500  0.006920878
1424.067968750  0.006903477
1424.071875000  0.006942198
1424.075781250  0.006864343
1424.079687500  0.006944352
1424.083593750  0.006955312
1424.087500000  0.006924266
1424.091406250  0.006896111
1424.095312500  0.006958819
1424.099218750  0.006978656
1424.103125000  0.007006145
1424.107031250  0.006939763
1424.110937500  0.006955407
1424.114843750  0.007012055
1424.118750000  0.007048402
1424.122656250  0.006854168
1424.126562500  0.007003437
1424.130468750  0.007051657
1424.134375000  0.006925207
1424.138281250  0.006927480
1424.142187500  0.007016361
1424.146093750  0.007009722
1424.150000000  0.007125366
1424.153906250  0.007171975
1424.157812500  0.006961398
1424.161718750  0.007036536
1424.165625000  0.007043763
1424.169531250  0.006991754
1424.173437500  0.006993991
1424.177343750  0.007036763
1424.181250000  0.006975919
1424.185156250  0.006992814
1424.189062500  0.007030273
1424.192968750  0.006995649
1424.196875000  0.007115519
1424.200781250  0.007303937
1424.204687500  0.007075046
1424.208593750  0.007125131
1424.212500000  0.007011195
1424.216406250  0.007041960
1424.220312500  0.007082480
1424.224218750  0.007118283
1424.228125000  0.007082533
1424.232031250  0.007072441
1424.235937500  0.007099113
1424.239843750  0.007087620
1424.243750000  0.007103254
1424.247656250  0.007226193
1424.251562500  0.007092312
1424.255468750  0.007066787
1424.259375000  0.007043875
1424.263281250  0.007143638
1424.267187500  0.007075161
1424.271093750  0.007076992
1424.275000000  0.007100321
1424.278906250  0.007047427
1424.282812500  0.007074672
1424.286718750  0.006997307
1424.290625000  0.007083396
1424.294531250  0.007200037
1424.298437500  0.007087941
1424.302343750  0.007059442
1424.306250000  0.007045986
1424.310156250  0.007114327
1424.314062500  0.007081529
1424.317968750  0.007193976
1424.321875000  0.007090842
1424.325781250  0.007070074
1424.329687500  0.007137133
1424.333593750  0.006980529
1424.337500000  0.007051905
1424.341406250  0.007164448
1424.345312500  0.007138611
1424.349218750  0.007039477
1424.353125000  0.007024740
1424.357031250  0.007084362
1424.360937500  0.007079383
1424.364843750  0.007017072
1424.368750000  0.007113665
1424.372656250  0.007325483
1424.376562500  0.007123961
1424.380468750  0.007101542
1424.384375000  0.007115285
1424.388281250  0.007105710
1424.392187500  0.007193437
1424.396093750  0.007130416

